##YUNITS=Abs
399.282035 0.241297 
400.246484 0.216902 
401.210934 0.174009 
402.175383 0.154323 
403.139832 0.148041 
404.104282 0.141560 
405.068731 0.142548 
406.033181 0.139167 
406.997630 0.139414 
407.962079 0.143356 
408.926529 0.143268 
409.890978 0.140209 
410.855427 0.131842 
411.819877 0.123126 
412.784326 0.120627 
413.748775 0.124046 
414.713225 0.125925 
415.677674 0.126090 
416.642124 0.134880 
417.606573 0.163120 
418.571022 0.197626 
419.535472 0.158625 
420.499921 0.122318 
421.464370 0.117021 
422.428820 0.130022 
423.393269 0.130747 
424.357718 0.120538 
425.322168 0.123790 
426.286617 0.112206 
427.251066 0.100672 
428.215516 0.097994 
429.179965 0.100717 
430.144415 0.104210 
431.108864 0.106475 
432.073313 0.102284 
433.037763 0.097556 
434.002212 0.101023 
434.966661 0.106212 
435.931111 0.111702 
436.895560 0.109916 
437.860009 0.101076 
438.824459 0.097740 
439.788908 0.090431 
440.753358 0.087695 
441.717807 0.093095 
442.682256 0.099252 
443.646706 0.103203 
444.611155 0.099408 
445.575604 0.096496 
446.540054 0.103344 
447.504503 0.100408 
448.468952 0.093022 
449.433402 0.091794 
450.397851 0.092207 
451.362300 0.093565 
452.326750 0.099947 
453.291199 0.101449 
454.255649 0.090090 
455.220098 0.085725 
456.184547 0.087816 
457.148997 0.096962 
458.113446 0.096520 
459.077895 0.083360 
460.042345 0.081233 
461.006794 0.088735 
461.971243 0.089148 
462.935693 0.081381 
463.900142 0.077826 
464.864592 0.074584 
465.829041 0.074147 
466.793490 0.079172 
467.757940 0.092575 
468.722389 0.092375 
469.686838 0.081937 
470.651288 0.079706 
471.615737 0.086212 
472.580186 0.093967 
473.544636 0.081128 
474.509085 0.075702 
475.473534 0.078480 
476.437984 0.081876 
477.402433 0.078743 
478.366883 0.074737 
479.331332 0.072435 
480.295781 0.073527 
481.260231 0.074508 
482.224680 0.072511 
483.189129 0.073134 
484.153579 0.073405 
485.118028 0.071744 
486.082477 0.072493 
487.046927 0.067596 
488.011376 0.063299 
488.975826 0.062814 
489.940275 0.062383 
490.904724 0.067111 
491.869174 0.072719 
492.833623 0.063564 
493.798072 0.057645 
494.762522 0.056072 
495.726971 0.055002 
496.691420 0.054912 
497.655870 0.054745 
498.620319 0.053579 
499.584768 0.052875 
500.549218 0.054235 
501.513667 0.061380 
502.478117 0.064561 
503.442566 0.057177 
504.407015 0.055459 
505.371465 0.053331 
506.335914 0.054481 
507.300363 0.054905 
508.264813 0.050970 
509.229262 0.050304 
510.193711 0.053756 
511.158161 0.052701 
512.122610 0.049058 
513.087060 0.048800 
514.051509 0.050744 
515.015958 0.051379 
515.980408 0.053753 
516.944857 0.061012 
517.909306 0.058953 
518.873756 0.057931 
519.838205 0.058921 
520.802654 0.051724 
521.767104 0.048319 
522.731553 0.047790 
523.696002 0.048194 
524.660452 0.050100 
525.624901 0.055724 
526.589351 0.055261 
527.553800 0.050463 
528.518249 0.050476 
529.482699 0.051418 
530.447148 0.051715 
531.411597 0.051796 
532.376047 0.052492 
533.340496 0.052983 
534.304945 0.053927 
535.269395 0.052237 
536.233844 0.050845 
537.198294 0.050226 
538.162743 0.048747 
539.127192 0.047617 
540.091642 0.047239 
541.056091 0.046683 
542.020540 0.046919 
542.984990 0.046702 
543.949439 0.047023 
544.913888 0.047943 
545.878338 0.048763 
546.842787 0.048560 
547.807236 0.048987 
548.771686 0.047911 
549.736135 0.050880 
550.700585 0.050519 
551.665034 0.046696 
552.629483 0.045115 
553.593933 0.044578 
554.558382 0.045013 
555.522831 0.044801 
556.487281 0.045210 
557.451730 0.045745 
558.416179 0.045883 
559.380629 0.046024 
560.345078 0.046276 
561.309528 0.046180 
562.273977 0.046167 
563.238426 0.046516 
564.202876 0.047211 
565.167325 0.047459 
566.131774 0.048054 
567.096224 0.049193 
568.060673 0.048901 
569.025122 0.049839 
569.989572 0.049528 
570.954021 0.049352 
571.918470 0.049172 
572.882920 0.047537 
573.847369 0.046926 
574.811819 0.047889 
575.776268 0.053143 
576.740717 0.051605 
577.705167 0.046129 
578.669616 0.045183 
579.634065 0.047653 
580.598515 0.051975 
581.562964 0.048642 
582.527413 0.045124 
583.491863 0.045349 
584.456312 0.047635 
585.420762 0.046452 
586.385211 0.044087 
587.349660 0.044866 
588.314110 0.045599 
589.278559 0.045082 
590.243008 0.044974 
591.207458 0.049352 
592.171907 0.050922 
593.136356 0.045634 
594.100806 0.044764 
595.065255 0.045374 
596.029704 0.044595 
596.994154 0.044246 
597.958603 0.044623 
598.923053 0.046104 
599.887502 0.050178 
600.851951 0.048443 
601.816401 0.044997 
602.780850 0.044897 
603.745299 0.045378 
604.709749 0.045716 
605.674198 0.045087 
606.638647 0.044945 
607.603097 0.045106 
608.567546 0.045279 
609.531996 0.045333 
610.496445 0.045538 
611.460894 0.045751 
612.425344 0.046004 
613.389793 0.046444 
614.354242 0.046828 
615.318692 0.048018 
616.283141 0.049812 
617.247590 0.050663 
618.212040 0.050292 
619.176489 0.049960 
620.140938 0.051910 
621.105388 0.052576 
622.069837 0.051792 
623.034287 0.052230 
623.998736 0.053910 
624.963185 0.057075 
625.927635 0.057741 
626.892084 0.056348 
627.856533 0.056367 
628.820983 0.056924 
629.785432 0.057392 
630.749881 0.057456 
631.714331 0.056887 
632.678780 0.055607 
633.643230 0.052953 
634.607679 0.052152 
635.572128 0.053003 
636.536578 0.049427 
637.501027 0.047327 
638.465476 0.046591 
639.429926 0.047876 
640.394375 0.047925 
641.358824 0.046491 
642.323274 0.047011 
643.287723 0.047036 
644.252172 0.046178 
645.216622 0.046493 
646.181071 0.046486 
647.145521 0.045841 
648.109970 0.046510 
649.074419 0.047119 
650.038869 0.045943 
651.003318 0.046551 
651.967767 0.047473 
652.932217 0.046520 
653.896666 0.045998 
654.861115 0.045363 
655.825565 0.045571 
656.790014 0.046429 
657.754464 0.045785 
658.718913 0.047146 
659.683362 0.048218 
660.647812 0.046908 
661.612261 0.046609 
662.576710 0.046785 
663.541160 0.047194 
664.505609 0.047648 
665.470058 0.047544 
666.434508 0.046057 
667.398957 0.045329 
668.363406 0.069028 
669.327856 0.064679 
670.292305 0.055377 
671.256755 0.051016 
672.221204 0.049511 
673.185653 0.049053 
674.150103 0.050068 
675.114552 0.050403 
676.079001 0.050704 
677.043451 0.050286 
678.007900 0.050634 
678.972349 0.051330 
679.936799 0.052174 
680.901248 0.053277 
681.865698 0.054287 
682.830147 0.054951 
683.794596 0.055078 
684.759046 0.055773 
685.723495 0.056261 
686.687944 0.057868 
687.652394 0.060939 
688.616843 0.064830 
689.581292 0.066272 
690.545742 0.066227 
691.510191 0.066797 
692.474640 0.068115 
693.439090 0.069529 
694.403539 0.070086 
695.367989 0.070102 
696.332438 0.070952 
697.296887 0.072613 
698.261337 0.073423 
699.225786 0.073144 
700.190235 0.073723 
701.154685 0.074846 
702.119134 0.076167 
703.083583 0.077888 
704.048033 0.079867 
705.012482 0.081874 
705.976932 0.082999 
706.941381 0.083656 
707.905830 0.085157 
708.870280 0.086833 
709.834729 0.089034 
710.799178 0.091377 
711.763628 0.094109 
712.728077 0.097498 
713.692526 0.101628 
714.656976 0.105340 
715.621425 0.109214 
716.585874 0.113862 
717.550324 0.119751 
718.514773 0.126944 
719.479223 0.135616 
720.443672 0.144734 
721.408121 0.152438 
722.372571 0.161193 
723.337020 0.172361 
724.301469 0.185137 
725.265919 0.199662 
726.230368 0.215875 
727.194817 0.234049 
728.159267 0.254239 
729.123716 0.277125 
730.088166 0.302749 
731.052615 0.332029 
732.017064 0.365966 
732.981514 0.405550 
733.945963 0.452324 
734.910412 0.507895 
735.874862 0.572291 
736.839311 0.647116 
737.803760 0.733180 
738.768210 0.829029 
739.732659 0.933549 
740.697108 1.044579 
741.661558 1.155803 
742.626007 1.263660 
743.590457 1.357178 
744.554906 1.428639 
745.519355 1.476700 
746.483805 1.507020 
747.448254 1.525721 
748.412703 1.540089 
749.377153 1.549669 
750.341602 1.557833 
751.306051 1.563114 
752.270501 1.567078 
753.234950 1.568666 
754.199400 1.573873 
755.163849 1.576218 
756.128298 1.575767 
757.092748 1.579159 
758.057197 1.588159 
759.021646 1.591588 
759.986096 1.591984 
760.950545 1.586112 
761.914994 1.581920 
762.879444 1.580247 
763.843893 1.581865 
764.808342 1.578514 
765.772792 1.570419 
766.737241 1.563383 
767.701691 1.563662 
768.666140 1.565804 
769.630589 1.564851 
770.595039 1.552708 
771.559488 1.552925 
772.523937 1.565401 
773.488387 1.569556 
774.452836 1.560618 
775.417285 1.563605 
776.381735 1.564102 
777.346184 1.565487 
778.310634 1.567665 
779.275083 1.572016 
780.239532 1.574530 
781.203982 1.578711 
782.168431 1.577027 
783.132880 1.573004 
784.097330 1.563858 
785.061779 1.563069 
786.026228 1.561693 
786.990678 1.564273 
787.955127 1.577631 
788.919576 1.604173 
789.884026 1.636956 
790.848475 1.688514 
791.812925 1.745902 
792.777374 1.811705 
793.741823 1.859494 
794.706273 1.877588 
795.670722 1.861469 
796.635171 1.824838 
797.599621 1.766723 
798.564070 1.696740 
799.528519 1.632154 
800.492969 1.593268 
801.457418 1.559149 
802.421868 1.527108 
803.386317 1.482250 
804.350766 1.412981 
805.315216 1.308239 
806.279665 1.176920 
807.244114 1.038027 
808.208564 0.913423 
809.173013 0.806790 
810.137462 0.714487 
811.101912 0.630295 
812.066361 0.553593 
813.030810 0.486862 
813.995260 0.432589 
814.959709 0.390101 
815.924159 0.357669 
816.888608 0.332549 
817.853057 0.311382 
818.817507 0.291563 
819.781956 0.272422 
820.746405 0.253482 
821.710855 0.234801 
822.675304 0.216454 
823.639753 0.198814 
824.604203 0.182707 
825.568652 0.168584 
826.533102 0.156277 
827.497551 0.145862 
828.462000 0.137525 
829.426450 0.131106 
830.390899 0.126198 
831.355348 0.122541 
832.319798 0.119703 
833.284247 0.117505 
834.248696 0.115827 
835.213146 0.114273 
836.177595 0.112590 
837.142044 0.110905 
838.106494 0.109156 
839.070943 0.107389 
840.035393 0.105382 
840.999842 0.103039 
841.964291 0.100818 
842.928741 0.098828 
843.893190 0.096415 
844.857639 0.093397 
845.822089 0.090194 
846.786538 0.087197 
847.750987 0.084377 
848.715437 0.081756 
849.679886 0.079223 
850.644336 0.076791 
851.608785 0.074573 
852.573234 0.072572 
853.537684 0.070660 
854.502133 0.068876 
855.466582 0.067064 
856.431032 0.065390 
857.395481 0.064086 
858.359930 0.063002 
859.324380 0.062214 
860.288829 0.061608 
861.253278 0.061083 
862.217728 0.060612 
863.182177 0.060270 
864.146627 0.060107 
865.111076 0.060072 
866.075525 0.060086 
867.039975 0.060210 
868.004424 0.060434 
868.968873 0.060720 
869.933323 0.060942 
870.897772 0.060891 
871.862221 0.060783 
872.826671 0.060892 
873.791120 0.061153 
874.755570 0.061319 
875.720019 0.061504 
876.684468 0.061616 
877.648918 0.061578 
878.613367 0.061411 
879.577816 0.061246 
880.542266 0.061092 
881.506715 0.060852 
882.471164 0.060729 
883.435614 0.060580 
884.400063 0.060355 
885.364512 0.060035 
886.328962 0.059695 
887.293411 0.059552 
888.257861 0.059323 
889.222310 0.058945 
890.186759 0.058525 
891.151209 0.058145 
892.115658 0.057767 
893.080107 0.057423 
894.044557 0.057079 
895.009006 0.056734 
895.973455 0.056434 
896.937905 0.056165 
897.902354 0.056030 
898.866804 0.055839 
899.831253 0.055763 
900.795702 0.055801 
901.760152 0.055832 
902.724601 0.056029 
903.689050 0.056204 
904.653500 0.056082 
905.617949 0.055836 
906.582398 0.055564 
907.546848 0.055258 
908.511297 0.054921 
909.475746 0.054457 
910.440196 0.054040 
911.404645 0.053861 
912.369095 0.054036 
913.333544 0.054348 
914.297993 0.054714 
915.262443 0.055301 
916.226892 0.056119 
917.191341 0.057050 
918.155791 0.057700 
919.120240 0.057856 
920.084689 0.057457 
921.049139 0.056604 
922.013588 0.055564 
922.978038 0.054340 
923.942487 0.053088 
924.906936 0.052100 
925.871386 0.051469 
926.835835 0.051194 
927.800284 0.051302 
928.764734 0.051604 
929.729183 0.052174 
930.693632 0.052859 
931.658082 0.053433 
932.622531 0.054193 
933.586980 0.054905 
934.551430 0.054385 
935.515879 0.053011 
936.480329 0.052207 
937.444778 0.051958 
938.409227 0.051832 
939.373677 0.051716 
940.338126 0.051700 
941.302575 0.051800 
942.267025 0.052017 
943.231474 0.052249 
944.195923 0.052453 
945.160373 0.052642 
946.124822 0.052867 
947.089272 0.053151 
948.053721 0.053510 
949.018170 0.053939 
949.982620 0.054370 
950.947069 0.054855 
951.911518 0.055371 
952.875968 0.055936 
953.840417 0.056541 
954.804866 0.057252 
955.769316 0.058091 
956.733765 0.058854 
957.698214 0.059665 
958.662664 0.060715 
959.627113 0.061792 
960.591563 0.062832 
961.556012 0.063933 
962.520461 0.065144 
963.484911 0.066364 
964.449360 0.067728 
965.413809 0.069124 
966.378259 0.070572 
967.342708 0.072129 
968.307157 0.073816 
969.271607 0.075532 
970.236056 0.077200 
971.200506 0.078810 
972.164955 0.080365 
973.129404 0.081961 
974.093854 0.083420 
975.058303 0.084587 
976.022752 0.085536 
976.987202 0.086306 
977.951651 0.086821 
978.916100 0.086988 
979.880550 0.086823 
980.844999 0.086441 
981.809448 0.085904 
982.773898 0.085129 
983.738347 0.084071 
984.702797 0.082952 
985.667246 0.082018 
986.631695 0.081103 
987.596145 0.080119 
988.560594 0.079244 
989.525043 0.078643 
990.489493 0.078357 
991.453942 0.078180 
992.418391 0.078071 
993.382841 0.078335 
994.347290 0.078996 
995.311740 0.079859 
996.276189 0.080745 
997.240638 0.081763 
998.205088 0.083101 
999.169537 0.084502 
1000.133986 0.085715 
1001.098436 0.086818 
1002.062885 0.088013 
1003.027334 0.089130 
1003.991784 0.089867 
1004.956233 0.090265 
1005.920682 0.090362 
1006.885132 0.090222 
1007.849581 0.089866 
1008.814031 0.089079 
1009.778480 0.087901 
1010.742929 0.086655 
1011.707379 0.085322 
1012.671828 0.083821 
1013.636277 0.082190 
1014.600727 0.080432 
1015.565176 0.078462 
1016.529625 0.076246 
1017.494075 0.073897 
1018.458524 0.071567 
1019.422974 0.069340 
1020.387423 0.067252 
1021.351872 0.065220 
1022.316322 0.063325 
1023.280771 0.061762 
1024.245220 0.060557 
1025.209670 0.059528 
1026.174119 0.058493 
1027.138568 0.057612 
1028.103018 0.057054 
1029.067467 0.056603 
1030.031916 0.056125 
1030.996366 0.055747 
1031.960815 0.055574 
1032.925265 0.055569 
1033.889714 0.055501 
1034.854163 0.055318 
1035.818613 0.055256 
1036.783062 0.055233 
1037.747511 0.055333 
1038.711961 0.055481 
1039.676410 0.055513 
1040.640859 0.055523 
1041.605309 0.055572 
1042.569758 0.055589 
1043.534208 0.055571 
1044.498657 0.055569 
1045.463106 0.055605 
1046.427556 0.055715 
1047.392005 0.055787 
1048.356454 0.055902 
1049.320904 0.056177 
1050.285353 0.056430 
1051.249802 0.056606 
1052.214252 0.056846 
1053.178701 0.057241 
1054.143150 0.057674 
1055.107600 0.058101 
1056.072049 0.058570 
1057.036499 0.059056 
1058.000948 0.059511 
1058.965397 0.059950 
1059.929847 0.060434 
1060.894296 0.060917 
1061.858745 0.061293 
1062.823195 0.061615 
1063.787644 0.061947 
1064.752093 0.062235 
1065.716543 0.062601 
1066.680992 0.062762 
1067.645442 0.062600 
1068.609891 0.062540 
1069.574340 0.062497 
1070.538790 0.062301 
1071.503239 0.062026 
1072.467688 0.061789 
1073.432138 0.061517 
1074.396587 0.061214 
1075.361036 0.060772 
1076.325486 0.060471 
1077.289935 0.060375 
1078.254384 0.060347 
1079.218834 0.060268 
1080.183283 0.060111 
1081.147733 0.059832 
1082.112182 0.059221 
1083.076631 0.058375 
1084.041081 0.057546 
1085.005530 0.056887 
1085.969979 0.056297 
1086.934429 0.055792 
1087.898878 0.055356 
1088.863327 0.055058 
1089.827777 0.054836 
1090.792226 0.054701 
1091.756676 0.054455 
1092.721125 0.054167 
1093.685574 0.054040 
1094.650024 0.053988 
1095.614473 0.053943 
1096.578922 0.053914 
1097.543372 0.053918 
1098.507821 0.054099 
1099.472270 0.054245 
1100.436720 0.054306 
1101.401169 0.054358 
1102.365618 0.054540 
1103.330068 0.054734 
1104.294517 0.054860 
1105.258967 0.055037 
1106.223416 0.055287 
1107.187865 0.055418 
1108.152315 0.055377 
1109.116764 0.055363 
1110.081213 0.055435 
1111.045663 0.055606 
1112.010112 0.055597 
1112.974561 0.055333 
1113.939011 0.055045 
1114.903460 0.054789 
1115.867910 0.054467 
1116.832359 0.053980 
1117.796808 0.053416 
1118.761258 0.052979 
1119.725707 0.052629 
1120.690156 0.052255 
1121.654606 0.051815 
1122.619055 0.051398 
1123.583504 0.051224 
1124.547954 0.051079 
1125.512403 0.050867 
1126.476852 0.050771 
1127.441302 0.050866 
1128.405751 0.051030 
1129.370201 0.051116 
1130.334650 0.051001 
1131.299099 0.050933 
1132.263549 0.051037 
1133.227998 0.051137 
1134.192447 0.051215 
1135.156897 0.051571 
1136.121346 0.051864 
1137.085795 0.051864 
1138.050245 0.051936 
1139.014694 0.052012 
1139.979144 0.052162 
1140.943593 0.052276 
1141.908042 0.052217 
1142.872492 0.052169 
1143.836941 0.052225 
1144.801390 0.052392 
1145.765840 0.052551 
1146.730289 0.052651 
1147.694738 0.052736 
1148.659188 0.052977 
1149.623637 0.053188 
1150.588086 0.053175 
1151.552536 0.053144 
1152.516985 0.053055 
1153.481435 0.052850 
1154.445884 0.052723 
1155.410333 0.052718 
1156.374783 0.052832 
1157.339232 0.052958 
1158.303681 0.053095 
1159.268131 0.053374 
1160.232580 0.053739 
1161.197029 0.054170 
1162.161479 0.054630 
1163.125928 0.054980 
1164.090378 0.054917 
1165.054827 0.054464 
1166.019276 0.054204 
1166.983726 0.054293 
1167.948175 0.054485 
1168.912624 0.054631 
1169.877074 0.054756 
1170.841523 0.054887 
1171.805972 0.055017 
1172.770422 0.055138 
1173.734871 0.055624 
1174.699320 0.055939 
1175.663770 0.055542 
1176.628219 0.055518 
1177.592669 0.055874 
1178.557118 0.056292 
1179.521567 0.056740 
1180.486017 0.057043 
1181.450466 0.057077 
1182.414915 0.057021 
1183.379365 0.057075 
1184.343814 0.057350 
1185.308263 0.057731 
1186.272713 0.058485 
1187.237162 0.059201 
1188.201612 0.059263 
1189.166061 0.059616 
1190.130510 0.060212 
1191.094960 0.060764 
1192.059409 0.061285 
1193.023858 0.061930 
1193.988308 0.062680 
1194.952757 0.063430 
1195.917206 0.064090 
1196.881656 0.064872 
1197.846105 0.065880 
1198.810554 0.066682 
1199.775004 0.067225 
1200.739453 0.067955 
1201.703903 0.068878 
1202.668352 0.069835 
1203.632801 0.070734 
1204.597251 0.071540 
1205.561700 0.072431 
1206.526149 0.073313 
1207.490599 0.074205 
1208.455048 0.075074 
1209.419497 0.075988 
1210.383947 0.076961 
1211.348396 0.078192 
1212.312846 0.079340 
1213.277295 0.079425 
1214.241744 0.079618 
1215.206194 0.080134 
1216.170643 0.080535 
1217.135092 0.080732 
1218.099542 0.080933 
1219.063991 0.080854 
1220.028440 0.080388 
1220.992890 0.079893 
1221.957339 0.079475 
1222.921788 0.079136 
1223.886238 0.078858 
1224.850687 0.078875 
1225.815137 0.078149 
1226.779586 0.076917 
1227.744035 0.076225 
1228.708485 0.075844 
1229.672934 0.075732 
1230.637383 0.075821 
1231.601833 0.076136 
1232.566282 0.076568 
1233.530731 0.077167 
1234.495181 0.077908 
1235.459630 0.078806 
1236.424080 0.079788 
1237.388529 0.080842 
1238.352978 0.082076 
1239.317428 0.083316 
1240.281877 0.084258 
1241.246326 0.085073 
1242.210776 0.085939 
1243.175225 0.086980 
1244.139674 0.087937 
1245.104124 0.088274 
1246.068573 0.088503 
1247.033022 0.088960 
1247.997472 0.089312 
1248.961921 0.089521 
1249.926371 0.089560 
1250.890820 0.089676 
1251.855269 0.089781 
1252.819719 0.089731 
1253.784168 0.089500 
1254.748617 0.089154 
1255.713067 0.088656 
1256.677516 0.087940 
1257.641965 0.087069 
1258.606415 0.085971 
1259.570864 0.085148 
1260.535314 0.084039 
1261.499763 0.080764 
1262.464212 0.077757 
1263.428662 0.075446 
1264.393111 0.073122 
1265.357560 0.071200 
1266.322010 0.069879 
1267.286459 0.067984 
1268.250908 0.066726 
1269.215358 0.066241 
1270.179807 0.065534 
1271.144256 0.064242 
1272.108706 0.063642 
1273.073155 0.061758 
1274.037605 0.060279 
1275.002054 0.059492 
1275.966503 0.058966 
1276.930953 0.058450 
1277.895402 0.057940 
1278.859851 0.057677 
1279.824301 0.058024 
1280.788750 0.057612 
1281.753199 0.056672 
1282.717649 0.056095 
1283.682098 0.055892 
1284.646548 0.055892 
1285.610997 0.055840 
1286.575446 0.056991 
1287.539896 0.059453 
1288.504345 0.059123 
1289.468794 0.057064 
1290.433244 0.056883 
1291.397693 0.056002 
1292.362142 0.054917 
1293.326592 0.054710 
1294.291041 0.054474 
1295.255490 0.054548 
1296.219940 0.055607 
1297.184389 0.055535 
1298.148839 0.054039 
1299.113288 0.053564 
1300.077737 0.053295 
1301.042187 0.053256 
1302.006636 0.053107 
1302.971085 0.052990 
1303.935535 0.052718 
1304.899984 0.052938 
1305.864433 0.052962 
1306.828883 0.053194 
1307.793332 0.054380 
1308.757782 0.054413 
1309.722231 0.052945 
1310.686680 0.052972 
1311.651130 0.055408 
1312.615579 0.059844 
1313.580028 0.059140 
1314.544478 0.058136 
1315.508927 0.056568 
1316.473376 0.058227 
1317.437826 0.059596 
1318.402275 0.059499 
1319.366724 0.060632 
1320.331174 0.058424 
1321.295623 0.056505 
1322.260073 0.054914 
1323.224522 0.055558 
1324.188971 0.055195 
1325.153421 0.054648 
1326.117870 0.054585 
1327.082319 0.054749 
1328.046769 0.054775 
1329.011218 0.055074 
1329.975667 0.055445 
1330.940117 0.054895 
1331.904566 0.054352 
1332.869016 0.054356 
1333.833465 0.054342 
1334.797914 0.054513 
1335.762364 0.057423 
1336.726813 0.062552 
1337.691262 0.064185 
1338.655712 0.071637 
1339.620161 0.078298 
1340.584610 0.072492 
1341.549060 0.059390 
1342.513509 0.054503 
1343.477958 0.054621 
1344.442408 0.054685 
1345.406857 0.054494 
1346.371307 0.054338 
1347.335756 0.054185 
1348.300205 0.054624 
1349.264655 0.055369 
1350.229104 0.054753 
1351.193553 0.054192 
1352.158003 0.054286 
1353.122452 0.054216 
1354.086901 0.056129 
1355.051351 0.058311 
1356.015800 0.055413 
1356.980250 0.054545 
1357.944699 0.056086 
1358.909148 0.055295 
1359.873598 0.055334 
1360.838047 0.061064 
1361.802496 0.064585 
1362.766946 0.070477 
1363.731395 0.066801 
1364.695844 0.055938 
1365.660294 0.053559 
1366.624743 0.053366 
1367.589192 0.055344 
1368.553642 0.059347 
1369.518091 0.058312 
1370.482541 0.055101 
1371.446990 0.055529 
1372.411439 0.057433 
1373.375889 0.062558 
1374.340338 0.065680 
1375.304787 0.061226 
1376.269237 0.056318 
1377.233686 0.057077 
1378.198135 0.060367 
1379.162585 0.059374 
1380.127034 0.057450 
1381.091484 0.055386 
1382.055933 0.055462 
1383.020382 0.055227 
1383.984832 0.054997 
1384.949281 0.055388 
1385.913730 0.059860 
1386.878180 0.067245 
1387.842629 0.066164 
1388.807078 0.057486 
1389.771528 0.054410 
1390.735977 0.055534 
1391.700426 0.054772 
1392.664876 0.053674 
1393.629325 0.056835 
1394.593775 0.065194 
1395.558224 0.065814 
1396.522673 0.061160 
1397.487123 0.062997 
1398.451572 0.064693 
1399.416021 0.061811 
1400.380471 0.056747 
1401.344920 0.053663 
1402.309369 0.053660 
1403.273819 0.054390 
1404.238268 0.058421 
1405.202718 0.062743 
1406.167167 0.057890 
1407.131616 0.054699 
1408.096066 0.055262 
1409.060515 0.056774 
1410.024964 0.059105 
1410.989414 0.060519 
1411.953863 0.061332 
1412.918312 0.057673 
1413.882762 0.056145 
1414.847211 0.057393 
1415.811660 0.062417 
1416.776110 0.068131 
1417.740559 0.070380 
1418.705009 0.068964 
1419.669458 0.069848 
1420.633907 0.060543 
1421.598357 0.056449 
1422.562806 0.056338 
1423.527255 0.063668 
1424.491705 0.065832 
1425.456154 0.058044 
1426.420603 0.055784 
1427.385053 0.056859 
1428.349502 0.058530 
1429.313952 0.058823 
1430.278401 0.059603 
1431.242850 0.057990 
1432.207300 0.059193 
1433.171749 0.061491 
1434.136198 0.058705 
1435.100648 0.059115 
1436.065097 0.066468 
1437.029546 0.069283 
1437.993996 0.059954 
1438.958445 0.055435 
1439.922894 0.054940 
1440.887344 0.055237 
1441.851793 0.055305 
1442.816243 0.054682 
1443.780692 0.055032 
1444.745141 0.056209 
1445.709591 0.056780 
1446.674040 0.057049 
1447.638489 0.062119 
1448.602939 0.062746 
1449.567388 0.057817 
1450.531837 0.057085 
1451.496287 0.061237 
1452.460736 0.063851 
1453.425186 0.060415 
1454.389635 0.063517 
1455.354084 0.069474 
1456.318534 0.071195 
1457.282983 0.073685 
1458.247432 0.071458 
1459.211882 0.069122 
1460.176331 0.063338 
1461.140780 0.060031 
1462.105230 0.059688 
1463.069679 0.059523 
1464.034128 0.059249 
1464.998578 0.062797 
1465.963027 0.063339 
1466.927477 0.061310 
1467.891926 0.061014 
1468.856375 0.059851 
1469.820825 0.059889 
1470.785274 0.061656 
1471.749723 0.068333 
1472.714173 0.073053 
1473.678622 0.073596 
1474.643071 0.067911 
1475.607521 0.066493 
1476.571970 0.071628 
1477.536420 0.064922 
1478.500869 0.060643 
1479.465318 0.060440 
1480.429768 0.062854 
1481.394217 0.066936 
1482.358666 0.064099 
1483.323116 0.061229 
1484.287565 0.061252 
1485.252014 0.064195 
1486.216464 0.068423 
1487.180913 0.068129 
1488.145362 0.071064 
1489.109812 0.082012 
1490.074261 0.087948 
1491.038711 0.077229 
1492.003160 0.069333 
1492.967609 0.065597 
1493.932059 0.065789 
1494.896508 0.066525 
1495.860957 0.070179 
1496.825407 0.074285 
1497.789856 0.070707 
1498.754305 0.071755 
1499.718755 0.074927 
1500.683204 0.075855 
1501.647654 0.080090 
1502.612103 0.077838 
1503.576552 0.074033 
1504.541002 0.072017 
1505.505451 0.072324 
1506.469900 0.092868 
1507.434350 0.126188 
1508.398799 0.116243 
1509.363248 0.109420 
1510.327698 0.104879 
1511.292147 0.095406 
1512.256596 0.096344 
1513.221046 0.092350 
1514.185495 0.090834 
1515.149945 0.099577 
1516.114394 0.105556 
1517.078843 0.107937 
1518.043293 0.098943 
1519.007742 0.094373 
1519.972191 0.098726 
1520.936641 0.108429 
1521.901090 0.102872 
1522.865539 0.099269 
1523.829989 0.100477 
1524.794438 0.105043 
1525.758888 0.109204 
1526.723337 0.109219 
1527.687786 0.112183 
1528.652236 0.108222 
1529.616685 0.104374 
1530.581134 0.106042 
1531.545584 0.114392 
1532.510033 0.113912 
1533.474482 0.113923 
1534.438932 0.121642 
1535.403381 0.123231 
1536.367830 0.120348 
1537.332280 0.117580 
1538.296729 0.117517 
1539.261179 0.120233 
1540.225628 0.127217 
1541.190077 0.128418 
1542.154527 0.134964 
1543.118976 0.147521 
1544.083425 0.154271 
1545.047875 0.160795 
1546.012324 0.152463 
1546.976773 0.142911 
1547.941223 0.141647 
1548.905672 0.146928 
1549.870122 0.161105 
1550.834571 0.154960 
1551.799020 0.143719 
1552.763470 0.141532 
1553.727919 0.143656 
1554.692368 0.147950 
1555.656818 0.141114 
1556.621267 0.134188 
1557.585716 0.128133 
1558.550166 0.133770 
1559.514615 0.136900 
1560.479064 0.131745 
1561.443514 0.125232 
1562.407963 0.121337 
1563.372413 0.118064 
1564.336862 0.115193 
1565.301311 0.114722 
1566.265761 0.113030 
1567.230210 0.110099 
1568.194659 0.107593 
1569.159109 0.105789 
1570.123558 0.106304 
1571.088007 0.104806 
1572.052457 0.103557 
1573.016906 0.102822 
1573.981356 0.101071 
1574.945805 0.096934 
1575.910254 0.092987 
1576.874704 0.101593 
1577.839153 0.102704 
1578.803602 0.100854 
1579.768052 0.099876 
1580.732501 0.099549 
1581.696950 0.099363 
1582.661400 0.099501 
1583.625849 0.099018 
1584.590298 0.097766 
1585.554748 0.096639 
1586.519197 0.095722 
1587.483647 0.094760 
1588.448096 0.093676 
1589.412545 0.093291 
1590.376995 0.092318 
1591.341444 0.090301 
1592.305893 0.088393 
1593.270343 0.086197 
1594.234792 0.085273 
1595.199241 0.084222 
1596.163691 0.082551 
1597.128140 0.080248 
1598.092590 0.077695 
1599.057039 0.076131 
1600.021488 0.074548 
1600.985938 0.073814 
1601.950387 0.073261 
1602.914836 0.072734 
1603.879286 0.070615 
1604.843735 0.068262 
1605.808184 0.067373 
1606.772634 0.068026 
1607.737083 0.067142 
1608.701532 0.065248 
1609.665982 0.065377 
1610.630431 0.063676 
1611.594881 0.062324 
1612.559330 0.061793 
1613.523779 0.060637 
1614.488229 0.059049 
1615.452678 0.055153 
1616.417127 0.050651 
1617.381577 0.056504 
1618.346026 0.058063 
1619.310475 0.058669 
1620.274925 0.059424 
1621.239374 0.059315 
1622.203824 0.057894 
1623.168273 0.056280 
1624.132722 0.057368 
1625.097172 0.057440 
1626.061621 0.056611 
1627.026070 0.054312 
1627.990520 0.054589 
1628.954969 0.056151 
1629.919418 0.055776 
1630.883868 0.055735 
1631.848317 0.055487 
1632.812766 0.055056 
1633.777216 0.052646 
1634.741665 0.047931 
1635.706115 0.053128 
1636.670564 0.056195 
1637.635013 0.057568 
1638.599463 0.058001 
1639.563912 0.056770 
1640.528361 0.057281 
1641.492811 0.056756 
1642.457260 0.057169 
1643.421709 0.056103 
1644.386159 0.054422 
1645.350608 0.052426 
1646.315058 0.056031 
1647.279507 0.058688 
1648.243956 0.058878 
1649.208406 0.057524 
1650.172855 0.055744 
1651.137304 0.051808 
1652.101754 0.045090 
1653.066203 0.046942 
1654.030652 0.064765 
1654.995102 0.063331 
1655.959551 0.059628 
1656.924000 0.059103 
1657.888450 0.058158 
1658.852899 0.056590 
1659.817349 0.056615 
1660.781798 0.057876 
1661.746247 0.057194 
1662.710697 0.055108 
1663.675146 0.057181 
1664.639595 0.056739 
1665.604045 0.056888 
1666.568494 0.056683 
1667.532943 0.058560 
1668.497393 0.061181 
1669.461842 0.060235 
1670.426292 0.057341 
1671.390741 0.059046 
1672.355190 0.060433 
1673.319640 0.057672 
1674.284089 0.054943 
1675.248538 0.058781 
1676.212988 0.062544 
1677.177437 0.058982 
1678.141886 0.058454 
1679.106336 0.062314 
1680.070785 0.073343 
1681.035234 0.071065 
1681.999684 0.061955 
1682.964133 0.060635 
1683.928583 0.068113 
1684.893032 0.066669 
1685.857481 0.061644 
1686.821931 0.061082 
1687.786380 0.067293 
1688.750829 0.069889 
1689.715279 0.064801 
1690.679728 0.062704 
1691.644177 0.060096 
1692.608627 0.059401 
1693.573076 0.059221 
1694.537526 0.057853 
1695.501975 0.058117 
1696.466424 0.067284 
1697.430874 0.065405 
1698.395323 0.062566 
1699.359772 0.058261 
1700.324222 0.066021 
1701.288671 0.069545 
1702.253120 0.067043 
1703.217570 0.065911 
1704.182019 0.066631 
1705.146468 0.066800 
1706.110918 0.065649 
1707.075367 0.069646 
1708.039817 0.068930 
1709.004266 0.069031 
1709.968715 0.073535 
1710.933165 0.075432 
1711.897614 0.075913 
1712.862063 0.079849 
1713.826513 0.084605 
1714.790962 0.090913 
1715.755411 0.092483 
1716.719861 0.087786 
1717.684310 0.088361 
1718.648760 0.088027 
1719.613209 0.080414 
1720.577658 0.075521 
1721.542108 0.073526 
1722.506557 0.072106 
1723.471006 0.072457 
1724.435456 0.068406 
1725.399905 0.063729 
1726.364354 0.062098 
1727.328804 0.061171 
1728.293253 0.060789 
1729.257702 0.065352 
1730.222152 0.072361 
1731.186601 0.065862 
1732.151051 0.062833 
1733.115500 0.065978 
1734.079949 0.072206 
1735.044399 0.065094 
1736.008848 0.059564 
1736.973297 0.059228 
1737.937747 0.059842 
1738.902196 0.057196 
1739.866645 0.057241 
1740.831095 0.057650 
1741.795544 0.057603 
1742.759994 0.064147 
1743.724443 0.072233 
1744.688892 0.067150 
1745.653342 0.063005 
1746.617791 0.064229 
1747.582240 0.066412 
1748.546690 0.068166 
1749.511139 0.069684 
1750.475588 0.069017 
1751.440038 0.074712 
1752.404487 0.068501 
1753.368936 0.062215 
1754.333386 0.059767 
1755.297835 0.059645 
1756.262285 0.063658 
1757.226734 0.068629 
1758.191183 0.066503 
1759.155633 0.063652 
1760.120082 0.061284 
1761.084531 0.063047 
1762.048981 0.067151 
1763.013430 0.063457 
1763.977879 0.060313 
1764.942329 0.060169 
1765.906778 0.060360 
1766.871228 0.062294 
1767.835677 0.069356 
1768.800126 0.069619 
1769.764576 0.061621 
1770.729025 0.058996 
1771.693474 0.057921 
1772.657924 0.059247 
1773.622373 0.061255 
1774.586822 0.061756 
1775.551272 0.065510 
1776.515721 0.064290 
1777.480170 0.061657 
1778.444620 0.064409 
1779.409069 0.065972 
1780.373519 0.067075 
1781.337968 0.068635 
1782.302417 0.065865 
1783.266867 0.064523 
1784.231316 0.068450 
1785.195765 0.073654 
1786.160215 0.069447 
1787.124664 0.067264 
1788.089113 0.068747 
1789.053563 0.070547 
1790.018012 0.074023 
1790.982462 0.079235 
1791.946911 0.076941 
1792.911360 0.076044 
1793.875810 0.074440 
1794.840259 0.074400 
1795.804708 0.080455 
1796.769158 0.078685 
1797.733607 0.071614 
1798.698056 0.068457 
1799.662506 0.069537 
1800.626955 0.072343 
1801.591404 0.076568 
1802.555854 0.076093 
1803.520303 0.068666 
1804.484753 0.064725 
1805.449202 0.064329 
1806.413651 0.064457 
1807.378101 0.067512 
1808.342550 0.067751 
1809.306999 0.064390 
1810.271449 0.065377 
1811.235898 0.068644 
1812.200347 0.069435 
1813.164797 0.066658 
1814.129246 0.063501 
1815.093696 0.063352 
1816.058145 0.063791 
1817.022594 0.067021 
1817.987044 0.067445 
1818.951493 0.064069 
1819.915942 0.062978 
1820.880392 0.063206 
1821.844841 0.064364 
1822.809290 0.066021 
1823.773740 0.064535 
1824.738189 0.066901 
1825.702638 0.070546 
1826.667088 0.064632 
1827.631537 0.061697 
1828.595987 0.062094 
1829.560436 0.065515 
1830.524885 0.066586 
1831.489335 0.062871 
1832.453784 0.062494 
1833.418233 0.064024 
1834.382683 0.062259 
1835.347132 0.060906 
1836.311581 0.062338 
1837.276031 0.064987 
1838.240480 0.063146 
1839.204930 0.061163 
1840.169379 0.060929 
1841.133828 0.062345 
1842.098278 0.065784 
1843.062727 0.065066 
1844.027176 0.066100 
1844.991626 0.069814 
1845.956075 0.065881 
1846.920524 0.064284 
1847.884974 0.067520 
1848.849423 0.064629 
1849.813872 0.059934 
1850.778322 0.058577 
1851.742771 0.058360 
1852.707221 0.058282 
1853.671670 0.057980 
1854.636119 0.057806 
1855.600569 0.057709 
1856.565018 0.057728 
1857.529467 0.058457 
1858.493917 0.060087 
1859.458366 0.059587 
1860.422815 0.059332 
1861.387265 0.060497 
1862.351714 0.059101 
1863.316164 0.057795 
1864.280613 0.058012 
1865.245062 0.057993 
1866.209512 0.059825 
1867.173961 0.061579 
1868.138410 0.064024 
1869.102860 0.065882 
1870.067309 0.065027 
1871.031758 0.062134 
1871.996208 0.058486 
1872.960657 0.056829 
1873.925106 0.056718 
1874.889556 0.056709 
1875.854005 0.056720 
1876.818455 0.056729 
1877.782904 0.056820 
1878.747353 0.057864 
1879.711803 0.058311 
1880.676252 0.057068 
1881.640701 0.056604 
1882.605151 0.056654 
1883.569600 0.056999 
1884.534049 0.057974 
1885.498499 0.058221 
1886.462948 0.057241 
1887.427398 0.057003 
1888.391847 0.057813 
1889.356296 0.062129 
1890.320746 0.062176 
1891.285195 0.058429 
1892.249644 0.057816 
1893.214094 0.058056 
1894.178543 0.059249 
1895.142992 0.061827 
1896.107442 0.060576 
1897.071891 0.058363 
1898.036340 0.058203 
1899.000790 0.057777 
1899.965239 0.057770 
1900.929689 0.058097 
1901.894138 0.058777 
1902.858587 0.058294 
1903.823037 0.058196 
1904.787486 0.058120 
1905.751935 0.058000 
1906.716385 0.058488 
1907.680834 0.060900 
1908.645283 0.061337 
1909.609733 0.062013 
1910.574182 0.061966 
1911.538632 0.059106 
1912.503081 0.058376 
1913.467530 0.058466 
1914.431980 0.058950 
1915.396429 0.059046 
1916.360878 0.058916 
1917.325328 0.060536 
1918.289777 0.064218 
1919.254226 0.061645 
1920.218676 0.059435 
1921.183125 0.060399 
1922.147574 0.065541 
1923.112024 0.068995 
1924.076473 0.063392 
1925.040923 0.059534 
1926.005372 0.059038 
1926.969821 0.059057 
1927.934271 0.059128 
1928.898720 0.059083 
1929.863169 0.058967 
1930.827619 0.059014 
1931.792068 0.059263 
1932.756517 0.060106 
1933.720967 0.060122 
1934.685416 0.059377 
1935.649866 0.059162 
1936.614315 0.059287 
1937.578764 0.059378 
1938.543214 0.059406 
1939.507663 0.059387 
1940.472112 0.060003 
1941.436562 0.062602 
1942.401011 0.068277 
1943.365460 0.066273 
1944.329910 0.060985 
1945.294359 0.060957 
1946.258808 0.061152 
1947.223258 0.060377 
1948.187707 0.059977 
1949.152157 0.060572 
1950.116606 0.060448 
1951.081055 0.059896 
1952.045505 0.059570 
1953.009954 0.059576 
1953.974403 0.060031 
1954.938853 0.061200 
1955.903302 0.060925 
1956.867751 0.061077 
1957.832201 0.063881 
1958.796650 0.065533 
1959.761100 0.062681 
1960.725549 0.060829 
1961.689998 0.060409 
1962.654448 0.059744 
1963.618897 0.059516 
1964.583346 0.059686 
1965.547796 0.061006 
1966.512245 0.064075 
1967.476694 0.065997 
1968.441144 0.062827 
1969.405593 0.060029 
1970.370042 0.059799 
1971.334492 0.059680 
1972.298941 0.059742 
1973.263391 0.059767 
1974.227840 0.059829 
1975.192289 0.059778 
1976.156739 0.059833 
1977.121188 0.059792 
1978.085637 0.059807 
1979.050087 0.059686 
1980.014536 0.059666 
1980.978985 0.059642 
1981.943435 0.059707 
1982.907884 0.059565 
1983.872334 0.059578 
1984.836783 0.059514 
1985.801232 0.059586 
1986.765682 0.059744 
1987.730131 0.061788 
1988.694580 0.063260 
1989.659030 0.060979 
1990.623479 0.060375 
1991.587928 0.064890 
1992.552378 0.067547 
1993.516827 0.062768 
1994.481276 0.060159 
1995.445726 0.059904 
1996.410175 0.059895 
1997.374625 0.059873 
1998.339074 0.060076 
1999.303523 0.060194 
2000.267973 0.060011 
2001.232422 0.059914 
2002.196871 0.059915 
2003.161321 0.059883 
2004.125770 0.059826 
2005.090219 0.059794 
2006.054669 0.059804 
2007.019118 0.060135 
2007.983568 0.060330 
2008.948017 0.059963 
2009.912466 0.059636 
2010.876916 0.059460 
2011.841365 0.059350 
2012.805814 0.059377 
2013.770264 0.059306 
2014.734713 0.059376 
2015.699162 0.060460 
2016.663612 0.063698 
2017.628061 0.063927 
2018.592510 0.062473 
2019.556960 0.060958 
2020.521409 0.059501 
2021.485859 0.059289 
2022.450308 0.059758 
2023.414757 0.060042 
2024.379207 0.059363 
2025.343656 0.059148 
2026.308105 0.059313 
2027.272555 0.059727 
2028.237004 0.060378 
2029.201453 0.060378 
2030.165903 0.059397 
2031.130352 0.058990 
2032.094802 0.058865 
2033.059251 0.058879 
2034.023700 0.058846 
2034.988150 0.058806 
2035.952599 0.058731 
2036.917048 0.058893 
2037.881498 0.058860 
2038.845947 0.058727 
2039.810396 0.058960 
2040.774846 0.060967 
2041.739295 0.061824 
2042.703744 0.059690 
2043.668194 0.059035 
2044.632643 0.059060 
2045.597093 0.058939 
2046.561542 0.059033 
2047.525991 0.058907 
2048.490441 0.058790 
2049.454890 0.058820 
2050.419339 0.058822 
2051.383789 0.058817 
2052.348238 0.058801 
2053.312687 0.058834 
2054.277137 0.058873 
2055.241586 0.058923 
2056.206036 0.058885 
2057.170485 0.058839 
2058.134934 0.058833 
2059.099384 0.058944 
2060.063833 0.059268 
2061.028282 0.059345 
2061.992732 0.059076 
2062.957181 0.058978 
2063.921630 0.060125 
2064.886080 0.062557 
2065.850529 0.062019 
2066.814978 0.059912 
2067.779428 0.059254 
2068.743877 0.059303 
2069.708327 0.059304 
2070.672776 0.059251 
2071.637225 0.059330 
2072.601675 0.059551 
2073.566124 0.059823 
2074.530573 0.059788 
2075.495023 0.059599 
2076.459472 0.059620 
2077.423921 0.059945 
2078.388371 0.060128 
2079.352820 0.059927 
2080.317270 0.059780 
2081.281719 0.060042 
2082.246168 0.060241 
2083.210618 0.060008 
2084.175067 0.059889 
2085.139516 0.060031 
2086.103966 0.060391 
2087.068415 0.060652 
2088.032864 0.060417 
2088.997314 0.060721 
2089.961763 0.062168 
2090.926212 0.061747 
2091.890662 0.060336 
2092.855111 0.060206 
2093.819561 0.060457 
2094.784010 0.060892 
2095.748459 0.060707 
2096.712909 0.060550 
2097.677358 0.060696 
2098.641807 0.061118 
2099.606257 0.061234 
2100.570706 0.061007 
2101.535155 0.060930 
2102.499605 0.061266 
2103.464054 0.061550 
2104.428504 0.061174 
2105.392953 0.060969 
2106.357402 0.061205 
2107.321852 0.061610 
2108.286301 0.061354 
2109.250750 0.060975 
2110.215200 0.061070 
2111.179649 0.061506 
2112.144098 0.061396 
2113.108548 0.060983 
2114.072997 0.061402 
2115.037446 0.062279 
2116.001896 0.061971 
2116.966345 0.061098 
2117.930795 0.060910 
2118.895244 0.061254 
2119.859693 0.061579 
2120.824143 0.061226 
2121.788592 0.061110 
2122.753041 0.061389 
2123.717491 0.061783 
2124.681940 0.061548 
2125.646389 0.061268 
2126.610839 0.061394 
2127.575288 0.061788 
2128.539738 0.061623 
2129.504187 0.061342 
2130.468636 0.061434 
2131.433086 0.061748 
2132.397535 0.061598 
2133.361984 0.061268 
2134.326434 0.061252 
2135.290883 0.061718 
2136.255332 0.062057 
2137.219782 0.061518 
2138.184231 0.061182 
2139.148680 0.061376 
2140.113130 0.061283 
2141.077579 0.060940 
2142.042029 0.060874 
2143.006478 0.060879 
2143.970927 0.060908 
2144.935377 0.060940 
2145.899826 0.060974 
2146.864275 0.061007 
2147.828725 0.060998 
2148.793174 0.060850 
2149.757623 0.060911 
2150.722073 0.061123 
2151.686522 0.061143 
2152.650972 0.061035 
2153.615421 0.061140 
2154.579870 0.061331 
2155.544320 0.061192 
2156.508769 0.060984 
2157.473218 0.061197 
2158.437668 0.061376 
2159.402117 0.061080 
2160.366566 0.060954 
2161.331016 0.061513 
2162.295465 0.061661 
2163.259914 0.061034 
2164.224364 0.060866 
2165.188813 0.061284 
2166.153263 0.061266 
2167.117712 0.060745 
2168.082161 0.060845 
2169.046611 0.061334 
2170.011060 0.061092 
2170.975509 0.060671 
2171.939959 0.061032 
2172.904408 0.061397 
2173.868857 0.060962 
2174.833307 0.060751 
2175.797756 0.061236 
2176.762206 0.061331 
2177.726655 0.060852 
2178.691104 0.060917 
2179.655554 0.061341 
2180.620003 0.061180 
2181.584452 0.060847 
2182.548902 0.061157 
2183.513351 0.061382 
2184.477800 0.061041 
2185.442250 0.061012 
2186.406699 0.061433 
2187.371148 0.061308 
2188.335598 0.060934 
2189.300047 0.061171 
2190.264497 0.061313 
2191.228946 0.060970 
2192.193395 0.060926 
2193.157845 0.061241 
2194.122294 0.061116 
2195.086743 0.060831 
2196.051193 0.061034 
2197.015642 0.061197 
2197.980091 0.060963 
2198.944541 0.060972 
2199.908990 0.061249 
2200.873440 0.061173 
2201.837889 0.061050 
2202.802338 0.061221 
2203.766788 0.061261 
2204.731237 0.061205 
2205.695686 0.061389 
2206.660136 0.061424 
2207.624585 0.061266 
2208.589034 0.061296 
2209.553484 0.061459 
2210.517933 0.061382 
2211.482382 0.061333 
2212.446832 0.061358 
2213.411281 0.061307 
2214.375731 0.061300 
2215.340180 0.061362 
2216.304629 0.061348 
2217.269079 0.061329 
2218.233528 0.061399 
2219.197977 0.061433 
2220.162427 0.061370 
2221.126876 0.061406 
2222.091325 0.061510 
2223.055775 0.061553 
2224.020224 0.061564 
2224.984674 0.061595 
2225.949123 0.061644 
2226.913572 0.061797 
2227.878022 0.061885 
2228.842471 0.061878 
2229.806920 0.061915 
2230.771370 0.062064 
2231.735819 0.062122 
2232.700268 0.062173 
2233.664718 0.062241 
2234.629167 0.062335 
2235.593616 0.062414 
2236.558066 0.062432 
2237.522515 0.062462 
2238.486965 0.062518 
2239.451414 0.062601 
2240.415863 0.062615 
2241.380313 0.062685 
2242.344762 0.062775 
2243.309211 0.062862 
2244.273661 0.062879 
2245.238110 0.062924 
2246.202559 0.063032 
2247.167009 0.063104 
2248.131458 0.063201 
2249.095908 0.063271 
2250.060357 0.063454 
2251.024806 0.063566 
2251.989256 0.063735 
2252.953705 0.063820 
2253.918154 0.063994 
2254.882604 0.064137 
2255.847053 0.064327 
2256.811502 0.064367 
2257.775952 0.064480 
2258.740401 0.064543 
2259.704850 0.064683 
2260.669300 0.064733 
2261.633749 0.064818 
2262.598199 0.064852 
2263.562648 0.065003 
2264.527097 0.065061 
2265.491547 0.065116 
2266.455996 0.065118 
2267.420445 0.065265 
2268.384895 0.065348 
2269.349344 0.065469 
2270.313793 0.065557 
2271.278243 0.065736 
2272.242692 0.065917 
2273.207142 0.066025 
2274.171591 0.066185 
2275.136040 0.066467 
2276.100490 0.066660 
2277.064939 0.066992 
2278.029388 0.067179 
2278.993838 0.067379 
2279.958287 0.067725 
2280.922736 0.067965 
2281.887186 0.068361 
2282.851635 0.068671 
2283.816084 0.068901 
2284.780534 0.069302 
2285.744983 0.069333 
2286.709433 0.069829 
2287.673882 0.070042 
2288.638331 0.070352 
2289.602781 0.070964 
2290.567230 0.070917 
2291.531679 0.071759 
2292.496129 0.071721 
2293.460578 0.072643 
2294.425027 0.073105 
2295.389477 0.073351 
2296.353926 0.074607 
2297.318376 0.074395 
2298.282825 0.076008 
2299.247274 0.075722 
2300.211724 0.077102 
2301.176173 0.077566 
2302.140622 0.077618 
2303.105072 0.078914 
2304.069521 0.078738 
2305.033970 0.080961 
2305.998420 0.080506 
2306.962869 0.082924 
2307.927318 0.082256 
2308.891768 0.083710 
2309.856217 0.083620 
2310.820667 0.084057 
2311.785116 0.084476 
2312.749565 0.083169 
2313.714015 0.083689 
2314.678464 0.081022 
2315.642913 0.081534 
2316.607363 0.080159 
2317.571812 0.081373 
2318.536261 0.080728 
2319.500711 0.082087 
2320.465160 0.080859 
2321.429610 0.081764 
2322.394059 0.080019 
2323.358508 0.080160 
2324.322958 0.077716 
2325.287407 0.075760 
2326.251856 0.073658 
2327.216306 0.072990 
2328.180755 0.072117 
2329.145204 0.071894 
2330.109654 0.071262 
2331.074103 0.070427 
2332.038552 0.068565 
2333.003002 0.066619 
2333.967451 0.064306 
2334.931901 0.062386 
2335.896350 0.062180 
2336.860799 0.062169 
2337.825249 0.060814 
2338.789698 0.060783 
2339.754147 0.061668 
2340.718597 0.061689 
2341.683046 0.061891 
2342.647495 0.063048 
2343.611945 0.065417 
2344.576394 0.068348 
2345.540844 0.070414 
2346.505293 0.071653 
2347.469742 0.072604 
2348.434192 0.075298 
2349.398641 0.075637 
2350.363090 0.074307 
2351.327540 0.072072 
2352.291989 0.068890 
2353.256438 0.065988 
2354.220888 0.065649 
2355.185337 0.064911 
2356.149786 0.062510 
2357.114236 0.060880 
2358.078685 0.061113 
2359.043135 0.061137 
2360.007584 0.059917 
2360.972033 0.059532 
2361.936483 0.059829 
2362.900932 0.060182 
2363.865381 0.060882 
2364.829831 0.062002 
2365.794280 0.062870 
2366.758729 0.064039 
2367.723179 0.065494 
2368.687628 0.067056 
2369.652078 0.068412 
2370.616527 0.069742 
2371.580976 0.071282 
2372.545426 0.072729 
2373.509875 0.074031 
2374.474324 0.075214 
2375.438774 0.076403 
2376.403223 0.077295 
2377.367672 0.077874 
2378.332122 0.078039 
2379.296571 0.077857 
2380.261020 0.077052 
2381.225470 0.075771 
2382.189919 0.074167 
2383.154369 0.072441 
2384.118818 0.070683 
2385.083267 0.069133 
2386.047717 0.067891 
2387.012166 0.066913 
2387.976615 0.066205 
2388.941065 0.065712 
2389.905514 0.065467 
2390.869963 0.065349 
2391.834413 0.065337 
2392.798862 0.065373 
2393.763312 0.065376 
2394.727761 0.065365 
2395.692210 0.065420 
2396.656660 0.065466 
2397.621109 0.065527 
2398.585558 0.065580 
2399.550008 0.065648 
2400.514457 0.065744 
2401.478906 0.065815 
2402.443356 0.065868 
2403.407805 0.065976 
2404.372254 0.066101 
2405.336704 0.066233 
2406.301153 0.066373 
2407.265603 0.066510 
2408.230052 0.066665 
2409.194501 0.066784 
2410.158951 0.066853 
2411.123400 0.066957 
2412.087849 0.067094 
2413.052299 0.067208 
2414.016748 0.067288 
2414.981197 0.067360 
2415.945647 0.067429 
2416.910096 0.067492 
2417.874546 0.067567 
2418.838995 0.067623 
2419.803444 0.067647 
2420.767894 0.067724 
2421.732343 0.067797 
2422.696792 0.067783 
2423.661242 0.067778 
2424.625691 0.067899 
2425.590140 0.068001 
2426.554590 0.067990 
2427.519039 0.067948 
2428.483488 0.067971 
2429.447938 0.068024 
2430.412387 0.068084 
2431.376837 0.068082 
2432.341286 0.068122 
2433.305735 0.068174 
2434.270185 0.068183 
2435.234634 0.068171 
2436.199083 0.068208 
2437.163533 0.068280 
2438.127982 0.068317 
2439.092431 0.068341 
2440.056881 0.068331 
2441.021330 0.068360 
2441.985780 0.068407 
2442.950229 0.068371 
2443.914678 0.068326 
2444.879128 0.068304 
2445.843577 0.068253 
2446.808026 0.068188 
2447.772476 0.068119 
2448.736925 0.068056 
2449.701374 0.067975 
2450.665824 0.067865 
2451.630273 0.067727 
2452.594722 0.067636 
2453.559172 0.067596 
2454.523621 0.067544 
2455.488071 0.067470 
2456.452520 0.067381 
2457.416969 0.067336 
2458.381419 0.067289 
2459.345868 0.067217 
2460.310317 0.067216 
2461.274767 0.067221 
2462.239216 0.067178 
2463.203665 0.067163 
2464.168115 0.067135 
2465.132564 0.067086 
2466.097014 0.067004 
2467.061463 0.066915 
2468.025912 0.066826 
2468.990362 0.066744 
2469.954811 0.066650 
2470.919260 0.066588 
2471.883710 0.066544 
2472.848159 0.066436 
2473.812608 0.066298 
2474.777058 0.066198 
2475.741507 0.066142 
2476.705956 0.066056 
2477.670406 0.065953 
2478.634855 0.065907 
2479.599305 0.065879 
2480.563754 0.065823 
2481.528203 0.065708 
2482.492653 0.065637 
2483.457102 0.065595 
2484.421551 0.065591 
2485.386001 0.065544 
2486.350450 0.065530 
2487.314899 0.065542 
2488.279349 0.065507 
2489.243798 0.065485 
2490.208248 0.065477 
2491.172697 0.065452 
2492.137146 0.065479 
2493.101596 0.065469 
2494.066045 0.065476 
2495.030494 0.065520 
2495.994944 0.065573 
2496.959393 0.065554 
2497.923842 0.065496 
2498.888292 0.065514 
2499.852741 0.065611 
2500.817190 0.065655 
2501.781640 0.065656 
2502.746089 0.065665 
2503.710539 0.065681 
2504.674988 0.065675 
2505.639437 0.065676 
2506.603887 0.065682 
2507.568336 0.065774 
2508.532785 0.065836 
2509.497235 0.065865 
2510.461684 0.065949 
2511.426133 0.066045 
2512.390583 0.066088 
2513.355032 0.066177 
2514.319482 0.066256 
2515.283931 0.066367 
2516.248380 0.066493 
2517.212830 0.066586 
2518.177279 0.066633 
2519.141728 0.066710 
2520.106178 0.066823 
2521.070627 0.066897 
2522.035076 0.066912 
2522.999526 0.066996 
2523.963975 0.067059 
2524.928424 0.067144 
2525.892874 0.067209 
2526.857323 0.067306 
2527.821773 0.067356 
2528.786222 0.067469 
2529.750671 0.067534 
2530.715121 0.067634 
2531.679570 0.067686 
2532.644019 0.067859 
2533.608469 0.067953 
2534.572918 0.068078 
2535.537367 0.068115 
2536.501817 0.068231 
2537.466266 0.068332 
2538.430716 0.068413 
2539.395165 0.068454 
2540.359614 0.068543 
2541.324064 0.068705 
2542.288513 0.068830 
2543.252962 0.068863 
2544.217412 0.068919 
2545.181861 0.069032 
2546.146310 0.069142 
2547.110760 0.069249 
2548.075209 0.069317 
2549.039658 0.069398 
2550.004108 0.069484 
2550.968557 0.069528 
2551.933007 0.069490 
2552.897456 0.069500 
2553.861905 0.069542 
2554.826355 0.069582 
2555.790804 0.069589 
2556.755253 0.069612 
2557.719703 0.069675 
2558.684152 0.069739 
2559.648601 0.069710 
2560.613051 0.069702 
2561.577500 0.069723 
2562.541950 0.069749 
2563.506399 0.069809 
2564.470848 0.069847 
2565.435298 0.069886 
2566.399747 0.069973 
2567.364196 0.070032 
2568.328646 0.070053 
2569.293095 0.070053 
2570.257544 0.070120 
2571.221994 0.070131 
2572.186443 0.070096 
2573.150892 0.070071 
2574.115342 0.070017 
2575.079791 0.069918 
2576.044241 0.069876 
2577.008690 0.069853 
2577.973139 0.069836 
2578.937589 0.069762 
2579.902038 0.069727 
2580.866487 0.069718 
2581.830937 0.069691 
2582.795386 0.069661 
2583.759835 0.069631 
2584.724285 0.069584 
2585.688734 0.069554 
2586.653184 0.069534 
2587.617633 0.069602 
2588.582082 0.069647 
2589.546532 0.069646 
2590.510981 0.069626 
2591.475430 0.069597 
2592.439880 0.069593 
2593.404329 0.069628 
2594.368778 0.069623 
2595.333228 0.069625 
2596.297677 0.069632 
2597.262126 0.069626 
2598.226576 0.069604 
2599.191025 0.069602 
2600.155475 0.069573 
2601.119924 0.069538 
2602.084373 0.069494 
2603.048823 0.069508 
2604.013272 0.069490 
2604.977721 0.069497 
2605.942171 0.069496 
2606.906620 0.069432 
2607.871069 0.069394 
2608.835519 0.069460 
2609.799968 0.069449 
2610.764418 0.069404 
2611.728867 0.069440 
2612.693316 0.069483 
2613.657766 0.069443 
2614.622215 0.069445 
2615.586664 0.069479 
2616.551114 0.069541 
2617.515563 0.069590 
2618.480012 0.069658 
2619.444462 0.069763 
2620.408911 0.069851 
2621.373360 0.069890 
2622.337810 0.069896 
2623.302259 0.069902 
2624.266709 0.069988 
2625.231158 0.070037 
2626.195607 0.070050 
2627.160057 0.070045 
2628.124506 0.070042 
2629.088955 0.070033 
2630.053405 0.070037 
2631.017854 0.070090 
2631.982303 0.070174 
2632.946753 0.070132 
2633.911202 0.070055 
2634.875652 0.070021 
2635.840101 0.070071 
2636.804550 0.070110 
2637.769000 0.070088 
2638.733449 0.070094 
2639.697898 0.070165 
2640.662348 0.070193 
2641.626797 0.070218 
2642.591246 0.070264 
2643.555696 0.070309 
2644.520145 0.070340 
2645.484594 0.070372 
2646.449044 0.070370 
2647.413493 0.070428 
2648.377943 0.070474 
2649.342392 0.070489 
2650.306841 0.070466 
2651.271291 0.070468 
2652.235740 0.070512 
2653.200189 0.070531 
2654.164639 0.070485 
2655.129088 0.070425 
2656.093537 0.070398 
2657.057987 0.070451 
2658.022436 0.070476 
2658.986886 0.070480 
2659.951335 0.070437 
2660.915784 0.070458 
2661.880234 0.070451 
2662.844683 0.070385 
2663.809132 0.070332 
2664.773582 0.070364 
2665.738031 0.070377 
2666.702480 0.070390 
2667.666930 0.070367 
2668.631379 0.070347 
2669.595828 0.070339 
2670.560278 0.070336 
2671.524727 0.070317 
2672.489177 0.070303 
2673.453626 0.070326 
2674.418075 0.070438 
2675.382525 0.070475 
2676.346974 0.070430 
2677.311423 0.070416 
2678.275873 0.070419 
2679.240322 0.070395 
2680.204771 0.070366 
2681.169221 0.070308 
2682.133670 0.070321 
2683.098120 0.070315 
2684.062569 0.070329 
2685.027018 0.070380 
2685.991468 0.070392 
2686.955917 0.070353 
2687.920366 0.070325 
2688.884816 0.070314 
2689.849265 0.070391 
2690.813714 0.070424 
2691.778164 0.070388 
2692.742613 0.070350 
2693.707062 0.070381 
2694.671512 0.070441 
2695.635961 0.070453 
2696.600411 0.070436 
2697.564860 0.070496 
2698.529309 0.070533 
2699.493759 0.070579 
2700.458208 0.070573 
2701.422657 0.070609 
2702.387107 0.070653 
2703.351556 0.070707 
2704.316005 0.070714 
2705.280455 0.070735 
2706.244904 0.070738 
2707.209354 0.070738 
2708.173803 0.070717 
2709.138252 0.070711 
2710.102702 0.070789 
2711.067151 0.070872 
2712.031600 0.070872 
2712.996050 0.070910 
2713.960499 0.070998 
2714.924948 0.071085 
2715.889398 0.071082 
2716.853847 0.071088 
2717.818296 0.071135 
2718.782746 0.071235 
2719.747195 0.071359 
2720.711645 0.071442 
2721.676094 0.071485 
2722.640543 0.071537 
2723.604993 0.071636 
2724.569442 0.071758 
2725.533891 0.071804 
2726.498341 0.071804 
2727.462790 0.071879 
2728.427239 0.072033 
2729.391689 0.072106 
2730.356138 0.072141 
2731.320588 0.072160 
2732.285037 0.072229 
2733.249486 0.072272 
2734.213936 0.072311 
2735.178385 0.072392 
2736.142834 0.072441 
2737.107284 0.072379 
2738.071733 0.072384 
2739.036182 0.072461 
2740.000632 0.072561 
2740.965081 0.072639 
2741.929530 0.072663 
2742.893980 0.072699 
2743.858429 0.072777 
2744.822879 0.072870 
2745.787328 0.072977 
2746.751777 0.073063 
2747.716227 0.073134 
2748.680676 0.073234 
2749.645125 0.073316 
2750.609575 0.073363 
2751.574024 0.073474 
2752.538473 0.073540 
2753.502923 0.073552 
2754.467372 0.073555 
2755.431822 0.073578 
2756.396271 0.073648 
2757.360720 0.073708 
2758.325170 0.073666 
2759.289619 0.073629 
2760.254068 0.073635 
2761.218518 0.073638 
2762.182967 0.073639 
2763.147416 0.073567 
2764.111866 0.073546 
2765.076315 0.073608 
2766.040764 0.073589 
2767.005214 0.073599 
2767.969663 0.073593 
2768.934113 0.073602 
2769.898562 0.073639 
2770.863011 0.073682 
2771.827461 0.073727 
2772.791910 0.073764 
2773.756359 0.073776 
2774.720809 0.073729 
2775.685258 0.073725 
2776.649707 0.073837 
2777.614157 0.073907 
2778.578606 0.073929 
2779.543056 0.073892 
2780.507505 0.073904 
2781.471954 0.073909 
2782.436404 0.073834 
2783.400853 0.073738 
2784.365302 0.073717 
2785.329752 0.073745 
2786.294201 0.073745 
2787.258650 0.073706 
2788.223100 0.073630 
2789.187549 0.073508 
2790.151998 0.073485 
2791.116448 0.073459 
2792.080897 0.073395 
2793.045347 0.073356 
2794.009796 0.073366 
2794.974245 0.073343 
2795.938695 0.073318 
2796.903144 0.073348 
2797.867593 0.073284 
2798.832043 0.073168 
2799.796492 0.073171 
2800.760941 0.073217 
2801.725391 0.073284 
2802.689840 0.073274 
2803.654290 0.073224 
2804.618739 0.073161 
2805.583188 0.073142 
2806.547638 0.073147 
2807.512087 0.073162 
2808.476536 0.073221 
2809.440986 0.073199 
2810.405435 0.073103 
2811.369884 0.073077 
2812.334334 0.073037 
2813.298783 0.073051 
2814.263232 0.073019 
2815.227682 0.072995 
2816.192131 0.072952 
2817.156581 0.072932 
2818.121030 0.072950 
2819.085479 0.072968 
2820.049929 0.072919 
2821.014378 0.072931 
2821.978827 0.072954 
2822.943277 0.072920 
2823.907726 0.072862 
2824.872175 0.072923 
2825.836625 0.072972 
2826.801074 0.072989 
2827.765524 0.073037 
2828.729973 0.073140 
2829.694422 0.073147 
2830.658872 0.073156 
2831.623321 0.073180 
2832.587770 0.073214 
2833.552220 0.073264 
2834.516669 0.073282 
2835.481118 0.073280 
2836.445568 0.073358 
2837.410017 0.073386 
2838.374466 0.073379 
2839.338916 0.073407 
2840.303365 0.073457 
2841.267815 0.073517 
2842.232264 0.073667 
2843.196713 0.073786 
2844.161163 0.073867 
2845.125612 0.073943 
2846.090061 0.074086 
2847.054511 0.074183 
2848.018960 0.074226 
2848.983409 0.074339 
2849.947859 0.074513 
2850.912308 0.074652 
2851.876758 0.074790 
2852.841207 0.074816 
2853.805656 0.074820 
2854.770106 0.074906 
2855.734555 0.075054 
2856.699004 0.075085 
2857.663454 0.075122 
2858.627903 0.075248 
2859.592352 0.075280 
2860.556802 0.075271 
2861.521251 0.075337 
2862.485700 0.075362 
2863.450150 0.075423 
2864.414599 0.075487 
2865.379049 0.075533 
2866.343498 0.075527 
2867.307947 0.075584 
2868.272397 0.075681 
2869.236846 0.075783 
2870.201295 0.075831 
2871.165745 0.075988 
2872.130194 0.076122 
2873.094643 0.076156 
2874.059093 0.076172 
2875.023542 0.076356 
2875.987992 0.076557 
2876.952441 0.076721 
2877.916890 0.076835 
2878.881340 0.076981 
2879.845789 0.077139 
2880.810238 0.077343 
2881.774688 0.077510 
2882.739137 0.077642 
2883.703586 0.077714 
2884.668036 0.077776 
2885.632485 0.077828 
2886.596934 0.077896 
2887.561384 0.077928 
2888.525833 0.077977 
2889.490283 0.077978 
2890.454732 0.077981 
2891.419181 0.077988 
2892.383631 0.078000 
2893.348080 0.078021 
2894.312529 0.078054 
2895.276979 0.078009 
2896.241428 0.077968 
2897.205877 0.078066 
2898.170327 0.078222 
2899.134776 0.078263 
2900.099226 0.078340 
2901.063675 0.078408 
2902.028124 0.078495 
2902.992574 0.078605 
2903.957023 0.078681 
2904.921472 0.078767 
2905.885922 0.078871 
2906.850371 0.078883 
2907.814820 0.078990 
2908.779270 0.079158 
2909.743719 0.079242 
2910.708168 0.079284 
2911.672618 0.079457 
2912.637067 0.079585 
2913.601517 0.079639 
2914.565966 0.079698 
2915.530415 0.079832 
2916.494865 0.079923 
2917.459314 0.079985 
2918.423763 0.080066 
2919.388213 0.080148 
2920.352662 0.080214 
2921.317111 0.080272 
2922.281561 0.080340 
2923.246010 0.080397 
2924.210460 0.080365 
2925.174909 0.080349 
2926.139358 0.080353 
2927.103808 0.080350 
2928.068257 0.080422 
2929.032706 0.080447 
2929.997156 0.080386 
2930.961605 0.080357 
2931.926054 0.080344 
2932.890504 0.080462 
2933.854953 0.080572 
2934.819402 0.080494 
2935.783852 0.080382 
2936.748301 0.080353 
2937.712751 0.080332 
2938.677200 0.080387 
2939.641649 0.080457 
2940.606099 0.080529 
2941.570548 0.080691 
2942.534997 0.080846 
2943.499447 0.080845 
2944.463896 0.080891 
2945.428345 0.080975 
2946.392795 0.080802 
2947.357244 0.080330 
2948.321694 0.079985 
2949.286143 0.079829 
2950.250592 0.079784 
2951.215042 0.079693 
2952.179491 0.079472 
2953.143940 0.079367 
2954.108390 0.079510 
2955.072839 0.079515 
2956.037288 0.079471 
2957.001738 0.079358 
2957.966187 0.079248 
2958.930636 0.079292 
2959.895086 0.079406 
2960.859535 0.079522 
2961.823985 0.079590 
2962.788434 0.079426 
2963.752883 0.079343 
2964.717333 0.079403 
2965.681782 0.079528 
2966.646231 0.079458 
2967.610681 0.079236 
2968.575130 0.079071 
2969.539579 0.079082 
2970.504029 0.079081 
2971.468478 0.079057 
2972.432928 0.079114 
2973.397377 0.079350 
2974.361826 0.079428 
2975.326276 0.079440 
2976.290725 0.079423 
2977.255174 0.079483 
2978.219624 0.079532 
2979.184073 0.079591 
2980.148522 0.079932 
2981.112972 0.080149 
2982.077421 0.080096 
2983.041870 0.080203 
2984.006320 0.080338 
2984.970769 0.080398 
2985.935219 0.080425 
2986.899668 0.080687 
2987.864117 0.080928 
2988.828567 0.080759 
2989.793016 0.080552 
2990.757465 0.080518 
2991.721915 0.080436 
2992.686364 0.080287 
2993.650813 0.080243 
2994.615263 0.080307 
2995.579712 0.080074 
2996.544162 0.079691 
2997.508611 0.079298 
2998.473060 0.079070 
2999.437510 0.078946 
3000.401959 0.078822 
3001.366408 0.078719 
3002.330858 0.078751 
3003.295307 0.078798 
3004.259756 0.079065 
3005.224206 0.079182 
3006.188655 0.078838 
3007.153104 0.078558 
3008.117554 0.078617 
3009.082003 0.078785 
3010.046453 0.079073 
3011.010902 0.079091 
3011.975351 0.079377 
3012.939801 0.079733 
3013.904250 0.079197 
3014.868699 0.078927 
3015.833149 0.079037 
3016.797598 0.078636 
3017.762047 0.078415 
3018.726497 0.078745 
3019.690946 0.079098 
3020.655396 0.079268 
3021.619845 0.079460 
3022.584294 0.079727 
3023.548744 0.079691 
3024.513193 0.079448 
3025.477642 0.079541 
3026.442092 0.079729 
3027.406541 0.079718 
3028.370990 0.079814 
3029.335440 0.079905 
3030.299889 0.080192 
3031.264338 0.080940 
3032.228788 0.081187 
3033.193237 0.080716 
3034.157687 0.080765 
3035.122136 0.080886 
3036.086585 0.080762 
3037.051035 0.080773 
3038.015484 0.080783 
3038.979933 0.080879 
3039.944383 0.080948 
3040.908832 0.081044 
3041.873281 0.081078 
3042.837731 0.081004 
3043.802180 0.080983 
3044.766630 0.081068 
3045.731079 0.081059 
3046.695528 0.081106 
3047.659978 0.081162 
3048.624427 0.081537 
3049.588876 0.081697 
3050.553326 0.081481 
3051.517775 0.081334 
3052.482224 0.081433 
3053.446674 0.081585 
3054.411123 0.081578 
3055.375572 0.081742 
3056.340022 0.082269 
3057.304471 0.082024 
3058.268921 0.081617 
3059.233370 0.081728 
3060.197819 0.081881 
3061.162269 0.081929 
3062.126718 0.081958 
3063.091167 0.081931 
3064.055617 0.082228 
3065.020066 0.082507 
3065.984515 0.082182 
3066.948965 0.082065 
3067.913414 0.081969 
3068.877864 0.081900 
3069.842313 0.082003 
3070.806762 0.082002 
3071.771212 0.081953 
3072.735661 0.081879 
3073.700110 0.081954 
3074.664560 0.082012 
3075.629009 0.081986 
3076.593458 0.081854 
3077.557908 0.081962 
3078.522357 0.082130 
3079.486806 0.082290 
3080.451256 0.082230 
3081.415705 0.082121 
3082.380155 0.082221 
3083.344604 0.082108 
3084.309053 0.081795 
3085.273503 0.081511 
3086.237952 0.081486 
3087.202401 0.081710 
3088.166851 0.081758 
3089.131300 0.081625 
3090.095749 0.081528 
3091.060199 0.081489 
3092.024648 0.081432 
3092.989098 0.081359 
3093.953547 0.081331 
3094.917996 0.081120 
3095.882446 0.081236 
3096.846895 0.081516 
3097.811344 0.081392 
3098.775794 0.081281 
3099.740243 0.081192 
3100.704692 0.080976 
3101.669142 0.080848 
3102.633591 0.080688 
3103.598040 0.080436 
3104.562490 0.080199 
3105.526939 0.080222 
3106.491389 0.080390 
3107.455838 0.080580 
3108.420287 0.080491 
3109.384737 0.080294 
3110.349186 0.080347 
3111.313635 0.080292 
3112.278085 0.080305 
3113.242534 0.080217 
3114.206983 0.080141 
3115.171433 0.080324 
3116.135882 0.080677 
3117.100332 0.080507 
3118.064781 0.080532 
3119.029230 0.080819 
3119.993680 0.080361 
3120.958129 0.079904 
3121.922578 0.080007 
3122.887028 0.080312 
3123.851477 0.080066 
3124.815926 0.079904 
3125.780376 0.079936 
3126.744825 0.080010 
3127.709274 0.080033 
3128.673724 0.079924 
3129.638173 0.079783 
3130.602623 0.079646 
3131.567072 0.079592 
3132.531521 0.079666 
3133.495971 0.079994 
3134.460420 0.079932 
3135.424869 0.079894 
3136.389319 0.080032 
3137.353768 0.080079 
3138.318217 0.079947 
3139.282667 0.079853 
3140.247116 0.079843 
3141.211566 0.079938 
3142.176015 0.079991 
3143.140464 0.080044 
3144.104914 0.080018 
3145.069363 0.080048 
3146.033812 0.080079 
3146.998262 0.080109 
3147.962711 0.080160 
3148.927160 0.080324 
3149.891610 0.080505 
3150.856059 0.080577 
3151.820508 0.080564 
3152.784958 0.080550 
3153.749407 0.080544 
3154.713857 0.080619 
3155.678306 0.080672 
3156.642755 0.080755 
3157.607205 0.080768 
3158.571654 0.080797 
3159.536103 0.080889 
3160.500553 0.080964 
3161.465002 0.080971 
3162.429451 0.081027 
3163.393901 0.081079 
3164.358350 0.081176 
3165.322800 0.081302 
3166.287249 0.081432 
3167.251698 0.081472 
3168.216148 0.081569 
3169.180597 0.081690 
3170.145046 0.081833 
3171.109496 0.081867 
3172.073945 0.081876 
3173.038394 0.081901 
3174.002844 0.081977 
3174.967293 0.082050 
3175.931742 0.082113 
3176.896192 0.082022 
3177.860641 0.082168 
3178.825091 0.082344 
3179.789540 0.082178 
3180.753989 0.082142 
3181.718439 0.082181 
3182.682888 0.082222 
3183.647337 0.082192 
3184.611787 0.082290 
3185.576236 0.082507 
3186.540685 0.082485 
3187.505135 0.082486 
3188.469584 0.082516 
3189.434034 0.082547 
3190.398483 0.082702 
3191.362932 0.082854 
3192.327382 0.082864 
3193.291831 0.082855 
3194.256280 0.082870 
3195.220730 0.082892 
3196.185179 0.082915 
3197.149628 0.082952 
3198.114078 0.083134 
3199.078527 0.083096 
3200.042976 0.082925 
3201.007426 0.082827 
3201.971875 0.082752 
3202.936325 0.082824 
3203.900774 0.082880 
3204.865223 0.082780 
3205.829673 0.082684 
3206.794122 0.082685 
3207.758571 0.082655 
3208.723021 0.082624 
3209.687470 0.082814 
3210.651919 0.082911 
3211.616369 0.082719 
3212.580818 0.082545 
3213.545268 0.082480 
3214.509717 0.082721 
3215.474166 0.082732 
3216.438616 0.082708 
3217.403065 0.082697 
3218.367514 0.082605 
3219.331964 0.082769 
3220.296413 0.082828 
3221.260862 0.082534 
3222.225312 0.082456 
3223.189761 0.082443 
3224.154210 0.082400 
3225.118660 0.082397 
3226.083109 0.082514 
3227.047559 0.082715 
3228.012008 0.082795 
3228.976457 0.082488 
3229.940907 0.082524 
3230.905356 0.082624 
3231.869805 0.082422 
3232.834255 0.082205 
3233.798704 0.082079 
3234.763153 0.081946 
3235.727603 0.081950 
3236.692052 0.082021 
3237.656502 0.081978 
3238.620951 0.081874 
3239.585400 0.082021 
3240.549850 0.082113 
3241.514299 0.081996 
3242.478748 0.081912 
3243.443198 0.081891 
3244.407647 0.082063 
3245.372096 0.082420 
3246.336546 0.082200 
3247.300995 0.081940 
3248.265444 0.081963 
3249.229894 0.082001 
3250.194343 0.082021 
3251.158793 0.082052 
3252.123242 0.082058 
3253.087691 0.082040 
3254.052141 0.082341 
3255.016590 0.082372 
3255.981039 0.082082 
3256.945489 0.082173 
3257.909938 0.082163 
3258.874387 0.081952 
3259.838837 0.081872 
3260.803286 0.081933 
3261.767736 0.081744 
3262.732185 0.081784 
3263.696634 0.081876 
3264.661084 0.081960 
3265.625533 0.082021 
3266.589982 0.081950 
3267.554432 0.081895 
3268.518881 0.082030 
3269.483330 0.082187 
3270.447780 0.082233 
3271.412229 0.082178 
3272.376678 0.082161 
3273.341128 0.082434 
3274.305577 0.082722 
3275.270027 0.082506 
3276.234476 0.082725 
3277.198925 0.082713 
3278.163375 0.082371 
3279.127824 0.082317 
3280.092273 0.082298 
3281.056723 0.082111 
3282.021172 0.082176 
3282.985621 0.082731 
3283.950071 0.082982 
3284.914520 0.082522 
3285.878970 0.082153 
3286.843419 0.082069 
3287.807868 0.082133 
3288.772318 0.082355 
3289.736767 0.082480 
3290.701216 0.082506 
3291.665666 0.082650 
3292.630115 0.082660 
3293.594564 0.082641 
3294.559014 0.082388 
3295.523463 0.082197 
3296.487912 0.082129 
3297.452362 0.082480 
3298.416811 0.082645 
3299.381261 0.082440 
3300.345710 0.082366 
3301.310159 0.082311 
3302.274609 0.082344 
3303.239058 0.082480 
3304.203507 0.082369 
3305.167957 0.082282 
3306.132406 0.082234 
3307.096855 0.082326 
3308.061305 0.082743 
3309.025754 0.083121 
3309.990204 0.083115 
3310.954653 0.083037 
3311.919102 0.082593 
3312.883552 0.082478 
3313.848001 0.082466 
3314.812450 0.082294 
3315.776900 0.082247 
3316.741349 0.082428 
3317.705798 0.082459 
3318.670248 0.082277 
3319.634697 0.082142 
3320.599146 0.082113 
3321.563596 0.082084 
3322.528045 0.082163 
3323.492495 0.082387 
3324.456944 0.082655 
3325.421393 0.082664 
3326.385843 0.082760 
3327.350292 0.082942 
3328.314741 0.082779 
3329.279191 0.082592 
3330.243640 0.082584 
3331.208089 0.082499 
3332.172539 0.082444 
3333.136988 0.082478 
3334.101438 0.083062 
3335.065887 0.083424 
3336.030336 0.083438 
3336.994786 0.083987 
3337.959235 0.083200 
3338.923684 0.082306 
3339.888134 0.082424 
3340.852583 0.082525 
3341.817032 0.082599 
3342.781482 0.082475 
3343.745931 0.082284 
3344.710380 0.082262 
3345.674830 0.082454 
3346.639279 0.082645 
3347.603729 0.082784 
3348.568178 0.082929 
3349.532627 0.082895 
3350.497077 0.082778 
3351.461526 0.082793 
3352.425975 0.082776 
3353.390425 0.082873 
3354.354874 0.083169 
3355.319323 0.083878 
3356.283773 0.084302 
3357.248222 0.083886 
3358.212672 0.083328 
3359.177121 0.083342 
3360.141570 0.083496 
3361.106020 0.083813 
3362.070469 0.084368 
3363.034918 0.083792 
3363.999368 0.083440 
3364.963817 0.083753 
3365.928266 0.083860 
3366.892716 0.084164 
3367.857165 0.084676 
3368.821614 0.084433 
3369.786064 0.083868 
3370.750513 0.083623 
3371.714963 0.083657 
3372.679412 0.083785 
3373.643861 0.083879 
3374.608311 0.084106 
3375.572760 0.084160 
3376.537209 0.083982 
3377.501659 0.084041 
3378.466108 0.084360 
3379.430557 0.084407 
3380.395007 0.084234 
3381.359456 0.084173 
3382.323906 0.084348 
3383.288355 0.084812 
3384.252804 0.085347 
3385.217254 0.085268 
3386.181703 0.084838 
3387.146152 0.084527 
3388.110602 0.084463 
3389.075051 0.084598 
3390.039500 0.084631 
3391.003950 0.084794 
3391.968399 0.085876 
3392.932848 0.087260 
3393.897298 0.086201 
3394.861747 0.084801 
3395.826197 0.084880 
3396.790646 0.086175 
3397.755095 0.086795 
3398.719545 0.085603 
3399.683994 0.085086 
3400.648443 0.085361 
3401.612893 0.085499 
3402.577342 0.085121 
3403.541791 0.085284 
3404.506241 0.085326 
3405.470690 0.085121 
3406.435140 0.085189 
3407.399589 0.085308 
3408.364038 0.085153 
3409.328488 0.085078 
3410.292937 0.085135 
3411.257386 0.085233 
3412.221836 0.085218 
3413.186285 0.085306 
3414.150734 0.085274 
3415.115184 0.085108 
3416.079633 0.085068 
3417.044082 0.084909 
3418.008532 0.084945 
3418.972981 0.085652 
3419.937431 0.087291 
3420.901880 0.088126 
3421.866329 0.087261 
3422.830779 0.086703 
3423.795228 0.085934 
3424.759677 0.085059 
3425.724127 0.084760 
3426.688576 0.084968 
3427.653025 0.085224 
3428.617475 0.085245 
3429.581924 0.084941 
3430.546374 0.085077 
3431.510823 0.085397 
3432.475272 0.085442 
3433.439722 0.085338 
3434.404171 0.084987 
3435.368620 0.084965 
3436.333070 0.085377 
3437.297519 0.085385 
3438.261968 0.085347 
3439.226418 0.085128 
3440.190867 0.084697 
3441.155316 0.084815 
3442.119766 0.086230 
3443.084215 0.087046 
3444.048665 0.085732 
3445.013114 0.085819 
3445.977563 0.086721 
3446.942013 0.089357 
3447.906462 0.089429 
3448.870911 0.086076 
3449.835361 0.084639 
3450.799810 0.084319 
3451.764259 0.084357 
3452.728709 0.084397 
3453.693158 0.084427 
3454.657608 0.084396 
3455.622057 0.084810 
3456.586506 0.085024 
3457.550956 0.084990 
3458.515405 0.085510 
3459.479854 0.085655 
3460.444304 0.085664 
3461.408753 0.085926 
3462.373202 0.086441 
3463.337652 0.086431 
3464.302101 0.085221 
3465.266550 0.085043 
3466.231000 0.085844 
3467.195449 0.086742 
3468.159899 0.085492 
3469.124348 0.084587 
3470.088797 0.084916 
3471.053247 0.085334 
3472.017696 0.084929 
3472.982145 0.084823 
3473.946595 0.085273 
3474.911044 0.086214 
3475.875493 0.085712 
3476.839943 0.084831 
3477.804392 0.084721 
3478.768842 0.085149 
3479.733291 0.086841 
3480.697740 0.089074 
3481.662190 0.089081 
3482.626639 0.088891 
3483.591088 0.087231 
3484.555538 0.086400 
3485.519987 0.086782 
3486.484436 0.086613 
3487.448886 0.087224 
3488.413335 0.088729 
3489.377784 0.087028 
3490.342234 0.085986 
3491.306683 0.086334 
3492.271133 0.085961 
3493.235582 0.085543 
3494.200031 0.085942 
3495.164481 0.087041 
3496.128930 0.087959 
3497.093379 0.087684 
3498.057829 0.086327 
3499.022278 0.086394 
3499.986727 0.088024 
3500.951177 0.090604 
3501.915626 0.094673 
3502.880076 0.096325 
3503.844525 0.094273 
3504.808974 0.090860 
3505.773424 0.088273 
3506.737873 0.086865 
3507.702322 0.087123 
3508.666772 0.090706 
3509.631221 0.095346 
3510.595670 0.092478 
3511.560120 0.088992 
3512.524569 0.087795 
3513.489018 0.087254 
3514.453468 0.086938 
3515.417917 0.086741 
3516.382367 0.087013 
3517.346816 0.088082 
3518.311265 0.088499 
3519.275715 0.088586 
3520.240164 0.088000 
3521.204613 0.087835 
3522.169063 0.090792 
3523.133512 0.098008 
3524.097961 0.100284 
3525.062411 0.097261 
3526.026860 0.094748 
3526.991310 0.094774 
3527.955759 0.095167 
3528.920208 0.093791 
3529.884658 0.092039 
3530.849107 0.091234 
3531.813556 0.090859 
3532.778006 0.088888 
3533.742455 0.088169 
3534.706904 0.088780 
3535.671354 0.092887 
3536.635803 0.097071 
3537.600252 0.092826 
3538.564702 0.088847 
3539.529151 0.088517 
3540.493601 0.088431 
3541.458050 0.088292 
3542.422499 0.089187 
3543.386949 0.092269 
3544.351398 0.097248 
3545.315847 0.103851 
3546.280297 0.104032 
3547.244746 0.102448 
3548.209195 0.096038 
3549.173645 0.090110 
3550.138094 0.089026 
3551.102544 0.089596 
3552.066993 0.093492 
3553.031442 0.095704 
3553.995892 0.094456 
3554.960341 0.090777 
3555.924790 0.087916 
3556.889240 0.087861 
3557.853689 0.088269 
3558.818138 0.089142 
3559.782588 0.093125 
3560.747037 0.094791 
3561.711486 0.091865 
3562.675936 0.091037 
3563.640385 0.091198 
3564.604835 0.093831 
3565.569284 0.103845 
3566.533733 0.117551 
3567.498183 0.115046 
3568.462632 0.110039 
3569.427081 0.098075 
3570.391531 0.092366 
3571.355980 0.090733 
3572.320429 0.088344 
3573.284879 0.088158 
3574.249328 0.088682 
3575.213778 0.088782 
3576.178227 0.088066 
3577.142676 0.088943 
3578.107126 0.088605 
3579.071575 0.088940 
3580.036024 0.091926 
3581.000474 0.091181 
3581.964923 0.088523 
3582.929372 0.088709 
3583.893822 0.089501 
3584.858271 0.089690 
3585.822720 0.093417 
3586.787170 0.106279 
3587.751619 0.110143 
3588.716069 0.106171 
3589.680518 0.097147 
3590.644967 0.089667 
3591.609417 0.087844 
3592.573866 0.089791 
3593.538315 0.094207 
3594.502765 0.093517 
3595.467214 0.097127 
3596.431663 0.095568 
3597.396113 0.089860 
3598.360562 0.090060 
3599.325012 0.090560 
3600.289461 0.089500 
3601.253910 0.090873 
3602.218360 0.090310 
3603.182809 0.089507 
3604.147258 0.087415 
3605.111708 0.086370 
3606.076157 0.087902 
3607.040606 0.095603 
3608.005056 0.096432 
3608.969505 0.095739 
3609.933954 0.097304 
3610.898404 0.090460 
3611.862853 0.090218 
3612.827303 0.097265 
3613.791752 0.096830 
3614.756201 0.096935 
3615.720651 0.094132 
3616.685100 0.089096 
3617.649549 0.093361 
3618.613999 0.095431 
3619.578448 0.095687 
3620.542897 0.096035 
3621.507347 0.092124 
3622.471796 0.088686 
3623.436246 0.087270 
3624.400695 0.086928 
3625.365144 0.087815 
3626.329594 0.090635 
3627.294043 0.089071 
3628.258492 0.092194 
3629.222942 0.106850 
3630.187391 0.103257 
3631.151840 0.093972 
3632.116290 0.089430 
3633.080739 0.089129 
3634.045188 0.092556 
3635.009638 0.090601 
3635.974087 0.087678 
3636.938537 0.086701 
3637.902986 0.086993 
3638.867435 0.087594 
3639.831885 0.087462 
3640.796334 0.088312 
3641.760783 0.090895 
3642.725233 0.092725 
3643.689682 0.090057 
3644.654131 0.088204 
3645.618581 0.088752 
3646.583030 0.092903 
3647.547480 0.100284 
3648.511929 0.096917 
3649.476378 0.096866 
3650.440828 0.098553 
3651.405277 0.098971 
3652.369726 0.093578 
3653.334176 0.089675 
3654.298625 0.087951 
3655.263074 0.086268 
3656.227524 0.091385 
3657.191973 0.093642 
3658.156422 0.089173 
3659.120872 0.088392 
3660.085321 0.089052 
3661.049771 0.088635 
3662.014220 0.087985 
3662.978669 0.088044 
3663.943119 0.088053 
3664.907568 0.088387 
3665.872017 0.088651 
3666.836467 0.087906 
3667.800916 0.086142 
3668.765365 0.089240 
3669.729815 0.091652 
3670.694264 0.094956 
3671.658714 0.094653 
3672.623163 0.089353 
3673.587612 0.086663 
3674.552062 0.086321 
3675.516511 0.094295 
3676.480960 0.098103 
3677.445410 0.094667 
3678.409859 0.090530 
3679.374308 0.090870 
3680.338758 0.091991 
3681.303207 0.089996 
3682.267656 0.089190 
3683.232106 0.089035 
3684.196555 0.089717 
3685.161005 0.090089 
3686.125454 0.088920 
3687.089903 0.086059 
3688.054353 0.084884 
3689.018802 0.090961 
3689.983251 0.088556 
3690.947701 0.090758 
3691.912150 0.093749 
3692.876599 0.091169 
3693.841049 0.090893 
3694.805498 0.090550 
3695.769948 0.090403 
3696.734397 0.091655 
3697.698846 0.091004 
3698.663296 0.090533 
3699.627745 0.090665 
3700.592194 0.088957 
3701.556644 0.091564 
3702.521093 0.094219 
3703.485542 0.090496 
3704.449992 0.089447 
3705.414441 0.090691 
3706.378890 0.091509 
3707.343340 0.090005 
3708.307789 0.086893 
3709.272239 0.088049 
3710.236688 0.092331 
3711.201137 0.090981 
3712.165587 0.096006 
3713.130036 0.098688 
3714.094485 0.095386 
3715.058935 0.096075 
3716.023384 0.093440 
3716.987833 0.090134 
3717.952283 0.089523 
3718.916732 0.093694 
3719.881182 0.094699 
3720.845631 0.090476 
3721.810080 0.093423 
3722.774530 0.102085 
3723.738979 0.098983 
3724.703428 0.098659 
3725.667878 0.101881 
3726.632327 0.103039 
3727.596776 0.100860 
3728.561226 0.094052 
3729.525675 0.090615 
3730.490124 0.088299 
3731.454574 0.084576 
3732.419023 0.088321 
3733.383473 0.090996 
3734.347922 0.098764 
3735.312371 0.117653 
3736.276821 0.110857 
3737.241270 0.101104 
3738.205719 0.095031 
3739.170169 0.093874 
3740.134618 0.092238 
3741.099067 0.094817 
3742.063517 0.093230 
3743.027966 0.087133 
3743.992416 0.087015 
3744.956865 0.106083 
3745.921314 0.097632 
3746.885764 0.092595 
3747.850213 0.089181 
3748.814662 0.083704 
3749.779112 0.088884 
3750.743561 0.088431 
3751.708010 0.087268 
3752.672460 0.096315 
3753.636909 0.094262 
3754.601358 0.090501 
3755.565808 0.087251 
3756.530257 0.089306 
3757.494707 0.091191 
3758.459156 0.090272 
3759.423605 0.091982 
3760.388055 0.091328 
3761.352504 0.087734 
3762.316953 0.087621 
3763.281403 0.088014 
3764.245852 0.087797 
3765.210301 0.089204 
3766.174751 0.093674 
3767.139200 0.091179 
3768.103650 0.087761 
3769.068099 0.085373 
3770.032548 0.089588 
3770.996998 0.091535 
3771.961447 0.089696 
3772.925896 0.088621 
3773.890346 0.088227 
3774.854795 0.087995 
3775.819244 0.087853 
3776.783694 0.087720 
3777.748143 0.087016 
3778.712592 0.085391 
3779.677042 0.088822 
3780.641491 0.090232 
3781.605941 0.089114 
3782.570390 0.089103 
3783.534839 0.088175 
3784.499289 0.089980 
3785.463738 0.092495 
3786.428187 0.091908 
3787.392637 0.090556 
3788.357086 0.089484 
3789.321535 0.089509 
3790.285985 0.089152 
3791.250434 0.088725 
3792.214884 0.088769 
3793.179333 0.088887 
3794.143782 0.088516 
3795.108232 0.086743 
3796.072681 0.086754 
3797.037130 0.092053 
3798.001580 0.093256 
3798.966029 0.090534 
3799.930478 0.085604 
3800.894928 0.083414 
3801.859377 0.088767 
3802.823826 0.091757 
3803.788276 0.091031 
3804.752725 0.088645 
3805.717175 0.085009 
3806.681624 0.084946 
3807.646073 0.090804 
3808.610523 0.089918 
3809.574972 0.089493 
3810.539421 0.089909 
3811.503871 0.089911 
3812.468320 0.089877 
3813.432769 0.089444 
3814.397219 0.086896 
3815.361668 0.083712 
3816.326118 0.090117 
3817.290567 0.092126 
3818.255016 0.090997 
3819.219466 0.089574 
3820.183915 0.086114 
3821.148364 0.088891 
3822.112814 0.095086 
3823.077263 0.093741 
3824.041712 0.092581 
3825.006162 0.091359 
3825.970611 0.090333 
3826.935060 0.092679 
3827.899510 0.093452 
3828.863959 0.092004 
3829.828409 0.090094 
3830.792858 0.087644 
3831.757307 0.090644 
3832.721757 0.092178 
3833.686206 0.088831 
3834.650655 0.089779 
3835.615105 0.092681 
3836.579554 0.087363 
3837.544003 0.087341 
3838.508453 0.095441 
3839.472902 0.095565 
3840.437352 0.098610 
3841.401801 0.098493 
3842.366250 0.093129 
3843.330700 0.093306 
3844.295149 0.097589 
3845.259598 0.094469 
3846.224048 0.092261 
3847.188497 0.091646 
3848.152946 0.091706 
3849.117396 0.093517 
3850.081845 0.094201 
3851.046294 0.089718 
3852.010744 0.090903 
3852.975193 0.091937 
3853.939643 0.095413 
3854.904092 0.102203 
3855.868541 0.095137 
3856.832991 0.096579 
3857.797440 0.099285 
3858.761889 0.094560 
3859.726339 0.091787 
3860.690788 0.091108 
3861.655237 0.095034 
3862.619687 0.097065 
3863.584136 0.093106 
3864.548586 0.095908 
3865.513035 0.101922 
3866.477484 0.097298 
3867.441934 0.092720 
3868.406383 0.091044 
3869.370832 0.095633 
3870.335282 0.106781 
3871.299731 0.103498 
3872.264180 0.096917 
3873.228630 0.093417 
3874.193079 0.099367 
3875.157528 0.098304 
3876.121978 0.093081 
3877.086427 0.092107 
3878.050877 0.091646 
3879.015326 0.090932 
3879.979775 0.097376 
3880.944225 0.107054 
3881.908674 0.099707 
3882.873123 0.096620 
3883.837573 0.098127 
3884.802022 0.095925 
3885.766471 0.101627 
3886.730921 0.101702 
3887.695370 0.094261 
3888.659820 0.092109 
3889.624269 0.091061 
3890.588718 0.092106 
3891.553168 0.100161 
3892.517617 0.099613 
3893.482066 0.096885 
3894.446516 0.097843 
3895.410965 0.094972 
3896.375414 0.092959 
3897.339864 0.093912 
3898.304313 0.096951 
3899.268762 0.103354 
3900.233212 0.102133 
3901.197661 0.099528 
3902.162111 0.108679 
3903.126560 0.104136 
3904.091009 0.102981 
3905.055459 0.107035 
3906.019908 0.104630 
3906.984357 0.098523 
3907.948807 0.093215 
3908.913256 0.092022 
3909.877705 0.091795 
3910.842155 0.091894 
3911.806604 0.091941 
3912.771054 0.092324 
3913.735503 0.092509 
3914.699952 0.092810 
3915.664402 0.095217 
3916.628851 0.102595 
3917.593300 0.104953 
3918.557750 0.097602 
3919.522199 0.096767 
3920.486648 0.100249 
3921.451098 0.096094 
3922.415547 0.094041 
3923.379996 0.098026 
3924.344446 0.103619 
3925.308895 0.103705 
3926.273345 0.097478 
3927.237794 0.093684 
3928.202243 0.093766 
3929.166693 0.094925 
3930.131142 0.098344 
3931.095591 0.100705 
3932.060041 0.104761 
3933.024490 0.105449 
3933.988939 0.099447 
3934.953389 0.095622 
3935.917838 0.093226 
3936.882288 0.093051 
3937.846737 0.094613 
3938.811186 0.095779 
3939.775636 0.094621 
3940.740085 0.094032 
3941.704534 0.096282 
3942.668984 0.104276 
3943.633433 0.104772 
3944.597882 0.098724 
3945.562332 0.095407 
3946.526781 0.096371 
3947.491230 0.102661 
3948.455680 0.103725 
3949.420129 0.101487 
3950.384579 0.101495 
3951.349028 0.096721 
3952.313477 0.093717 
3953.277927 0.093985 
3954.242376 0.093887 
3955.206825 0.094251 
3956.171275 0.095396 
3957.135724 0.096512 
3958.100173 0.096033 
3959.064623 0.095324 
3960.029072 0.095253 
3960.993522 0.096754 
3961.957971 0.100126 
3962.922420 0.098388 
3963.886870 0.095061 
3964.851319 0.094721 
3965.815768 0.093941 
3966.780218 0.093441 
3967.744667 0.093955 
3968.709116 0.096057 
3969.673566 0.096841 
3970.638015 0.095071 
3971.602464 0.094964 
3972.566914 0.095859 
3973.531363 0.095319 
3974.495813 0.096155 
3975.460262 0.098390 
3976.424711 0.098525 
3977.389161 0.095509 
3978.353610 0.093780 
3979.318059 0.094195 
3980.282509 0.094842 
3981.246958 0.094864 
3982.211407 0.094983 
3983.175857 0.094443 
3984.140306 0.093898 
3985.104756 0.094079 
3986.069205 0.094108 
3987.033654 0.093732 
3987.998104 0.093890 
3988.962553 0.095043 
3989.927002 0.097276 
3990.891452 0.098208 
3991.855901 0.096347 
3992.820350 0.094974 
3993.784800 0.094912 
3994.749249 0.095728 
3995.713698 0.095919 
3996.678148 0.094608 
3997.642597 0.094208 
3998.607047 0.094334 
3999.571496 0.094491 
4000.535945 0.094484 