##YUNITS=Abs
399.282035 0.157055 
400.246484 0.153656 
401.210934 0.141760 
402.175383 0.136790 
403.139832 0.135379 
404.104282 0.127708 
405.068731 0.121445 
406.033181 0.121105 
406.997630 0.123418 
407.962079 0.124232 
408.926529 0.119740 
409.890978 0.115409 
410.855427 0.115959 
411.819877 0.114333 
412.784326 0.116167 
413.748775 0.117586 
414.713225 0.114193 
415.677674 0.110076 
416.642124 0.108284 
417.606573 0.108316 
418.571022 0.103665 
419.535472 0.095748 
420.499921 0.098335 
421.464370 0.101580 
422.428820 0.102034 
423.393269 0.098601 
424.357718 0.097101 
425.322168 0.097562 
426.286617 0.096356 
427.251066 0.097273 
428.215516 0.098227 
429.179965 0.098881 
430.144415 0.099434 
431.108864 0.097769 
432.073313 0.097879 
433.037763 0.098986 
434.002212 0.098982 
434.966661 0.098802 
435.931111 0.099258 
436.895560 0.096794 
437.860009 0.096415 
438.824459 0.098116 
439.788908 0.098159 
440.753358 0.097131 
441.717807 0.096378 
442.682256 0.097647 
443.646706 0.099217 
444.611155 0.098336 
445.575604 0.098662 
446.540054 0.100822 
447.504503 0.099378 
448.468952 0.096061 
449.433402 0.094776 
450.397851 0.093776 
451.362300 0.093630 
452.326750 0.094841 
453.291199 0.095244 
454.255649 0.092493 
455.220098 0.092283 
456.184547 0.091355 
457.148997 0.089534 
458.113446 0.089069 
459.077895 0.090116 
460.042345 0.090448 
461.006794 0.091050 
461.971243 0.089809 
462.935693 0.088608 
463.900142 0.087786 
464.864592 0.087283 
465.829041 0.086846 
466.793490 0.088625 
467.757940 0.091067 
468.722389 0.091382 
469.686838 0.090557 
470.651288 0.090150 
471.615737 0.089312 
472.580186 0.090085 
473.544636 0.089464 
474.509085 0.089351 
475.473534 0.089833 
476.437984 0.090034 
477.402433 0.088764 
478.366883 0.088859 
479.331332 0.089074 
480.295781 0.088914 
481.260231 0.087411 
482.224680 0.085845 
483.189129 0.086065 
484.153579 0.085958 
485.118028 0.084920 
486.082477 0.085111 
487.046927 0.082825 
488.011376 0.079952 
488.975826 0.078303 
489.940275 0.077911 
490.904724 0.078148 
491.869174 0.078251 
492.833623 0.075650 
493.798072 0.073575 
494.762522 0.072604 
495.726971 0.071776 
496.691420 0.070626 
497.655870 0.070174 
498.620319 0.070089 
499.584768 0.069471 
500.549218 0.068547 
501.513667 0.069603 
502.478117 0.069916 
503.442566 0.068012 
504.407015 0.067330 
505.371465 0.066552 
506.335914 0.066093 
507.300363 0.066596 
508.264813 0.065559 
509.229262 0.065165 
510.193711 0.065839 
511.158161 0.065630 
512.122610 0.064316 
513.087060 0.064040 
514.051509 0.064253 
515.015958 0.064093 
515.980408 0.064077 
516.944857 0.065637 
517.909306 0.065323 
518.873756 0.064451 
519.838205 0.064020 
520.802654 0.062836 
521.767104 0.062298 
522.731553 0.062656 
523.696002 0.062480 
524.660452 0.062432 
525.624901 0.062671 
526.589351 0.062925 
527.553800 0.062809 
528.518249 0.063469 
529.482699 0.064385 
530.447148 0.067604 
531.411597 0.070422 
532.376047 0.068956 
533.340496 0.066030 
534.304945 0.062974 
535.269395 0.062228 
536.233844 0.063232 
537.198294 0.061807 
538.162743 0.060830 
539.127192 0.060798 
540.091642 0.060071 
541.056091 0.060002 
542.020540 0.059664 
542.984990 0.060000 
543.949439 0.059600 
544.913888 0.059554 
545.878338 0.059744 
546.842787 0.059523 
547.807236 0.059526 
548.771686 0.059320 
549.736135 0.059791 
550.700585 0.059469 
551.665034 0.058505 
552.629483 0.058196 
553.593933 0.058523 
554.558382 0.058851 
555.522831 0.058978 
556.487281 0.058901 
557.451730 0.058940 
558.416179 0.058924 
559.380629 0.059295 
560.345078 0.059522 
561.309528 0.059475 
562.273977 0.059261 
563.238426 0.059938 
564.202876 0.060719 
565.167325 0.061058 
566.131774 0.061129 
567.096224 0.061632 
568.060673 0.062033 
569.025122 0.062216 
569.989572 0.062025 
570.954021 0.062527 
571.918470 0.062834 
572.882920 0.062881 
573.847369 0.063320 
574.811819 0.064234 
575.776268 0.065942 
576.740717 0.066363 
577.705167 0.065275 
578.669616 0.065324 
579.634065 0.066328 
580.598515 0.067798 
581.562964 0.067555 
582.527413 0.066994 
583.491863 0.067160 
584.456312 0.068013 
585.420762 0.068298 
586.385211 0.068502 
587.349660 0.069263 
588.314110 0.070004 
589.278559 0.069628 
590.243008 0.069171 
591.207458 0.069543 
592.171907 0.069933 
593.136356 0.069254 
594.100806 0.069310 
595.065255 0.069357 
596.029704 0.069488 
596.994154 0.069985 
597.958603 0.070410 
598.923053 0.070858 
599.887502 0.072235 
600.851951 0.072357 
601.816401 0.071945 
602.780850 0.072047 
603.745299 0.072514 
604.709749 0.072928 
605.674198 0.072935 
606.638647 0.072890 
607.603097 0.073049 
608.567546 0.073184 
609.531996 0.073133 
610.496445 0.072822 
611.460894 0.072771 
612.425344 0.072732 
613.389793 0.072702 
614.354242 0.072808 
615.318692 0.073038 
616.283141 0.073238 
617.247590 0.073184 
618.212040 0.073370 
619.176489 0.074357 
620.140938 0.075661 
621.105388 0.076655 
622.069837 0.076948 
623.034287 0.077713 
623.998736 0.078928 
624.963185 0.080294 
625.927635 0.080836 
626.892084 0.081046 
627.856533 0.081673 
628.820983 0.082609 
629.785432 0.083208 
630.749881 0.083317 
631.714331 0.082641 
632.678780 0.081423 
633.643230 0.079237 
634.607679 0.077402 
635.572128 0.076172 
636.536578 0.074578 
637.501027 0.073624 
638.465476 0.073188 
639.429926 0.072952 
640.394375 0.072760 
641.358824 0.072151 
642.323274 0.071971 
643.287723 0.071683 
644.252172 0.071363 
645.216622 0.071572 
646.181071 0.071618 
647.145521 0.071133 
648.109970 0.071049 
649.074419 0.071041 
650.038869 0.070923 
651.003318 0.071089 
651.967767 0.071055 
652.932217 0.070533 
653.896666 0.070565 
654.861115 0.070530 
655.825565 0.070425 
656.790014 0.070531 
657.754464 0.070765 
658.718913 0.071493 
659.683362 0.072222 
660.647812 0.072426 
661.612261 0.073424 
662.576710 0.075132 
663.541160 0.077414 
664.505609 0.080514 
665.470058 0.084515 
666.434508 0.087202 
667.398957 0.085578 
668.363406 0.088435 
669.327856 0.095311 
670.292305 0.095016 
671.256755 0.091561 
672.221204 0.086759 
673.185653 0.082454 
674.150103 0.079896 
675.114552 0.078283 
676.079001 0.077054 
677.043451 0.076324 
678.007900 0.075855 
678.972349 0.075739 
679.936799 0.075821 
680.901248 0.076084 
681.865698 0.076396 
682.830147 0.076985 
683.794596 0.077238 
684.759046 0.077646 
685.723495 0.078076 
686.687944 0.079167 
687.652394 0.080365 
688.616843 0.081696 
689.581292 0.082564 
690.545742 0.083506 
691.510191 0.084461 
692.474640 0.085703 
693.439090 0.087031 
694.403539 0.088434 
695.367989 0.089869 
696.332438 0.091713 
697.296887 0.093439 
698.261337 0.095033 
699.225786 0.096385 
700.190235 0.097923 
701.154685 0.099334 
702.119134 0.100779 
703.083583 0.102187 
704.048033 0.103996 
705.012482 0.105843 
705.976932 0.107733 
706.941381 0.109503 
707.905830 0.111727 
708.870280 0.114090 
709.834729 0.117055 
710.799178 0.120064 
711.763628 0.123276 
712.728077 0.126747 
713.692526 0.130762 
714.656976 0.134743 
715.621425 0.139382 
716.585874 0.144742 
717.550324 0.151006 
718.514773 0.157819 
719.479223 0.165313 
720.443672 0.173617 
721.408121 0.183095 
722.372571 0.193219 
723.337020 0.204950 
724.301469 0.218112 
725.265919 0.233436 
726.230368 0.250759 
727.194817 0.270710 
728.159267 0.293362 
729.123716 0.319583 
730.088166 0.349400 
731.052615 0.383328 
732.017064 0.420609 
732.981514 0.462127 
733.945963 0.508573 
734.910412 0.562308 
735.874862 0.625259 
736.839311 0.700276 
737.803760 0.787803 
738.768210 0.891866 
739.732659 1.012690 
740.697108 1.154936 
741.661558 1.319276 
742.626007 1.514747 
743.590457 1.743830 
744.554906 2.032678 
745.519355 2.361778 
746.483805 2.634372 
747.448254 2.505172 
748.412703 2.439225 
749.377153 2.398392 
750.341602 2.397732 
751.306051 2.373059 
752.270501 2.385921 
753.234950 2.377442 
754.199400 2.364603 
755.163849 2.355616 
756.128298 2.365918 
757.092748 2.357127 
758.057197 2.359755 
759.021646 2.333194 
759.986096 2.341076 
760.950545 2.363635 
761.914994 2.380932 
762.879444 2.366013 
763.843893 2.364171 
764.808342 2.369275 
765.772792 2.384409 
766.737241 2.357803 
767.701691 2.357296 
768.666140 2.366608 
769.630589 2.377187 
770.595039 2.367955 
771.559488 2.371592 
772.523937 2.366535 
773.488387 2.385184 
774.452836 2.377568 
775.417285 2.373883 
776.381735 2.368834 
777.346184 2.375909 
778.310634 2.354283 
779.275083 2.362983 
780.239532 2.352942 
781.203982 2.349848 
782.168431 2.350779 
783.132880 2.373639 
784.097330 2.367846 
785.061779 2.378545 
786.026228 2.383293 
786.990678 2.386103 
787.955127 2.389024 
788.919576 2.386141 
789.884026 2.357816 
790.848475 2.354676 
791.812925 2.340268 
792.777374 2.329507 
793.741823 2.311618 
794.706273 2.310549 
795.670722 2.298846 
796.635171 2.313890 
797.599621 2.317674 
798.564070 2.338571 
799.528519 2.353778 
800.492969 2.365746 
801.457418 2.377926 
802.421868 2.456704 
803.386317 2.589265 
804.350766 2.363266 
805.315216 1.869513 
806.279665 1.536326 
807.244114 1.280995 
808.208564 1.084308 
809.173013 0.926603 
810.137462 0.801196 
811.101912 0.700459 
812.066361 0.621386 
813.030810 0.558393 
813.995260 0.507508 
814.959709 0.463138 
815.924159 0.423697 
816.888608 0.388086 
817.853057 0.356587 
818.817507 0.328180 
819.781956 0.303301 
820.746405 0.281894 
821.710855 0.264306 
822.675304 0.249715 
823.639753 0.237868 
824.604203 0.227963 
825.568652 0.220215 
826.533102 0.213657 
827.497551 0.208195 
828.462000 0.203208 
829.426450 0.198727 
830.390899 0.194513 
831.355348 0.190738 
832.319798 0.186888 
833.284247 0.183106 
834.248696 0.179408 
835.213146 0.176447 
836.177595 0.173232 
837.142044 0.169715 
838.106494 0.165569 
839.070943 0.160936 
840.035393 0.155602 
840.999842 0.150010 
841.964291 0.144782 
842.928741 0.140494 
843.893190 0.136580 
844.857639 0.133183 
845.822089 0.130364 
846.786538 0.128422 
847.750987 0.126995 
848.715437 0.125958 
849.679886 0.124714 
850.644336 0.123538 
851.608785 0.122466 
852.573234 0.121445 
853.537684 0.120089 
854.502133 0.118902 
855.466582 0.117882 
856.431032 0.117028 
857.395481 0.116173 
858.359930 0.115717 
859.324380 0.115495 
860.288829 0.115569 
861.253278 0.115595 
862.217728 0.115770 
863.182177 0.115919 
864.146627 0.116143 
865.111076 0.116057 
866.075525 0.115894 
867.039975 0.115607 
868.004424 0.115264 
868.968873 0.114380 
869.933323 0.112997 
870.897772 0.110916 
871.862221 0.108704 
872.826671 0.106400 
873.791120 0.104381 
874.755570 0.102707 
875.720019 0.101590 
876.684468 0.100430 
877.648918 0.099429 
878.613367 0.098452 
879.577816 0.097681 
880.542266 0.096948 
881.506715 0.096430 
882.471164 0.095978 
883.435614 0.095708 
884.400063 0.095355 
885.364512 0.095230 
886.328962 0.095099 
887.293411 0.094996 
888.257861 0.094811 
889.222310 0.094824 
890.186759 0.094789 
891.151209 0.094841 
892.115658 0.095050 
893.080107 0.095553 
894.044557 0.096140 
895.009006 0.097039 
895.973455 0.098072 
896.937905 0.099373 
897.902354 0.100632 
898.866804 0.101935 
899.831253 0.103069 
900.795702 0.104148 
901.760152 0.105033 
902.724601 0.105991 
903.689050 0.106574 
904.653500 0.106910 
905.617949 0.107005 
906.582398 0.106934 
907.546848 0.106653 
908.511297 0.106548 
909.475746 0.106594 
910.440196 0.106915 
911.404645 0.107265 
912.369095 0.108014 
913.333544 0.108651 
914.297993 0.109028 
915.262443 0.108804 
916.226892 0.108446 
917.191341 0.108200 
918.155791 0.108244 
919.120240 0.108257 
920.084689 0.108605 
921.049139 0.109095 
922.013588 0.109796 
922.978038 0.110548 
923.942487 0.111561 
924.906936 0.112672 
925.871386 0.114313 
926.835835 0.116218 
927.800284 0.118597 
928.764734 0.121240 
929.729183 0.124104 
930.693632 0.126629 
931.658082 0.128952 
932.622531 0.131196 
933.586980 0.133493 
934.551430 0.134709 
935.515879 0.135404 
936.480329 0.136684 
937.444778 0.138720 
938.409227 0.140456 
939.373677 0.141411 
940.338126 0.141156 
941.302575 0.139996 
942.267025 0.137900 
943.231474 0.135355 
944.195923 0.132544 
945.160373 0.129881 
946.124822 0.127281 
947.089272 0.125091 
948.053721 0.123176 
949.018170 0.121573 
949.982620 0.120018 
950.947069 0.118798 
951.911518 0.117768 
952.875968 0.116985 
953.840417 0.116377 
954.804866 0.116116 
955.769316 0.115988 
956.733765 0.116170 
957.698214 0.116436 
958.662664 0.117044 
959.627113 0.117675 
960.591563 0.118520 
961.556012 0.119534 
962.520461 0.120866 
963.484911 0.122091 
964.449360 0.123044 
965.413809 0.123241 
966.378259 0.122871 
967.342708 0.122130 
968.307157 0.121710 
969.271607 0.121813 
970.236056 0.122423 
971.200506 0.123304 
972.164955 0.124873 
973.129404 0.126744 
974.093854 0.128920 
975.058303 0.131065 
976.022752 0.133017 
976.987202 0.134331 
977.951651 0.134965 
978.916100 0.134640 
979.880550 0.133815 
980.844999 0.132643 
981.809448 0.131557 
982.773898 0.130579 
983.738347 0.129952 
984.702797 0.129397 
985.667246 0.128778 
986.631695 0.127647 
987.596145 0.126026 
988.560594 0.123792 
989.525043 0.121410 
990.489493 0.119000 
991.453942 0.116794 
992.418391 0.114823 
993.382841 0.113509 
994.347290 0.112679 
995.311740 0.112357 
996.276189 0.112399 
997.240638 0.112958 
998.205088 0.113846 
999.169537 0.115256 
1000.133986 0.116825 
1001.098436 0.118682 
1002.062885 0.120807 
1003.027334 0.123368 
1003.991784 0.125996 
1004.956233 0.128911 
1005.920682 0.132071 
1006.885132 0.135566 
1007.849581 0.139084 
1008.814031 0.142763 
1009.778480 0.146487 
1010.742929 0.150593 
1011.707379 0.155185 
1012.671828 0.159987 
1013.636277 0.164143 
1014.600727 0.167217 
1015.565176 0.168384 
1016.529625 0.167734 
1017.494075 0.165120 
1018.458524 0.161310 
1019.422974 0.156949 
1020.387423 0.152931 
1021.351872 0.148955 
1022.316322 0.144491 
1023.280771 0.138817 
1024.245220 0.132007 
1025.209670 0.124625 
1026.174119 0.117869 
1027.138568 0.112070 
1028.103018 0.107570 
1029.067467 0.104020 
1030.031916 0.101151 
1030.996366 0.098421 
1031.960815 0.095941 
1032.925265 0.093512 
1033.889714 0.091285 
1034.854163 0.089016 
1035.818613 0.087051 
1036.783062 0.085437 
1037.747511 0.084285 
1038.711961 0.083315 
1039.676410 0.082653 
1040.640859 0.082074 
1041.605309 0.081839 
1042.569758 0.081685 
1043.534208 0.081752 
1044.498657 0.081999 
1045.463106 0.082586 
1046.427556 0.083437 
1047.392005 0.084560 
1048.356454 0.085941 
1049.320904 0.087879 
1050.285353 0.090159 
1051.249802 0.092934 
1052.214252 0.095677 
1053.178701 0.098132 
1054.143150 0.099882 
1055.107600 0.100889 
1056.072049 0.101148 
1057.036499 0.101275 
1058.000948 0.101427 
1058.965397 0.101866 
1059.929847 0.102427 
1060.894296 0.103402 
1061.858745 0.104775 
1062.823195 0.106840 
1063.787644 0.109019 
1064.752093 0.110611 
1065.716543 0.110915 
1066.680992 0.109925 
1067.645442 0.107963 
1068.609891 0.105915 
1069.574340 0.104041 
1070.538790 0.102733 
1071.503239 0.101811 
1072.467688 0.101432 
1073.432138 0.101437 
1074.396587 0.101844 
1075.361036 0.102566 
1076.325486 0.103696 
1077.289935 0.104944 
1078.254384 0.106582 
1079.218834 0.108347 
1080.183283 0.110310 
1081.147733 0.112352 
1082.112182 0.114746 
1083.076631 0.117533 
1084.041081 0.121142 
1085.005530 0.125443 
1085.969979 0.130661 
1086.934429 0.136671 
1087.898878 0.143805 
1088.863327 0.151853 
1089.827777 0.161042 
1090.792226 0.170980 
1091.756676 0.181530 
1092.721125 0.191920 
1093.685574 0.201730 
1094.650024 0.210180 
1095.614473 0.216967 
1096.578922 0.221740 
1097.543372 0.225063 
1098.507821 0.226796 
1099.472270 0.227371 
1100.436720 0.226847 
1101.401169 0.225868 
1102.365618 0.224837 
1103.330068 0.224466 
1104.294517 0.224699 
1105.258967 0.225808 
1106.223416 0.227380 
1107.187865 0.229463 
1108.152315 0.231096 
1109.116764 0.232159 
1110.081213 0.232198 
1111.045663 0.230968 
1112.010112 0.226856 
1112.974561 0.218732 
1113.939011 0.206128 
1114.903460 0.190752 
1115.867910 0.174771 
1116.832359 0.160309 
1117.796808 0.147923 
1118.761258 0.138033 
1119.725707 0.130199 
1120.690156 0.124121 
1121.654606 0.119200 
1122.619055 0.115483 
1123.583504 0.112569 
1124.547954 0.110392 
1125.512403 0.108539 
1126.476852 0.107271 
1127.441302 0.106381 
1128.405751 0.105900 
1129.370201 0.105570 
1130.334650 0.105370 
1131.299099 0.105210 
1132.263549 0.105537 
1133.227998 0.105961 
1134.192447 0.106579 
1135.156897 0.107350 
1136.121346 0.108444 
1137.085795 0.109592 
1138.050245 0.110944 
1139.014694 0.112290 
1139.979144 0.113958 
1140.943593 0.115772 
1141.908042 0.117872 
1142.872492 0.120155 
1143.836941 0.122835 
1144.801390 0.125673 
1145.765840 0.128900 
1146.730289 0.132378 
1147.694738 0.136370 
1148.659188 0.140780 
1149.623637 0.145852 
1150.588086 0.151209 
1151.552536 0.157222 
1152.516985 0.163822 
1153.481435 0.171232 
1154.445884 0.179443 
1155.410333 0.188795 
1156.374783 0.199024 
1157.339232 0.210537 
1158.303681 0.223233 
1159.268131 0.237483 
1160.232580 0.253173 
1161.197029 0.271066 
1162.161479 0.290988 
1163.125928 0.313266 
1164.090378 0.337450 
1165.054827 0.363635 
1166.019276 0.391211 
1166.983726 0.420437 
1167.948175 0.450629 
1168.912624 0.481393 
1169.877074 0.510520 
1170.841523 0.537098 
1171.805972 0.558129 
1172.770422 0.572198 
1173.734871 0.576749 
1174.699320 0.571348 
1175.663770 0.555868 
1176.628219 0.533266 
1177.592669 0.505713 
1178.557118 0.477009 
1179.521567 0.449074 
1180.486017 0.424187 
1181.450466 0.402308 
1182.414915 0.384141 
1183.379365 0.369966 
1184.343814 0.360358 
1185.308263 0.354977 
1186.272713 0.354422 
1187.237162 0.358344 
1188.201612 0.366893 
1189.166061 0.379346 
1190.130510 0.395136 
1191.094960 0.412106 
1192.059409 0.428522 
1193.023858 0.441592 
1193.988308 0.449374 
1194.952757 0.449929 
1195.917206 0.443841 
1196.881656 0.431670 
1197.846105 0.415956 
1198.810554 0.397926 
1199.775004 0.380029 
1200.739453 0.363268 
1201.703903 0.348626 
1202.668352 0.335925 
1203.632801 0.325397 
1204.597251 0.316528 
1205.561700 0.309785 
1206.526149 0.304639 
1207.490599 0.301308 
1208.455048 0.299405 
1209.419497 0.299442 
1210.383947 0.301308 
1211.348396 0.306045 
1212.312846 0.314198 
1213.277295 0.326884 
1214.241744 0.344279 
1215.206194 0.363225 
1216.170643 0.373833 
1217.135092 0.369115 
1218.099542 0.353255 
1219.063991 0.336457 
1220.028440 0.323265 
1220.992890 0.314161 
1221.957339 0.307632 
1222.921788 0.303100 
1223.886238 0.299572 
1224.850687 0.297121 
1225.815137 0.294976 
1226.779586 0.293418 
1227.744035 0.292296 
1228.708485 0.291760 
1229.672934 0.291364 
1230.637383 0.291424 
1231.601833 0.291763 
1232.566282 0.292621 
1233.530731 0.293704 
1234.495181 0.295362 
1235.459630 0.297262 
1236.424080 0.299711 
1237.388529 0.302231 
1238.352978 0.305152 
1239.317428 0.308231 
1240.281877 0.311902 
1241.246326 0.315737 
1242.210776 0.320220 
1243.175225 0.324981 
1244.139674 0.330210 
1245.104124 0.335348 
1246.068573 0.340713 
1247.033022 0.345783 
1247.997472 0.351007 
1248.961921 0.356461 
1249.926371 0.362686 
1250.890820 0.369434 
1251.855269 0.376966 
1252.819719 0.384473 
1253.784168 0.391762 
1254.748617 0.397626 
1255.713067 0.402008 
1256.677516 0.403981 
1257.641965 0.404008 
1258.606415 0.401646 
1259.570864 0.397857 
1260.535314 0.392005 
1261.499763 0.384202 
1262.464212 0.374725 
1263.428662 0.364214 
1264.393111 0.352657 
1265.357560 0.341328 
1266.322010 0.330374 
1267.286459 0.320292 
1268.250908 0.310876 
1269.215358 0.302297 
1270.179807 0.293711 
1271.144256 0.285465 
1272.108706 0.277463 
1273.073155 0.270172 
1274.037605 0.263654 
1275.002054 0.258262 
1275.966503 0.253459 
1276.930953 0.249418 
1277.895402 0.245499 
1278.859851 0.241956 
1279.824301 0.238365 
1280.788750 0.234750 
1281.753199 0.231038 
1282.717649 0.227962 
1283.682098 0.225204 
1284.646548 0.223191 
1285.610997 0.221450 
1286.575446 0.220465 
1287.539896 0.219655 
1288.504345 0.218139 
1289.468794 0.215326 
1290.433244 0.212230 
1291.397693 0.208108 
1292.362142 0.203703 
1293.326592 0.199256 
1294.291041 0.195200 
1295.255490 0.191479 
1296.219940 0.188819 
1297.184389 0.186439 
1298.148839 0.184656 
1299.113288 0.183164 
1300.077737 0.181524 
1301.042187 0.179379 
1302.006636 0.177747 
1302.971085 0.177006 
1303.935535 0.177425 
1304.899984 0.178129 
1305.864433 0.178870 
1306.828883 0.179224 
1307.793332 0.179932 
1308.757782 0.180615 
1309.722231 0.181338 
1310.686680 0.181772 
1311.651130 0.182176 
1312.615579 0.182285 
1313.580028 0.181766 
1314.544478 0.181657 
1315.508927 0.182480 
1316.473376 0.184436 
1317.437826 0.186940 
1318.402275 0.188382 
1319.366724 0.189180 
1320.331174 0.187194 
1321.295623 0.183838 
1322.260073 0.179538 
1323.224522 0.175914 
1324.188971 0.172379 
1325.153421 0.169510 
1326.117870 0.167284 
1327.082319 0.166248 
1328.046769 0.165967 
1329.011218 0.166845 
1329.975667 0.168386 
1330.940117 0.170647 
1331.904566 0.173347 
1332.869016 0.176798 
1333.833465 0.180235 
1334.797914 0.183614 
1335.762364 0.186111 
1336.726813 0.187407 
1337.691262 0.185801 
1338.655712 0.184236 
1339.620161 0.182540 
1340.584610 0.179510 
1341.549060 0.175652 
1342.513509 0.174334 
1343.477958 0.174257 
1344.442408 0.174538 
1345.406857 0.174464 
1346.371307 0.174343 
1347.335756 0.173698 
1348.300205 0.172928 
1349.264655 0.171467 
1350.229104 0.169675 
1351.193553 0.167795 
1352.158003 0.166712 
1353.122452 0.166148 
1354.086901 0.167236 
1355.051351 0.169403 
1356.015800 0.171773 
1356.980250 0.174665 
1357.944699 0.178646 
1358.909148 0.182014 
1359.873598 0.185373 
1360.838047 0.189210 
1361.802496 0.192379 
1362.766946 0.194172 
1363.731395 0.192970 
1364.695844 0.188557 
1365.660294 0.184856 
1366.624743 0.180266 
1367.589192 0.175867 
1368.553642 0.171263 
1369.518091 0.165834 
1370.482541 0.160561 
1371.446990 0.156404 
1372.411439 0.153065 
1373.375889 0.151006 
1374.340338 0.149245 
1375.304787 0.147617 
1376.269237 0.147882 
1377.233686 0.152004 
1378.198135 0.160446 
1379.162585 0.170047 
1380.127034 0.178119 
1381.091484 0.180674 
1382.055933 0.175608 
1383.020382 0.165180 
1383.984832 0.153685 
1384.949281 0.144248 
1385.913730 0.137909 
1386.878180 0.133992 
1387.842629 0.128989 
1388.807078 0.124341 
1389.771528 0.121544 
1390.735977 0.120133 
1391.700426 0.118699 
1392.664876 0.117733 
1393.629325 0.117765 
1394.593775 0.119370 
1395.558224 0.119786 
1396.522673 0.119328 
1397.487123 0.120189 
1398.451572 0.121522 
1399.416021 0.122673 
1400.380471 0.123864 
1401.344920 0.125160 
1402.309369 0.128075 
1403.273819 0.131466 
1404.238268 0.136149 
1405.202718 0.142980 
1406.167167 0.148584 
1407.131616 0.154032 
1408.096066 0.161946 
1409.060515 0.170150 
1410.024964 0.178881 
1410.989414 0.186047 
1411.953863 0.192113 
1412.918312 0.195407 
1413.882762 0.198057 
1414.847211 0.199916 
1415.811660 0.202295 
1416.776110 0.204414 
1417.740559 0.206482 
1418.705009 0.206583 
1419.669458 0.208086 
1420.633907 0.205038 
1421.598357 0.202358 
1422.562806 0.199473 
1423.527255 0.198242 
1424.491705 0.195581 
1425.456154 0.192752 
1426.420603 0.192239 
1427.385053 0.194412 
1428.349502 0.198325 
1429.313952 0.204836 
1430.278401 0.217878 
1431.242850 0.233395 
1432.207300 0.253548 
1433.171749 0.284680 
1434.136198 0.321005 
1435.100648 0.352936 
1436.065097 0.375774 
1437.029546 0.373199 
1437.993996 0.349159 
1438.958445 0.322881 
1439.922894 0.296902 
1440.887344 0.276891 
1441.851793 0.262931 
1442.816243 0.252568 
1443.780692 0.244648 
1444.745141 0.237904 
1445.709591 0.232357 
1446.674040 0.228209 
1447.638489 0.226462 
1448.602939 0.225198 
1449.567388 0.224673 
1450.531837 0.227610 
1451.496287 0.234138 
1452.460736 0.243606 
1453.425186 0.250839 
1454.389635 0.257718 
1455.354084 0.262944 
1456.318534 0.265460 
1457.282983 0.263558 
1458.247432 0.259809 
1459.211882 0.253842 
1460.176331 0.249725 
1461.140780 0.245983 
1462.105230 0.243369 
1463.069679 0.241361 
1464.034128 0.243545 
1464.998578 0.255237 
1465.963027 0.264811 
1466.927477 0.260601 
1467.891926 0.252821 
1468.856375 0.238772 
1469.820825 0.216100 
1470.785274 0.191536 
1471.749723 0.170634 
1472.714173 0.148986 
1473.678622 0.137042 
1474.643071 0.127678 
1475.607521 0.122765 
1476.571970 0.117713 
1477.536420 0.112600 
1478.500869 0.108602 
1479.465318 0.105938 
1480.429768 0.103967 
1481.394217 0.102834 
1482.358666 0.100258 
1483.323116 0.098327 
1484.287565 0.096931 
1485.252014 0.096596 
1486.216464 0.096435 
1487.180913 0.095805 
1488.145362 0.095522 
1489.109812 0.097070 
1490.074261 0.097584 
1491.038711 0.095477 
1492.003160 0.093406 
1492.967609 0.092528 
1493.932059 0.092294 
1494.896508 0.092307 
1495.860957 0.092725 
1496.825407 0.094305 
1497.789856 0.093337 
1498.754305 0.093730 
1499.718755 0.094623 
1500.683204 0.094935 
1501.647654 0.095964 
1502.612103 0.096024 
1503.576552 0.095526 
1504.541002 0.095428 
1505.505451 0.095214 
1506.469900 0.099375 
1507.434350 0.106916 
1508.398799 0.106664 
1509.363248 0.105683 
1510.327698 0.105675 
1511.292147 0.103927 
1512.256596 0.104767 
1513.221046 0.104623 
1514.185495 0.104717 
1515.149945 0.106872 
1516.114394 0.108527 
1517.078843 0.109169 
1518.043293 0.108503 
1519.007742 0.107517 
1519.972191 0.108354 
1520.936641 0.110562 
1521.901090 0.111129 
1522.865539 0.110917 
1523.829989 0.111510 
1524.794438 0.112292 
1525.758888 0.114503 
1526.723337 0.115132 
1527.687786 0.116477 
1528.652236 0.116691 
1529.616685 0.116942 
1530.581134 0.117949 
1531.545584 0.120914 
1532.510033 0.121705 
1533.474482 0.123579 
1534.438932 0.127469 
1535.403381 0.128888 
1536.367830 0.129658 
1537.332280 0.130581 
1538.296729 0.131172 
1539.261179 0.133692 
1540.225628 0.138440 
1541.190077 0.140306 
1542.154527 0.142964 
1543.118976 0.147829 
1544.083425 0.149682 
1545.047875 0.152474 
1546.012324 0.152403 
1546.976773 0.151349 
1547.941223 0.151591 
1548.905672 0.153034 
1549.870122 0.156137 
1550.834571 0.155569 
1551.799020 0.152797 
1552.763470 0.152019 
1553.727919 0.151549 
1554.692368 0.152110 
1555.656818 0.149657 
1556.621267 0.147294 
1557.585716 0.144254 
1558.550166 0.143817 
1559.514615 0.142424 
1560.479064 0.140888 
1561.443514 0.138061 
1562.407963 0.135895 
1563.372413 0.133691 
1564.336862 0.131937 
1565.301311 0.130384 
1566.265761 0.128736 
1567.230210 0.126780 
1568.194659 0.125287 
1569.159109 0.123980 
1570.123558 0.123541 
1571.088007 0.122235 
1572.052457 0.121313 
1573.016906 0.120517 
1573.981356 0.119888 
1574.945805 0.118456 
1575.910254 0.117377 
1576.874704 0.119588 
1577.839153 0.119437 
1578.803602 0.118556 
1579.768052 0.118270 
1580.732501 0.117926 
1581.696950 0.117669 
1582.661400 0.117268 
1583.625849 0.116972 
1584.590298 0.116253 
1585.554748 0.115662 
1586.519197 0.114768 
1587.483647 0.113906 
1588.448096 0.112837 
1589.412545 0.112094 
1590.376995 0.111001 
1591.341444 0.109849 
1592.305893 0.108529 
1593.270343 0.107326 
1594.234792 0.106104 
1595.199241 0.105069 
1596.163691 0.103787 
1597.128140 0.102653 
1598.092590 0.101193 
1599.057039 0.100112 
1600.021488 0.098909 
1600.985938 0.098265 
1601.950387 0.097427 
1602.914836 0.096871 
1603.879286 0.095803 
1604.843735 0.094875 
1605.808184 0.094123 
1606.772634 0.094019 
1607.737083 0.093513 
1608.701532 0.093044 
1609.665982 0.092962 
1610.630431 0.092525 
1611.594881 0.091914 
1612.559330 0.091800 
1613.523779 0.091318 
1614.488229 0.091023 
1615.452678 0.089914 
1616.417127 0.089108 
1617.381577 0.090920 
1618.346026 0.091127 
1619.310475 0.090834 
1620.274925 0.090931 
1621.239374 0.090621 
1622.203824 0.090322 
1623.168273 0.089902 
1624.132722 0.090775 
1625.097172 0.090296 
1626.061621 0.090037 
1627.026070 0.089351 
1627.990520 0.090002 
1628.954969 0.090240 
1629.919418 0.090189 
1630.883868 0.090143 
1631.848317 0.090331 
1632.812766 0.090227 
1633.777216 0.089848 
1634.741665 0.088289 
1635.706115 0.090763 
1636.670564 0.091624 
1637.635013 0.092149 
1638.599463 0.092238 
1639.563912 0.092092 
1640.528361 0.092274 
1641.492811 0.092561 
1642.457260 0.092731 
1643.421709 0.092856 
1644.386159 0.092429 
1645.350608 0.092039 
1646.315058 0.093158 
1647.279507 0.094858 
1648.243956 0.095257 
1649.208406 0.095511 
1650.172855 0.095038 
1651.137304 0.094436 
1652.101754 0.092027 
1653.066203 0.092753 
1654.030652 0.098669 
1654.995102 0.099975 
1655.959551 0.099008 
1656.924000 0.099379 
1657.888450 0.099476 
1658.852899 0.099893 
1659.817349 0.100393 
1660.781798 0.101448 
1661.746247 0.101546 
1662.710697 0.102554 
1663.675146 0.103948 
1664.639595 0.104231 
1665.604045 0.104717 
1666.568494 0.105755 
1667.532943 0.106632 
1668.497393 0.108016 
1669.461842 0.109636 
1670.426292 0.110485 
1671.390741 0.111408 
1672.355190 0.113635 
1673.319640 0.113559 
1674.284089 0.113745 
1675.248538 0.116062 
1676.212988 0.120487 
1677.177437 0.120440 
1678.141886 0.122212 
1679.106336 0.124449 
1680.070785 0.129525 
1681.035234 0.131881 
1681.999684 0.132125 
1682.964133 0.132970 
1683.928583 0.138577 
1684.893032 0.146129 
1685.857481 0.150178 
1686.821931 0.152299 
1687.786380 0.158616 
1688.750829 0.165409 
1689.715279 0.171411 
1690.679728 0.178715 
1691.644177 0.186789 
1692.608627 0.194777 
1693.573076 0.205278 
1694.537526 0.212631 
1695.501975 0.225111 
1696.466424 0.253095 
1697.430874 0.267323 
1698.395323 0.279740 
1699.359772 0.291087 
1700.324222 0.328327 
1701.288671 0.385275 
1702.253120 0.402645 
1703.217570 0.432939 
1704.182019 0.478732 
1705.146468 0.540158 
1706.110918 0.592887 
1707.075367 0.671638 
1708.039817 0.726259 
1709.004266 0.775269 
1709.968715 0.820497 
1710.933165 0.855000 
1711.897614 0.859850 
1712.862063 0.849881 
1713.826513 0.819964 
1714.790962 0.770474 
1715.755411 0.702479 
1716.719861 0.662092 
1717.684310 0.607051 
1718.648760 0.543992 
1719.613209 0.509577 
1720.577658 0.489468 
1721.542108 0.472758 
1722.506557 0.464103 
1723.471006 0.461061 
1724.435456 0.464807 
1725.399905 0.471763 
1726.364354 0.486841 
1727.328804 0.506669 
1728.293253 0.532656 
1729.257702 0.560356 
1730.222152 0.609079 
1731.186601 0.653008 
1732.151051 0.690839 
1733.115500 0.734360 
1734.079949 0.820247 
1735.044399 0.910063 
1736.008848 0.952480 
1736.973297 0.997788 
1737.937747 1.056874 
1738.902196 1.099246 
1739.866645 1.150174 
1740.831095 1.175078 
1741.795544 1.179004 
1742.759994 1.177134 
1743.724443 1.161308 
1744.688892 1.124990 
1745.653342 1.082605 
1746.617791 1.028447 
1747.582240 0.964640 
1748.546690 0.886998 
1749.511139 0.796963 
1750.475588 0.737071 
1751.440038 0.641062 
1752.404487 0.559201 
1753.368936 0.504488 
1754.333386 0.451039 
1755.297835 0.406264 
1756.262285 0.371047 
1757.226734 0.330719 
1758.191183 0.303159 
1759.155633 0.279588 
1760.120082 0.260277 
1761.084531 0.244679 
1762.048981 0.227511 
1763.013430 0.211275 
1763.977879 0.200945 
1764.942329 0.190090 
1765.906778 0.181493 
1766.871228 0.173856 
1767.835677 0.168792 
1768.800126 0.160364 
1769.764576 0.154195 
1770.729025 0.148583 
1771.693474 0.144081 
1772.657924 0.138252 
1773.622373 0.135131 
1774.586822 0.131661 
1775.551272 0.129745 
1776.515721 0.125896 
1777.480170 0.123114 
1778.444620 0.120890 
1779.409069 0.119320 
1780.373519 0.116957 
1781.337968 0.115440 
1782.302417 0.112504 
1783.266867 0.110730 
1784.231316 0.109292 
1785.195765 0.108854 
1786.160215 0.106040 
1787.124664 0.104372 
1788.089113 0.102795 
1789.053563 0.101911 
1790.018012 0.100864 
1790.982462 0.100815 
1791.946911 0.098722 
1792.911360 0.097814 
1793.875810 0.096150 
1794.840259 0.095408 
1795.804708 0.095585 
1796.769158 0.094770 
1797.733607 0.092280 
1798.698056 0.091075 
1799.662506 0.090527 
1800.626955 0.090794 
1801.591404 0.090765 
1802.555854 0.090438 
1803.520303 0.088111 
1804.484753 0.086918 
1805.449202 0.086105 
1806.413651 0.085760 
1807.378101 0.085614 
1808.342550 0.085387 
1809.306999 0.083969 
1810.271449 0.083817 
1811.235898 0.083791 
1812.200347 0.083619 
1813.164797 0.082389 
1814.129246 0.081401 
1815.093696 0.080714 
1816.058145 0.080512 
1817.022594 0.080576 
1817.987044 0.080448 
1818.951493 0.079281 
1819.915942 0.078853 
1820.880392 0.078414 
1821.844841 0.078439 
1822.809290 0.078295 
1823.773740 0.077873 
1824.738189 0.077918 
1825.702638 0.078925 
1826.667088 0.077312 
1827.631537 0.076510 
1828.595987 0.076110 
1829.560436 0.076775 
1830.524885 0.076861 
1831.489335 0.076129 
1832.453784 0.075632 
1833.418233 0.075895 
1834.382683 0.075332 
1835.347132 0.075034 
1836.311581 0.074972 
1837.276031 0.075546 
1838.240480 0.074931 
1839.204930 0.074497 
1840.169379 0.074204 
1841.133828 0.074480 
1842.098278 0.075022 
1843.062727 0.074807 
1844.027176 0.074704 
1844.991626 0.076021 
1845.956075 0.074884 
1846.920524 0.074482 
1847.884974 0.074935 
1848.849423 0.074510 
1849.813872 0.073396 
1850.778322 0.073191 
1851.742771 0.072932 
1852.707221 0.072963 
1853.671670 0.072750 
1854.636119 0.072823 
1855.600569 0.072636 
1856.565018 0.072656 
1857.529467 0.072623 
1858.493917 0.073056 
1859.458366 0.072809 
1860.422815 0.072723 
1861.387265 0.072739 
1862.351714 0.072506 
1863.316164 0.072053 
1864.280613 0.072087 
1865.245062 0.071897 
1866.209512 0.072301 
1867.173961 0.072389 
1868.138410 0.072909 
1869.102860 0.073080 
1870.067309 0.073073 
1871.031758 0.072157 
1871.996208 0.071310 
1872.960657 0.070739 
1873.925106 0.070730 
1874.889556 0.070536 
1875.854005 0.070503 
1876.818455 0.070251 
1877.782904 0.070232 
1878.747353 0.070250 
1879.711803 0.070367 
1880.676252 0.069918 
1881.640701 0.069784 
1882.605151 0.069661 
1883.569600 0.069770 
1884.534049 0.069831 
1885.498499 0.069886 
1886.462948 0.069471 
1887.427398 0.069409 
1888.391847 0.069295 
1889.356296 0.070248 
1890.320746 0.070357 
1891.285195 0.069529 
1892.249644 0.069176 
1893.214094 0.069276 
1894.178543 0.069341 
1895.142992 0.069996 
1896.107442 0.069632 
1897.071891 0.069124 
1898.036340 0.068979 
1899.000790 0.068910 
1899.965239 0.068764 
1900.929689 0.068765 
1901.894138 0.068698 
1902.858587 0.068621 
1903.823037 0.068500 
1904.787486 0.068516 
1905.751935 0.068331 
1906.716385 0.068394 
1907.680834 0.068761 
1908.645283 0.068928 
1909.609733 0.068958 
1910.574182 0.069076 
1911.538632 0.068326 
1912.503081 0.068243 
1913.467530 0.068141 
1914.431980 0.068283 
1915.396429 0.068224 
1916.360878 0.068214 
1917.325328 0.068326 
1918.289777 0.069351 
1919.254226 0.068841 
1920.218676 0.068398 
1921.183125 0.068507 
1922.147574 0.069572 
1923.112024 0.070306 
1924.076473 0.069365 
1925.040923 0.068480 
1926.005372 0.068430 
1926.969821 0.068376 
1927.934271 0.068508 
1928.898720 0.068500 
1929.863169 0.068598 
1930.827619 0.068553 
1931.792068 0.068675 
1932.756517 0.068849 
1933.720967 0.068966 
1934.685416 0.068802 
1935.649866 0.068919 
1936.614315 0.068966 
1937.578764 0.069148 
1938.543214 0.069144 
1939.507663 0.069275 
1940.472112 0.069427 
1941.436562 0.070048 
1942.401011 0.071258 
1943.365460 0.071209 
1944.329910 0.070100 
1945.294359 0.070242 
1946.258808 0.070286 
1947.223258 0.070286 
1948.187707 0.070322 
1949.152157 0.070902 
1950.116606 0.070982 
1951.081055 0.070643 
1952.045505 0.070277 
1953.009954 0.070316 
1953.974403 0.070325 
1954.938853 0.070553 
1955.903302 0.070478 
1956.867751 0.071011 
1957.832201 0.073520 
1958.796650 0.076514 
1959.761100 0.074176 
1960.725549 0.071035 
1961.689998 0.070131 
1962.654448 0.069906 
1963.618897 0.069775 
1964.583346 0.069765 
1965.547796 0.069878 
1966.512245 0.070530 
1967.476694 0.070962 
1968.441144 0.070341 
1969.405593 0.069639 
1970.370042 0.069602 
1971.334492 0.069523 
1972.298941 0.069582 
1973.263391 0.069547 
1974.227840 0.069617 
1975.192289 0.069543 
1976.156739 0.069545 
1977.121188 0.069462 
1978.085637 0.069484 
1979.050087 0.069418 
1980.014536 0.069457 
1980.978985 0.069367 
1981.943435 0.069437 
1982.907884 0.069334 
1983.872334 0.069311 
1984.836783 0.069196 
1985.801232 0.069257 
1986.765682 0.069210 
1987.730131 0.069659 
1988.694580 0.069952 
1989.659030 0.069519 
1990.623479 0.069332 
1991.587928 0.070237 
1992.552378 0.070865 
1993.516827 0.070075 
1994.481276 0.069498 
1995.445726 0.069553 
1996.410175 0.069544 
1997.374625 0.069591 
1998.339074 0.069686 
1999.303523 0.069860 
2000.267973 0.069827 
2001.232422 0.069851 
2002.196871 0.069826 
2003.161321 0.069969 
2004.125770 0.069990 
2005.090219 0.070096 
2006.054669 0.070151 
2007.019118 0.070385 
2007.983568 0.070515 
2008.948017 0.070566 
2009.912466 0.070530 
2010.876916 0.070672 
2011.841365 0.070672 
2012.805814 0.070749 
2013.770264 0.070694 
2014.734713 0.070773 
2015.699162 0.070942 
2016.663612 0.071768 
2017.628061 0.071918 
2018.592510 0.071734 
2019.556960 0.071389 
2020.521409 0.071082 
2021.485859 0.071000 
2022.450308 0.071183 
2023.414757 0.071304 
2024.379207 0.071323 
2025.343656 0.071313 
2026.308105 0.071497 
2027.272555 0.071821 
2028.237004 0.072768 
2029.201453 0.073190 
2030.165903 0.072373 
2031.130352 0.071717 
2032.094802 0.071655 
2033.059251 0.071625 
2034.023700 0.071650 
2034.988150 0.071581 
2035.952599 0.071558 
2036.917048 0.071504 
2037.881498 0.071526 
2038.845947 0.071423 
2039.810396 0.071493 
2040.774846 0.071782 
2041.739295 0.071934 
2042.703744 0.071391 
2043.668194 0.071222 
2044.632643 0.071135 
2045.597093 0.071058 
2046.561542 0.070970 
2047.525991 0.070978 
2048.490441 0.070934 
2049.454890 0.070958 
2050.419339 0.070844 
2051.383789 0.070853 
2052.348238 0.070832 
2053.312687 0.070870 
2054.277137 0.070816 
2055.241586 0.070820 
2056.206036 0.070736 
2057.170485 0.070792 
2058.134934 0.070734 
2059.099384 0.070740 
2060.063833 0.070752 
2061.028282 0.070802 
2061.992732 0.070673 
2062.957181 0.070671 
2063.921630 0.070825 
2064.886080 0.071368 
2065.850529 0.071190 
2066.814978 0.070668 
2067.779428 0.070452 
2068.743877 0.070457 
2069.708327 0.070408 
2070.672776 0.070417 
2071.637225 0.070323 
2072.601675 0.070343 
2073.566124 0.070354 
2074.530573 0.070385 
2075.495023 0.070244 
2076.459472 0.070232 
2077.423921 0.070258 
2078.388371 0.070306 
2079.352820 0.070159 
2080.317270 0.070100 
2081.281719 0.070058 
2082.246168 0.070107 
2083.210618 0.070022 
2084.175067 0.069961 
2085.139516 0.069877 
2086.103966 0.069913 
2087.068415 0.069870 
2088.032864 0.069814 
2088.997314 0.069795 
2089.961763 0.069993 
2090.926212 0.069788 
2091.890662 0.069472 
2092.855111 0.069344 
2093.819561 0.069273 
2094.784010 0.069173 
2095.748459 0.069084 
2096.712909 0.069001 
2097.677358 0.068962 
2098.641807 0.068824 
2099.606257 0.068748 
2100.570706 0.068637 
2101.535155 0.068625 
2102.499605 0.068501 
2103.464054 0.068465 
2104.428504 0.068383 
2105.392953 0.068379 
2106.357402 0.068323 
2107.321852 0.068351 
2108.286301 0.068236 
2109.250750 0.068161 
2110.215200 0.068061 
2111.179649 0.068070 
2112.144098 0.068013 
2113.108548 0.068038 
2114.072997 0.068041 
2115.037446 0.068125 
2116.001896 0.067964 
2116.966345 0.067876 
2117.930795 0.067831 
2118.895244 0.067839 
2119.859693 0.067746 
2120.824143 0.067758 
2121.788592 0.067708 
2122.753041 0.067741 
2123.717491 0.067740 
2124.681940 0.067753 
2125.646389 0.067666 
2126.610839 0.067686 
2127.575288 0.067705 
2128.539738 0.067784 
2129.504187 0.067775 
2130.468636 0.067830 
2131.433086 0.067844 
2132.397535 0.067854 
2133.361984 0.067834 
2134.326434 0.067896 
2135.290883 0.067960 
2136.255332 0.068127 
2137.219782 0.068051 
2138.184231 0.068023 
2139.148680 0.068022 
2140.113130 0.068040 
2141.077579 0.067942 
2142.042029 0.067985 
2143.006478 0.068006 
2143.970927 0.068070 
2144.935377 0.068061 
2145.899826 0.068133 
2146.864275 0.068130 
2147.828725 0.068168 
2148.793174 0.068095 
2149.757623 0.068146 
2150.722073 0.068171 
2151.686522 0.068272 
2152.650972 0.068292 
2153.615421 0.068320 
2154.579870 0.068276 
2155.544320 0.068338 
2156.508769 0.068326 
2157.473218 0.068359 
2158.437668 0.068353 
2159.402117 0.068422 
2160.366566 0.068437 
2161.331016 0.068551 
2162.295465 0.068551 
2163.259914 0.068569 
2164.224364 0.068564 
2165.188813 0.068608 
2166.153263 0.068587 
2167.117712 0.068643 
2168.082161 0.068631 
2169.046611 0.068708 
2170.011060 0.068652 
2170.975509 0.068687 
2171.939959 0.068703 
2172.904408 0.068761 
2173.868857 0.068739 
2174.833307 0.068737 
2175.797756 0.068712 
2176.762206 0.068790 
2177.726655 0.068735 
2178.691104 0.068743 
2179.655554 0.068721 
2180.620003 0.068793 
2181.584452 0.068789 
2182.548902 0.068772 
2183.513351 0.068692 
2184.477800 0.068702 
2185.442250 0.068682 
2186.406699 0.068697 
2187.371148 0.068608 
2188.335598 0.068603 
2189.300047 0.068570 
2190.264497 0.068591 
2191.228946 0.068517 
2192.193395 0.068494 
2193.157845 0.068443 
2194.122294 0.068466 
2195.086743 0.068420 
2196.051193 0.068403 
2197.015642 0.068370 
2197.980091 0.068379 
2198.944541 0.068322 
2199.908990 0.068359 
2200.873440 0.068326 
2201.837889 0.068323 
2202.802338 0.068264 
2203.766788 0.068263 
2204.731237 0.068226 
2205.695686 0.068253 
2206.660136 0.068218 
2207.624585 0.068266 
2208.589034 0.068244 
2209.553484 0.068299 
2210.517933 0.068273 
2211.482382 0.068293 
2212.446832 0.068220 
2213.411281 0.068256 
2214.375731 0.068245 
2215.340180 0.068313 
2216.304629 0.068276 
2217.269079 0.068292 
2218.233528 0.068274 
2219.197977 0.068328 
2220.162427 0.068307 
2221.126876 0.068297 
2222.091325 0.068227 
2223.055775 0.068281 
2224.020224 0.068231 
2224.984674 0.068233 
2225.949123 0.068227 
2226.913572 0.068284 
2227.878022 0.068284 
2228.842471 0.068360 
2229.806920 0.068341 
2230.771370 0.068397 
2231.735819 0.068370 
2232.700268 0.068415 
2233.664718 0.068424 
2234.629167 0.068535 
2235.593616 0.068582 
2236.558066 0.068675 
2237.522515 0.068692 
2238.486965 0.068779 
2239.451414 0.068812 
2240.415863 0.068889 
2241.380313 0.068920 
2242.344762 0.069095 
2243.309211 0.069185 
2244.273661 0.069278 
2245.238110 0.069307 
2246.202559 0.069456 
2247.167009 0.069515 
2248.131458 0.069631 
2249.095908 0.069698 
2250.060357 0.069865 
2251.024806 0.069952 
2251.989256 0.070102 
2252.953705 0.070174 
2253.918154 0.070341 
2254.882604 0.070453 
2255.847053 0.070649 
2256.811502 0.070697 
2257.775952 0.070825 
2258.740401 0.070888 
2259.704850 0.070998 
2260.669300 0.071057 
2261.633749 0.071190 
2262.598199 0.071261 
2263.562648 0.071372 
2264.527097 0.071427 
2265.491547 0.071547 
2266.455996 0.071596 
2267.420445 0.071750 
2268.384895 0.071806 
2269.349344 0.071920 
2270.313793 0.072009 
2271.278243 0.072156 
2272.242692 0.072239 
2273.207142 0.072360 
2274.171591 0.072424 
2275.136040 0.072551 
2276.100490 0.072619 
2277.064939 0.072783 
2278.029388 0.072859 
2278.993838 0.072990 
2279.958287 0.073116 
2280.922736 0.073262 
2281.887186 0.073389 
2282.851635 0.073536 
2283.816084 0.073546 
2284.780534 0.073643 
2285.744983 0.073636 
2286.709433 0.073674 
2287.673882 0.073626 
2288.638331 0.073643 
2289.602781 0.073678 
2290.567230 0.073620 
2291.531679 0.073615 
2292.496129 0.073670 
2293.460578 0.073638 
2294.425027 0.073696 
2295.389477 0.073664 
2296.353926 0.073823 
2297.318376 0.073698 
2298.282825 0.073804 
2299.247274 0.073690 
2300.211724 0.073623 
2301.176173 0.073674 
2302.140622 0.073528 
2303.105072 0.073545 
2304.069521 0.073437 
2305.033970 0.073495 
2305.998420 0.073315 
2306.962869 0.073223 
2307.927318 0.073153 
2308.891768 0.072748 
2309.856217 0.072747 
2310.820667 0.072274 
2311.785116 0.072423 
2312.749565 0.071802 
2313.714015 0.071993 
2314.678464 0.071323 
2315.642913 0.071268 
2316.607363 0.070697 
2317.571812 0.070642 
2318.536261 0.070039 
2319.500711 0.069843 
2320.465160 0.069295 
2321.429610 0.068921 
2322.394059 0.068377 
2323.358508 0.068104 
2324.322958 0.067830 
2325.287407 0.067483 
2326.251856 0.066942 
2327.216306 0.066445 
2328.180755 0.066065 
2329.145204 0.065582 
2330.109654 0.065276 
2331.074103 0.064960 
2332.038552 0.064705 
2333.003002 0.064427 
2333.967451 0.064330 
2334.931901 0.064263 
2335.896350 0.063905 
2336.860799 0.063626 
2337.825249 0.063448 
2338.789698 0.063111 
2339.754147 0.062863 
2340.718597 0.062748 
2341.683046 0.062844 
2342.647495 0.062961 
2343.611945 0.063320 
2344.576394 0.064061 
2345.540844 0.064946 
2346.505293 0.066490 
2347.469742 0.068219 
2348.434192 0.070181 
2349.398641 0.069979 
2350.363090 0.068320 
2351.327540 0.066723 
2352.291989 0.065150 
2353.256438 0.063780 
2354.220888 0.062702 
2355.185337 0.061721 
2356.149786 0.060700 
2357.114236 0.060066 
2358.078685 0.059600 
2359.043135 0.059448 
2360.007584 0.058901 
2360.972033 0.059097 
2361.936483 0.059355 
2362.900932 0.059577 
2363.865381 0.060074 
2364.829831 0.060974 
2365.794280 0.061731 
2366.758729 0.062723 
2367.723179 0.063581 
2368.687628 0.064750 
2369.652078 0.065968 
2370.616527 0.067096 
2371.580976 0.068237 
2372.545426 0.069239 
2373.509875 0.070220 
2374.474324 0.071096 
2375.438774 0.071998 
2376.403223 0.072871 
2377.367672 0.073697 
2378.332122 0.074344 
2379.296571 0.074993 
2380.261020 0.075556 
2381.225470 0.075988 
2382.189919 0.076128 
2383.154369 0.076277 
2384.118818 0.076381 
2385.083267 0.076475 
2386.047717 0.076481 
2387.012166 0.076489 
2387.976615 0.076451 
2388.941065 0.076467 
2389.905514 0.076501 
2390.869963 0.076551 
2391.834413 0.076591 
2392.798862 0.076668 
2393.763312 0.076657 
2394.727761 0.076797 
2395.692210 0.077000 
2396.656660 0.077216 
2397.621109 0.077416 
2398.585558 0.077629 
2399.550008 0.077769 
2400.514457 0.077906 
2401.478906 0.077926 
2402.443356 0.077896 
2403.407805 0.077778 
2404.372254 0.077690 
2405.336704 0.077543 
2406.301153 0.077433 
2407.265603 0.077326 
2408.230052 0.077292 
2409.194501 0.077274 
2410.158951 0.077284 
2411.123400 0.077238 
2412.087849 0.077259 
2413.052299 0.077265 
2414.016748 0.077338 
2414.981197 0.077313 
2415.945647 0.077336 
2416.910096 0.077393 
2417.874546 0.077457 
2418.838995 0.077443 
2419.803444 0.077438 
2420.767894 0.077459 
2421.732343 0.077571 
2422.696792 0.077581 
2423.661242 0.077612 
2424.625691 0.077598 
2425.590140 0.077677 
2426.554590 0.077731 
2427.519039 0.077803 
2428.483488 0.077841 
2429.447938 0.077920 
2430.412387 0.077957 
2431.376837 0.078048 
2432.341286 0.078139 
2433.305735 0.078241 
2434.270185 0.078278 
2435.234634 0.078361 
2436.199083 0.078392 
2437.163533 0.078516 
2438.127982 0.078596 
2439.092431 0.078647 
2440.056881 0.078686 
2441.021330 0.078781 
2441.985780 0.078839 
2442.950229 0.078962 
2443.914678 0.079012 
2444.879128 0.079058 
2445.843577 0.079078 
2446.808026 0.079135 
2447.772476 0.079161 
2448.736925 0.079234 
2449.701374 0.079290 
2450.665824 0.079388 
2451.630273 0.079446 
2452.594722 0.079500 
2453.559172 0.079507 
2454.523621 0.079597 
2455.488071 0.079655 
2456.452520 0.079742 
2457.416969 0.079803 
2458.381419 0.079921 
2459.345868 0.080028 
2460.310317 0.080147 
2461.274767 0.080169 
2462.239216 0.080287 
2463.203665 0.080375 
2464.168115 0.080482 
2465.132564 0.080600 
2466.097014 0.080775 
2467.061463 0.080903 
2468.025912 0.081019 
2468.990362 0.081073 
2469.954811 0.081195 
2470.919260 0.081315 
2471.883710 0.081471 
2472.848159 0.081536 
2473.812608 0.081673 
2474.777058 0.081819 
2475.741507 0.081964 
2476.705956 0.082045 
2477.670406 0.082229 
2478.634855 0.082355 
2479.599305 0.082507 
2480.563754 0.082619 
2481.528203 0.082742 
2482.492653 0.082828 
2483.457102 0.082996 
2484.421551 0.083161 
2485.386001 0.083343 
2486.350450 0.083472 
2487.314899 0.083652 
2488.279349 0.083780 
2489.243798 0.083959 
2490.208248 0.084088 
2491.172697 0.084172 
2492.137146 0.084271 
2493.101596 0.084453 
2494.066045 0.084598 
2495.030494 0.084772 
2495.994944 0.084897 
2496.959393 0.085072 
2497.923842 0.085183 
2498.888292 0.085375 
2499.852741 0.085546 
2500.817190 0.085716 
2501.781640 0.085850 
2502.746089 0.086070 
2503.710539 0.086236 
2504.674988 0.086375 
2505.639437 0.086507 
2506.603887 0.086771 
2507.568336 0.086985 
2508.532785 0.087199 
2509.497235 0.087331 
2510.461684 0.087529 
2511.426133 0.087745 
2512.390583 0.087984 
2513.355032 0.088146 
2514.319482 0.088399 
2515.283931 0.088594 
2516.248380 0.088801 
2517.212830 0.089023 
2518.177279 0.089285 
2519.141728 0.089499 
2520.106178 0.089790 
2521.070627 0.089968 
2522.035076 0.090164 
2522.999526 0.090356 
2523.963975 0.090632 
2524.928424 0.090851 
2525.892874 0.091077 
2526.857323 0.091294 
2527.821773 0.091536 
2528.786222 0.091780 
2529.750671 0.092047 
2530.715121 0.092305 
2531.679570 0.092588 
2532.644019 0.092857 
2533.608469 0.093139 
2534.572918 0.093412 
2535.537367 0.093741 
2536.501817 0.094043 
2537.466266 0.094358 
2538.430716 0.094592 
2539.395165 0.094918 
2540.359614 0.095219 
2541.324064 0.095562 
2542.288513 0.095812 
2543.252962 0.096050 
2544.217412 0.096280 
2545.181861 0.096602 
2546.146310 0.096811 
2547.110760 0.096997 
2548.075209 0.097143 
2549.039658 0.097404 
2550.004108 0.097607 
2550.968557 0.097783 
2551.933007 0.097910 
2552.897456 0.098097 
2553.861905 0.098191 
2554.826355 0.098408 
2555.790804 0.098513 
2556.755253 0.098688 
2557.719703 0.098820 
2558.684152 0.099012 
2559.648601 0.099134 
2560.613051 0.099323 
2561.577500 0.099503 
2562.541950 0.099767 
2563.506399 0.099924 
2564.470848 0.100087 
2565.435298 0.100265 
2566.399747 0.100541 
2567.364196 0.100696 
2568.328646 0.100901 
2569.293095 0.101166 
2570.257544 0.101440 
2571.221994 0.101586 
2572.186443 0.101835 
2573.150892 0.102018 
2574.115342 0.102250 
2575.079791 0.102436 
2576.044241 0.102554 
2577.008690 0.102646 
2577.973139 0.102875 
2578.937589 0.102966 
2579.902038 0.103049 
2580.866487 0.102998 
2581.830937 0.103057 
2582.795386 0.103148 
2583.759835 0.103232 
2584.724285 0.103198 
2585.688734 0.103296 
2586.653184 0.103346 
2587.617633 0.103445 
2588.582082 0.103519 
2589.546532 0.103678 
2590.510981 0.103792 
2591.475430 0.103993 
2592.439880 0.104163 
2593.404329 0.104355 
2594.368778 0.104467 
2595.333228 0.104686 
2596.297677 0.104873 
2597.262126 0.105032 
2598.226576 0.105089 
2599.191025 0.105286 
2600.155475 0.105433 
2601.119924 0.105633 
2602.084373 0.105767 
2603.048823 0.105882 
2604.013272 0.105949 
2604.977721 0.106150 
2605.942171 0.106225 
2606.906620 0.106335 
2607.871069 0.106374 
2608.835519 0.106486 
2609.799968 0.106578 
2610.764418 0.106729 
2611.728867 0.106779 
2612.693316 0.106827 
2613.657766 0.106835 
2614.622215 0.106905 
2615.586664 0.106905 
2616.551114 0.106933 
2617.515563 0.106927 
2618.480012 0.106964 
2619.444462 0.106931 
2620.408911 0.106959 
2621.373360 0.106994 
2622.337810 0.107029 
2623.302259 0.107024 
2624.266709 0.107130 
2625.231158 0.107161 
2626.195607 0.107247 
2627.160057 0.107313 
2628.124506 0.107523 
2629.088955 0.107689 
2630.053405 0.107868 
2631.017854 0.108017 
2631.982303 0.108234 
2632.946753 0.108365 
2633.911202 0.108558 
2634.875652 0.108690 
2635.840101 0.108902 
2636.804550 0.109084 
2637.769000 0.109267 
2638.733449 0.109443 
2639.697898 0.109668 
2640.662348 0.109760 
2641.626797 0.109984 
2642.591246 0.110250 
2643.555696 0.110531 
2644.520145 0.110694 
2645.484594 0.110903 
2646.449044 0.111134 
2647.413493 0.111522 
2648.377943 0.111795 
2649.342392 0.112104 
2650.306841 0.112426 
2651.271291 0.112832 
2652.235740 0.113202 
2653.200189 0.113567 
2654.164639 0.113790 
2655.129088 0.114119 
2656.093537 0.114404 
2657.057987 0.114629 
2658.022436 0.114800 
2658.986886 0.115036 
2659.951335 0.115195 
2660.915784 0.115441 
2661.880234 0.115630 
2662.844683 0.115807 
2663.809132 0.115912 
2664.773582 0.116094 
2665.738031 0.116254 
2666.702480 0.116439 
2667.666930 0.116539 
2668.631379 0.116706 
2669.595828 0.116738 
2670.560278 0.116850 
2671.524727 0.116991 
2672.489177 0.117156 
2673.453626 0.117140 
2674.418075 0.117139 
2675.382525 0.117062 
2676.346974 0.116959 
2677.311423 0.116807 
2678.275873 0.116665 
2679.240322 0.116416 
2680.204771 0.116172 
2681.169221 0.115789 
2682.133670 0.115531 
2683.098120 0.115250 
2684.062569 0.114933 
2685.027018 0.114557 
2685.991468 0.114277 
2686.955917 0.113966 
2687.920366 0.113739 
2688.884816 0.113477 
2689.849265 0.113272 
2690.813714 0.113018 
2691.778164 0.112800 
2692.742613 0.112545 
2693.707062 0.112399 
2694.671512 0.112185 
2695.635961 0.111988 
2696.600411 0.111834 
2697.564860 0.111706 
2698.529309 0.111547 
2699.493759 0.111473 
2700.458208 0.111231 
2701.422657 0.111088 
2702.387107 0.110955 
2703.351556 0.110903 
2704.316005 0.110790 
2705.280455 0.110676 
2706.244904 0.110560 
2707.209354 0.110504 
2708.173803 0.110437 
2709.138252 0.110428 
2710.102702 0.110350 
2711.067151 0.110333 
2712.031600 0.110242 
2712.996050 0.110214 
2713.960499 0.110185 
2714.924948 0.110237 
2715.889398 0.110264 
2716.853847 0.110294 
2717.818296 0.110307 
2718.782746 0.110402 
2719.747195 0.110425 
2720.711645 0.110532 
2721.676094 0.110556 
2722.640543 0.110577 
2723.604993 0.110612 
2724.569442 0.110789 
2725.533891 0.110942 
2726.498341 0.111053 
2727.462790 0.111160 
2728.427239 0.111435 
2729.391689 0.111668 
2730.356138 0.112069 
2731.320588 0.112471 
2732.285037 0.112834 
2733.249486 0.113154 
2734.213936 0.113530 
2735.178385 0.113825 
2736.142834 0.114011 
2737.107284 0.113994 
2738.071733 0.114016 
2739.036182 0.113945 
2740.000632 0.113845 
2740.965081 0.113731 
2741.929530 0.113704 
2742.893980 0.113643 
2743.858429 0.113584 
2744.822879 0.113390 
2745.787328 0.113292 
2746.751777 0.113124 
2747.716227 0.112942 
2748.680676 0.112759 
2749.645125 0.112661 
2750.609575 0.112519 
2751.574024 0.112509 
2752.538473 0.112378 
2753.502923 0.112286 
2754.467372 0.112263 
2755.431822 0.112334 
2756.396271 0.112315 
2757.360720 0.112293 
2758.325170 0.112248 
2759.289619 0.112307 
2760.254068 0.112334 
2761.218518 0.112399 
2762.182967 0.112409 
2763.147416 0.112510 
2764.111866 0.112613 
2765.076315 0.112768 
2766.040764 0.112810 
2767.005214 0.112851 
2767.969663 0.112913 
2768.934113 0.113096 
2769.898562 0.113167 
2770.863011 0.113265 
2771.827461 0.113354 
2772.791910 0.113484 
2773.756359 0.113571 
2774.720809 0.113712 
2775.685258 0.113819 
2776.649707 0.114027 
2777.614157 0.114251 
2778.578606 0.114498 
2779.543056 0.114664 
2780.507505 0.114915 
2781.471954 0.115119 
2782.436404 0.115412 
2783.400853 0.115674 
2784.365302 0.115957 
2785.329752 0.116293 
2786.294201 0.116686 
2787.258650 0.117041 
2788.223100 0.117362 
2789.187549 0.117623 
2790.151998 0.118034 
2791.116448 0.118321 
2792.080897 0.118630 
2793.045347 0.118970 
2794.009796 0.119367 
2794.974245 0.119703 
2795.938695 0.120059 
2796.903144 0.120444 
2797.867593 0.120899 
2798.832043 0.121293 
2799.796492 0.121789 
2800.760941 0.122257 
2801.725391 0.122834 
2802.689840 0.123259 
2803.654290 0.123727 
2804.618739 0.124254 
2805.583188 0.124777 
2806.547638 0.125251 
2807.512087 0.125862 
2808.476536 0.126436 
2809.440986 0.126998 
2810.405435 0.127515 
2811.369884 0.128213 
2812.334334 0.128812 
2813.298783 0.129543 
2814.263232 0.130319 
2815.227682 0.131140 
2816.192131 0.131938 
2817.156581 0.132806 
2818.121030 0.133557 
2819.085479 0.134358 
2820.049929 0.135132 
2821.014378 0.135943 
2821.978827 0.136752 
2822.943277 0.137644 
2823.907726 0.138509 
2824.872175 0.139630 
2825.836625 0.140729 
2826.801074 0.141844 
2827.765524 0.142996 
2828.729973 0.144222 
2829.694422 0.145374 
2830.658872 0.146640 
2831.623321 0.147766 
2832.587770 0.148974 
2833.552220 0.150165 
2834.516669 0.151416 
2835.481118 0.152892 
2836.445568 0.154882 
2837.410017 0.157230 
2838.374466 0.160045 
2839.338916 0.163328 
2840.303365 0.167293 
2841.267815 0.171540 
2842.232264 0.175771 
2843.196713 0.179203 
2844.161163 0.181697 
2845.125612 0.183079 
2846.090061 0.183826 
2847.054511 0.184213 
2848.018960 0.184943 
2848.983409 0.186246 
2849.947859 0.188365 
2850.912308 0.191185 
2851.876758 0.195014 
2852.841207 0.199679 
2853.805656 0.205497 
2854.770106 0.212253 
2855.734555 0.220002 
2856.699004 0.228562 
2857.663454 0.238142 
2858.627903 0.248307 
2859.592352 0.258931 
2860.556802 0.269490 
2861.521251 0.279835 
2862.485700 0.289209 
2863.450150 0.297605 
2864.414599 0.304423 
2865.379049 0.309865 
2866.343498 0.313610 
2867.307947 0.316549 
2868.272397 0.319027 
2869.236846 0.322246 
2870.201295 0.326773 
2871.165745 0.333937 
2872.130194 0.343696 
2873.094643 0.355596 
2874.059093 0.366740 
2875.023542 0.373808 
2875.987992 0.372639 
2876.952441 0.362706 
2877.916890 0.345871 
2878.881340 0.326460 
2879.845789 0.307242 
2880.810238 0.290195 
2881.774688 0.275675 
2882.739137 0.264173 
2883.703586 0.255079 
2884.668036 0.248233 
2885.632485 0.242993 
2886.596934 0.239322 
2887.561384 0.236570 
2888.525833 0.234839 
2889.490283 0.233805 
2890.454732 0.233563 
2891.419181 0.233848 
2892.383631 0.234921 
2893.348080 0.236502 
2894.312529 0.238904 
2895.276979 0.241851 
2896.241428 0.245593 
2897.205877 0.249844 
2898.170327 0.254642 
2899.134776 0.259466 
2900.099226 0.264340 
2901.063675 0.268770 
2902.028124 0.272848 
2902.992574 0.276320 
2903.957023 0.279490 
2904.921472 0.282284 
2905.885922 0.285256 
2906.850371 0.288061 
2907.814820 0.291091 
2908.779270 0.294002 
2909.743719 0.297171 
2910.708168 0.300245 
2911.672618 0.303541 
2912.637067 0.306891 
2913.601517 0.310722 
2914.565966 0.314670 
2915.530415 0.319107 
2916.494865 0.323921 
2917.459314 0.329708 
2918.423763 0.335951 
2919.388213 0.343299 
2920.352662 0.351329 
2921.317111 0.360294 
2922.281561 0.369812 
2923.246010 0.380419 
2924.210460 0.391858 
2925.174909 0.404417 
2926.139358 0.417436 
2927.103808 0.431642 
2928.068257 0.446142 
2929.032706 0.461044 
2929.997156 0.475426 
2930.961605 0.489123 
2931.926054 0.500340 
2932.890504 0.509023 
2933.854953 0.513894 
2934.819402 0.515560 
2935.783852 0.513257 
2936.748301 0.507868 
2937.712751 0.499488 
2938.677200 0.490118 
2939.641649 0.480410 
2940.606099 0.472073 
2941.570548 0.465071 
2942.534997 0.460378 
2943.499447 0.457702 
2944.463896 0.458316 
2945.428345 0.461694 
2946.392795 0.468522 
2947.357244 0.478886 
2948.321694 0.493413 
2949.286143 0.510759 
2950.250592 0.530462 
2951.215042 0.549480 
2952.179491 0.567055 
2953.143940 0.582453 
2954.108390 0.596751 
2955.072839 0.609879 
2956.037288 0.624576 
2957.001738 0.639955 
2957.966187 0.656335 
2958.930636 0.670778 
2959.895086 0.682743 
2960.859535 0.689188 
2961.823985 0.690624 
2962.788434 0.685776 
2963.752883 0.676313 
2964.717333 0.661041 
2965.681782 0.641668 
2966.646231 0.617750 
2967.610681 0.591460 
2968.575130 0.562929 
2969.539579 0.534018 
2970.504029 0.504662 
2971.468478 0.476495 
2972.432928 0.449540 
2973.397377 0.424725 
2974.361826 0.401604 
2975.326276 0.381207 
2976.290725 0.362694 
2977.255174 0.346109 
2978.219624 0.331142 
2979.184073 0.318179 
2980.148522 0.306601 
2981.112972 0.296514 
2982.077421 0.287563 
2983.041870 0.279993 
2984.006320 0.273304 
2984.970769 0.267689 
2985.935219 0.262789 
2986.899668 0.258857 
2987.864117 0.255561 
2988.828567 0.252933 
2989.793016 0.250566 
2990.757465 0.248685 
2991.721915 0.247015 
2992.686364 0.245693 
2993.650813 0.244443 
2994.615263 0.243235 
2995.579712 0.241521 
2996.544162 0.239565 
2997.508611 0.237341 
2998.473060 0.235155 
2999.437510 0.232692 
3000.401959 0.230194 
3001.366408 0.227486 
3002.330858 0.224824 
3003.295307 0.222108 
3004.259756 0.219760 
3005.224206 0.217497 
3006.188655 0.215377 
3007.153104 0.213428 
3008.117554 0.211839 
3009.082003 0.210441 
3010.046453 0.209487 
3011.010902 0.208757 
3011.975351 0.208445 
3012.939801 0.208450 
3013.904250 0.208735 
3014.868699 0.209236 
3015.833149 0.210147 
3016.797598 0.211061 
3017.762047 0.212149 
3018.726497 0.213198 
3019.690946 0.214231 
3020.655396 0.215073 
3021.619845 0.215796 
3022.584294 0.216244 
3023.548744 0.216267 
3024.513193 0.215715 
3025.477642 0.215102 
3026.442092 0.214108 
3027.406541 0.212665 
3028.370990 0.210875 
3029.335440 0.208882 
3030.299889 0.206658 
3031.264338 0.204629 
3032.228788 0.202304 
3033.193237 0.199947 
3034.157687 0.197778 
3035.122136 0.195768 
3036.086585 0.193776 
3037.051035 0.192033 
3038.015484 0.190344 
3038.979933 0.188768 
3039.944383 0.187151 
3040.908832 0.185788 
3041.873281 0.184462 
3042.837731 0.183325 
3043.802180 0.182277 
3044.766630 0.181328 
3045.731079 0.180320 
3046.695528 0.179494 
3047.659978 0.178745 
3048.624427 0.178078 
3049.588876 0.177260 
3050.553326 0.176486 
3051.517775 0.175714 
3052.482224 0.175234 
3053.446674 0.174718 
3054.411123 0.174037 
3055.375572 0.173421 
3056.340022 0.173132 
3057.304471 0.172569 
3058.268921 0.172068 
3059.233370 0.171640 
3060.197819 0.171273 
3061.162269 0.170847 
3062.126718 0.170454 
3063.091167 0.169922 
3064.055617 0.169703 
3065.020066 0.169545 
3065.984515 0.169172 
3066.948965 0.168761 
3067.913414 0.168466 
3068.877864 0.168105 
3069.842313 0.167920 
3070.806762 0.167646 
3071.771212 0.167489 
3072.735661 0.167312 
3073.700110 0.167176 
3074.664560 0.166928 
3075.629009 0.166782 
3076.593458 0.166597 
3077.557908 0.166516 
3078.522357 0.166377 
3079.486806 0.166350 
3080.451256 0.166264 
3081.415705 0.166249 
3082.380155 0.166220 
3083.344604 0.166128 
3084.309053 0.165960 
3085.273503 0.165895 
3086.237952 0.165799 
3087.202401 0.165767 
3088.166851 0.165702 
3089.131300 0.165629 
3090.095749 0.165435 
3091.060199 0.165365 
3092.024648 0.165360 
3092.989098 0.165337 
3093.953547 0.165187 
3094.917996 0.165125 
3095.882446 0.165073 
3096.846895 0.165051 
3097.811344 0.164882 
3098.775794 0.164725 
3099.740243 0.164538 
3100.704692 0.164380 
3101.669142 0.164235 
3102.633591 0.164144 
3103.598040 0.163932 
3104.562490 0.163742 
3105.526939 0.163569 
3106.491389 0.163457 
3107.455838 0.163229 
3108.420287 0.162993 
3109.384737 0.162739 
3110.349186 0.162624 
3111.313635 0.162355 
3112.278085 0.162124 
3113.242534 0.161837 
3114.206983 0.161596 
3115.171433 0.161389 
3116.135882 0.161269 
3117.100332 0.160955 
3118.064781 0.160659 
3119.029230 0.160382 
3119.993680 0.160022 
3120.958129 0.159555 
3121.922578 0.159356 
3122.887028 0.159174 
3123.851477 0.158829 
3124.815926 0.158477 
3125.780376 0.158231 
3126.744825 0.157945 
3127.709274 0.157634 
3128.673724 0.157241 
3129.638173 0.156919 
3130.602623 0.156590 
3131.567072 0.156323 
3132.531521 0.155985 
3133.495971 0.155829 
3134.460420 0.155578 
3135.424869 0.155324 
3136.389319 0.155019 
3137.353768 0.154764 
3138.318217 0.154445 
3139.282667 0.154161 
3140.247116 0.153813 
3141.211566 0.153560 
3142.176015 0.153352 
3143.140464 0.153184 
3144.104914 0.152872 
3145.069363 0.152628 
3146.033812 0.152333 
3146.998262 0.152113 
3147.962711 0.151906 
3148.927160 0.151732 
3149.891610 0.151445 
3150.856059 0.151273 
3151.820508 0.151047 
3152.784958 0.150791 
3153.749407 0.150530 
3154.713857 0.150414 
3155.678306 0.150292 
3156.642755 0.150203 
3157.607205 0.150049 
3158.571654 0.149932 
3159.536103 0.149777 
3160.500553 0.149659 
3161.465002 0.149513 
3162.429451 0.149359 
3163.393901 0.149195 
3164.358350 0.149159 
3165.322800 0.149005 
3166.287249 0.148867 
3167.251698 0.148716 
3168.216148 0.148639 
3169.180597 0.148548 
3170.145046 0.148499 
3171.109496 0.148354 
3172.073945 0.148227 
3173.038394 0.148050 
3174.002844 0.147990 
3174.967293 0.147916 
3175.931742 0.147816 
3176.896192 0.147631 
3177.860641 0.147565 
3178.825091 0.147513 
3179.789540 0.147396 
3180.753989 0.147220 
3181.718439 0.147096 
3182.682888 0.147015 
3183.647337 0.146906 
3184.611787 0.146788 
3185.576236 0.146692 
3186.540685 0.146557 
3187.505135 0.146510 
3188.469584 0.146343 
3189.434034 0.146189 
3190.398483 0.146061 
3191.362932 0.146040 
3192.327382 0.145947 
3193.291831 0.145845 
3194.256280 0.145703 
3195.220730 0.145636 
3196.185179 0.145513 
3197.149628 0.145396 
3198.114078 0.145391 
3199.078527 0.145277 
3200.042976 0.145049 
3201.007426 0.144929 
3201.971875 0.144731 
3202.936325 0.144638 
3203.900774 0.144565 
3204.865223 0.144460 
3205.829673 0.144264 
3206.794122 0.144093 
3207.758571 0.143931 
3208.723021 0.143810 
3209.687470 0.143729 
3210.651919 0.143660 
3211.616369 0.143398 
3212.580818 0.143159 
3213.545268 0.143013 
3214.509717 0.142970 
3215.474166 0.142833 
3216.438616 0.142706 
3217.403065 0.142484 
3218.367514 0.142325 
3219.331964 0.142266 
3220.296413 0.142205 
3221.260862 0.142049 
3222.225312 0.141898 
3223.189761 0.141627 
3224.154210 0.141396 
3225.118660 0.141238 
3226.083109 0.141170 
3227.047559 0.141050 
3228.012008 0.140934 
3228.976457 0.140729 
3229.940907 0.140639 
3230.905356 0.140472 
3231.869805 0.140238 
3232.834255 0.139979 
3233.798704 0.139802 
3234.763153 0.139614 
3235.727603 0.139607 
3236.692052 0.139532 
3237.656502 0.139348 
3238.620951 0.139135 
3239.585400 0.139111 
3240.549850 0.139008 
3241.514299 0.138817 
3242.478748 0.138630 
3243.443198 0.138480 
3244.407647 0.138329 
3245.372096 0.138266 
3246.336546 0.137958 
3247.300995 0.137681 
3248.265444 0.137558 
3249.229894 0.137482 
3250.194343 0.137356 
3251.158793 0.137295 
3252.123242 0.137133 
3253.087691 0.136942 
3254.052141 0.136830 
3255.016590 0.136756 
3255.981039 0.136462 
3256.945489 0.136307 
3257.909938 0.136252 
3258.874387 0.136101 
3259.838837 0.135993 
3260.803286 0.135952 
3261.767736 0.135817 
3262.732185 0.135651 
3263.696634 0.135440 
3264.661084 0.135395 
3265.625533 0.135250 
3266.589982 0.135005 
3267.554432 0.134829 
3268.518881 0.134806 
3269.483330 0.134606 
3270.447780 0.134409 
3271.412229 0.134253 
3272.376678 0.134191 
3273.341128 0.134226 
3274.305577 0.134184 
3275.270027 0.133893 
3276.234476 0.133925 
3277.198925 0.133938 
3278.163375 0.133762 
3279.127824 0.133605 
3280.092273 0.133443 
3281.056723 0.133313 
3282.021172 0.133278 
3282.985621 0.133222 
3283.950071 0.133134 
3284.914520 0.132907 
3285.878970 0.132770 
3286.843419 0.132660 
3287.807868 0.132526 
3288.772318 0.132502 
3289.736767 0.132387 
3290.701216 0.132212 
3291.665666 0.132188 
3292.630115 0.132096 
3293.594564 0.132067 
3294.559014 0.131960 
3295.523463 0.131791 
3296.487912 0.131571 
3297.452362 0.131633 
3298.416811 0.131660 
3299.381261 0.131566 
3300.345710 0.131489 
3301.310159 0.131434 
3302.274609 0.131344 
3303.239058 0.131249 
3304.203507 0.131099 
3305.167957 0.130987 
3306.132406 0.130818 
3307.096855 0.130744 
3308.061305 0.130793 
3309.025754 0.130846 
3309.990204 0.130776 
3310.954653 0.130733 
3311.919102 0.130570 
3312.883552 0.130535 
3313.848001 0.130565 
3314.812450 0.130434 
3315.776900 0.130282 
3316.741349 0.130294 
3317.705798 0.130280 
3318.670248 0.130223 
3319.634697 0.130172 
3320.599146 0.130034 
3321.563596 0.129924 
3322.528045 0.129933 
3323.492495 0.129949 
3324.456944 0.129938 
3325.421393 0.129755 
3326.385843 0.129707 
3327.350292 0.129743 
3328.314741 0.129652 
3329.279191 0.129561 
3330.243640 0.129541 
3331.208089 0.129491 
3332.172539 0.129428 
3333.136988 0.129291 
3334.101438 0.129390 
3335.065887 0.129448 
3336.030336 0.129358 
3336.994786 0.129404 
3337.959235 0.129239 
3338.923684 0.128881 
3339.888134 0.128809 
3340.852583 0.128835 
3341.817032 0.128842 
3342.781482 0.128688 
3343.745931 0.128539 
3344.710380 0.128545 
3345.674830 0.128531 
3346.639279 0.128384 
3347.603729 0.128346 
3348.568178 0.128407 
3349.532627 0.128368 
3350.497077 0.128135 
3351.461526 0.128058 
3352.425975 0.128040 
3353.390425 0.128007 
3354.354874 0.127942 
3355.319323 0.127901 
3356.283773 0.127844 
3357.248222 0.127737 
3358.212672 0.127597 
3359.177121 0.127525 
3360.141570 0.127254 
3361.106020 0.127017 
3362.070469 0.127067 
3363.034918 0.126899 
3363.999368 0.126602 
3364.963817 0.126513 
3365.928266 0.126446 
3366.892716 0.126266 
3367.857165 0.126140 
3368.821614 0.126001 
3369.786064 0.125710 
3370.750513 0.125408 
3371.714963 0.125232 
3372.679412 0.125170 
3373.643861 0.125024 
3374.608311 0.124976 
3375.572760 0.124799 
3376.537209 0.124506 
3377.501659 0.124447 
3378.466108 0.124558 
3379.430557 0.124404 
3380.395007 0.124142 
3381.359456 0.123961 
3382.323906 0.123840 
3383.288355 0.123829 
3384.252804 0.123854 
3385.217254 0.123735 
3386.181703 0.123464 
3387.146152 0.123218 
3388.110602 0.123085 
3389.075051 0.123045 
3390.039500 0.123076 
3391.003950 0.123049 
3391.968399 0.123098 
3392.932848 0.123175 
3393.897298 0.122945 
3394.861747 0.122622 
3395.826197 0.122526 
3396.790646 0.122726 
3397.755095 0.122820 
3398.719545 0.122606 
3399.683994 0.122538 
3400.648443 0.122496 
3401.612893 0.122277 
3402.577342 0.121816 
3403.541791 0.121608 
3404.506241 0.121484 
3405.470690 0.121315 
3406.435140 0.121204 
3407.399589 0.121225 
3408.364038 0.121255 
3409.328488 0.121119 
3410.292937 0.120936 
3411.257386 0.121068 
3412.221836 0.121161 
3413.186285 0.120937 
3414.150734 0.120655 
3415.115184 0.120455 
3416.079633 0.120341 
3417.044082 0.120197 
3418.008532 0.120142 
3418.972981 0.120391 
3419.937431 0.120848 
3420.901880 0.120866 
3421.866329 0.120507 
3422.830779 0.120421 
3423.795228 0.120209 
3424.759677 0.120000 
3425.724127 0.119988 
3426.688576 0.120222 
3427.653025 0.120460 
3428.617475 0.120566 
3429.581924 0.120682 
3430.546374 0.120631 
3431.510823 0.120492 
3432.475272 0.120621 
3433.439722 0.120910 
3434.404171 0.121049 
3435.368620 0.121085 
3436.333070 0.121163 
3437.297519 0.121088 
3438.261968 0.120845 
3439.226418 0.120622 
3440.190867 0.120547 
3441.155316 0.120580 
3442.119766 0.121005 
3443.084215 0.121331 
3444.048665 0.121149 
3445.013114 0.121194 
3445.977563 0.121354 
3446.942013 0.121996 
3447.906462 0.122221 
3448.870911 0.121559 
3449.835361 0.121376 
3450.799810 0.121386 
3451.764259 0.121422 
3452.728709 0.121583 
3453.693158 0.121701 
3454.657608 0.121802 
3455.622057 0.122108 
3456.586506 0.122290 
3457.550956 0.122484 
3458.515405 0.122874 
3459.479854 0.123025 
3460.444304 0.122852 
3461.408753 0.122649 
3462.373202 0.122612 
3463.337652 0.122691 
3464.302101 0.122431 
3465.266550 0.122383 
3466.231000 0.122569 
3467.195449 0.122750 
3468.159899 0.122465 
3469.124348 0.121957 
3470.088797 0.121307 
3471.053247 0.120812 
3472.017696 0.120327 
3472.982145 0.119995 
3473.946595 0.119819 
3474.911044 0.119757 
3475.875493 0.119351 
3476.839943 0.118890 
3477.804392 0.118786 
3478.768842 0.118839 
3479.733291 0.118743 
3480.697740 0.118483 
3481.662190 0.117833 
3482.626639 0.117519 
3483.591088 0.117035 
3484.555538 0.116761 
3485.519987 0.116857 
3486.484436 0.116614 
3487.448886 0.116168 
3488.413335 0.116053 
3489.377784 0.115463 
3490.342234 0.115094 
3491.306683 0.115024 
3492.271133 0.114738 
3493.235582 0.114599 
3494.200031 0.114468 
3495.164481 0.114354 
3496.128930 0.114539 
3497.093379 0.114475 
3498.057829 0.113964 
3499.022278 0.113694 
3499.986727 0.113843 
3500.951177 0.114357 
3501.915626 0.115228 
3502.880076 0.115278 
3503.844525 0.114415 
3504.808974 0.113481 
3505.773424 0.112846 
3506.737873 0.112384 
3507.702322 0.112247 
3508.666772 0.112854 
3509.631221 0.113827 
3510.595670 0.113315 
3511.560120 0.112736 
3512.524569 0.112572 
3513.489018 0.112399 
3514.453468 0.112156 
3515.417917 0.111999 
3516.382367 0.112067 
3517.346816 0.112313 
3518.311265 0.112366 
3519.275715 0.112362 
3520.240164 0.112306 
3521.204613 0.112254 
3522.169063 0.112790 
3523.133512 0.114390 
3524.097961 0.114792 
3525.062411 0.114008 
3526.026860 0.113437 
3526.991310 0.113509 
3527.955759 0.113671 
3528.920208 0.113393 
3529.884658 0.113012 
3530.849107 0.112795 
3531.813556 0.112743 
3532.778006 0.112377 
3533.742455 0.112160 
3534.706904 0.112170 
3535.671354 0.112817 
3536.635803 0.113562 
3537.600252 0.112614 
3538.564702 0.111671 
3539.529151 0.111284 
3540.493601 0.110974 
3541.458050 0.110667 
3542.422499 0.110499 
3543.386949 0.110767 
3544.351398 0.111457 
3545.315847 0.112373 
3546.280297 0.111989 
3547.244746 0.111555 
3548.209195 0.110137 
3549.173645 0.108604 
3550.138094 0.108056 
3551.102544 0.107711 
3552.066993 0.108269 
3553.031442 0.108596 
3553.995892 0.108104 
3554.960341 0.107075 
3555.924790 0.106246 
3556.889240 0.106093 
3557.853689 0.105914 
3558.818138 0.105703 
3559.782588 0.106429 
3560.747037 0.106759 
3561.711486 0.105879 
3562.675936 0.105499 
3563.640385 0.105365 
3564.604835 0.105237 
3565.569284 0.106666 
3566.533733 0.109531 
3567.498183 0.109008 
3568.462632 0.108257 
3569.427081 0.105440 
3570.391531 0.103884 
3571.355980 0.103362 
3572.320429 0.102512 
3573.284879 0.102241 
3574.249328 0.102313 
3575.213778 0.102214 
3576.178227 0.101882 
3577.142676 0.101831 
3578.107126 0.101467 
3579.071575 0.101290 
3580.036024 0.101800 
3581.000474 0.101349 
3581.964923 0.100512 
3582.929372 0.100448 
3583.893822 0.100476 
3584.858271 0.099956 
3585.822720 0.100109 
3586.787170 0.102554 
3587.751619 0.103260 
3588.716069 0.102708 
3589.680518 0.100753 
3590.644967 0.098831 
3591.609417 0.097967 
3592.573866 0.097880 
3593.538315 0.098608 
3594.502765 0.098255 
3595.467214 0.099138 
3596.431663 0.098793 
3597.396113 0.097330 
3598.360562 0.097112 
3599.325012 0.096890 
3600.289461 0.096605 
3601.253910 0.097073 
3602.218360 0.096805 
3603.182809 0.096426 
3604.147258 0.095829 
3605.111708 0.095318 
3606.076157 0.095260 
3607.040606 0.096803 
3608.005056 0.096636 
3608.969505 0.096407 
3609.933954 0.097162 
3610.898404 0.095368 
3611.862853 0.094916 
3612.827303 0.096615 
3613.791752 0.096341 
3614.756201 0.096169 
3615.720651 0.095416 
3616.685100 0.093756 
3617.649549 0.094510 
3618.613999 0.094830 
3619.578448 0.094836 
3620.542897 0.095057 
3621.507347 0.093963 
3622.471796 0.092895 
3623.436246 0.092409 
3624.400695 0.092188 
3625.365144 0.092072 
3626.329594 0.092416 
3627.294043 0.091526 
3628.258492 0.091527 
3629.222942 0.095006 
3630.187391 0.094868 
3631.151840 0.092583 
3632.116290 0.091244 
3633.080739 0.090901 
3634.045188 0.091768 
3635.009638 0.091231 
3635.974087 0.090336 
3636.938537 0.089952 
3637.902986 0.090020 
3638.867435 0.090137 
3639.831885 0.089807 
3640.796334 0.089660 
3641.760783 0.090155 
3642.725233 0.090630 
3643.689682 0.089969 
3644.654131 0.089386 
3645.618581 0.089066 
3646.583030 0.089571 
3647.547480 0.091124 
3648.511929 0.090000 
3649.476378 0.089769 
3650.440828 0.090087 
3651.405277 0.090624 
3652.369726 0.089347 
3653.334176 0.088080 
3654.298625 0.087338 
3655.263074 0.086655 
3656.227524 0.087966 
3657.191973 0.088760 
3658.156422 0.087544 
3659.120872 0.087123 
3660.085321 0.087048 
3661.049771 0.086897 
3662.014220 0.086849 
3662.978669 0.086972 
3663.943119 0.086916 
3664.907568 0.086942 
3665.872017 0.087006 
3666.836467 0.086691 
3667.800916 0.086042 
3668.765365 0.086762 
3669.729815 0.087043 
3670.694264 0.087938 
3671.658714 0.088460 
3672.623163 0.087116 
3673.587612 0.085936 
3674.552062 0.085037 
3675.516511 0.087217 
3676.480960 0.089506 
3677.445410 0.088637 
3678.409859 0.087486 
3679.374308 0.087859 
3680.338758 0.088362 
3681.303207 0.087821 
3682.267656 0.087571 
3683.232106 0.087475 
3684.196555 0.087688 
3685.161005 0.087911 
3686.125454 0.087609 
3687.089903 0.086389 
3688.054353 0.086146 
3689.018802 0.088105 
3689.983251 0.087205 
3690.947701 0.087599 
3691.912150 0.088173 
3692.876599 0.086922 
3693.841049 0.086270 
3694.805498 0.085746 
3695.769948 0.085351 
3696.734397 0.085112 
3697.698846 0.084529 
3698.663296 0.084188 
3699.627745 0.083899 
3700.592194 0.083075 
3701.556644 0.083683 
3702.521093 0.084228 
3703.485542 0.082988 
3704.449992 0.082492 
3705.414441 0.082639 
3706.378890 0.082682 
3707.343340 0.082145 
3708.307789 0.081294 
3709.272239 0.081714 
3710.236688 0.082433 
3711.201137 0.081650 
3712.165587 0.083025 
3713.130036 0.083791 
3714.094485 0.082680 
3715.058935 0.082705 
3716.023384 0.082170 
3716.987833 0.081165 
3717.952283 0.080549 
3718.916732 0.081493 
3719.881182 0.081828 
3720.845631 0.080604 
3721.810080 0.080938 
3722.774530 0.082891 
3723.738979 0.082065 
3724.703428 0.081802 
3725.667878 0.082429 
3726.632327 0.082884 
3727.596776 0.082553 
3728.561226 0.080894 
3729.525675 0.079889 
3730.490124 0.079256 
3731.454574 0.078560 
3732.419023 0.079911 
3733.383473 0.080141 
3734.347922 0.081359 
3735.312371 0.084918 
3736.276821 0.083789 
3737.241270 0.082134 
3738.205719 0.080952 
3739.170169 0.080827 
3740.134618 0.080580 
3741.099067 0.081293 
3742.063517 0.080918 
3743.027966 0.079026 
3743.992416 0.078163 
3744.956865 0.082748 
3745.921314 0.081851 
3746.885764 0.080942 
3747.850213 0.080112 
3748.814662 0.078840 
3749.779112 0.080354 
3750.743561 0.079949 
3751.708010 0.079591 
3752.672460 0.082058 
3753.636909 0.081491 
3754.601358 0.080330 
3755.565808 0.079490 
3756.530257 0.080011 
3757.494707 0.080439 
3758.459156 0.079972 
3759.423605 0.080556 
3760.388055 0.080780 
3761.352504 0.079714 
3762.316953 0.079479 
3763.281403 0.079430 
3764.245852 0.079194 
3765.210301 0.079543 
3766.174751 0.080780 
3767.139200 0.080089 
3768.103650 0.079153 
3769.068099 0.078627 
3770.032548 0.079817 
3770.996998 0.080211 
3771.961447 0.079638 
3772.925896 0.079312 
3773.890346 0.079147 
3774.854795 0.079115 
3775.819244 0.079105 
3776.783694 0.079120 
3777.748143 0.078895 
3778.712592 0.078394 
3779.677042 0.079201 
3780.641491 0.079439 
3781.605941 0.079064 
3782.570390 0.078907 
3783.534839 0.078663 
3784.499289 0.079317 
3785.463738 0.079805 
3786.428187 0.079507 
3787.392637 0.079204 
3788.357086 0.078969 
3789.321535 0.078869 
3790.285985 0.078682 
3791.250434 0.078612 
3792.214884 0.078729 
3793.179333 0.078780 
3794.143782 0.078634 
3795.108232 0.078179 
3796.072681 0.078260 
3797.037130 0.079564 
3798.001580 0.079921 
3798.966029 0.079209 
3799.930478 0.077832 
3800.894928 0.077189 
3801.859377 0.078622 
3802.823826 0.079491 
3803.788276 0.079325 
3804.752725 0.078629 
3805.717175 0.077550 
3806.681624 0.077472 
3807.646073 0.079222 
3808.610523 0.079043 
3809.574972 0.078840 
3810.539421 0.078874 
3811.503871 0.078789 
3812.468320 0.078674 
3813.432769 0.078720 
3814.397219 0.078179 
3815.361668 0.077509 
3816.326118 0.079192 
3817.290567 0.079588 
3818.255016 0.079252 
3819.219466 0.078767 
3820.183915 0.077872 
3821.148364 0.078760 
3822.112814 0.080281 
3823.077263 0.079608 
3824.041712 0.079104 
3825.006162 0.078843 
3825.970611 0.078677 
3826.935060 0.079406 
3827.899510 0.079587 
3828.863959 0.079173 
3829.828409 0.078637 
3830.792858 0.078290 
3831.757307 0.079195 
3832.721757 0.079433 
3833.686206 0.078459 
3834.650655 0.078877 
3835.615105 0.079684 
3836.579554 0.078141 
3837.544003 0.078156 
3838.508453 0.080027 
3839.472902 0.079902 
3840.437352 0.080672 
3841.401801 0.080697 
3842.366250 0.079374 
3843.330700 0.079578 
3844.295149 0.080656 
3845.259598 0.079830 
3846.224048 0.079235 
3847.188497 0.078939 
3848.152946 0.078858 
3849.117396 0.079451 
3850.081845 0.079802 
3851.046294 0.078588 
3852.010744 0.079031 
3852.975193 0.079030 
3853.939643 0.079454 
3854.904092 0.081564 
3855.868541 0.080055 
3856.832991 0.080208 
3857.797440 0.080776 
3858.761889 0.079846 
3859.726339 0.079213 
3860.690788 0.078891 
3861.655237 0.079967 
3862.619687 0.080418 
3863.584136 0.079285 
3864.548586 0.079874 
3865.513035 0.081261 
3866.477484 0.080192 
3867.441934 0.079328 
3868.406383 0.078836 
3869.370832 0.079778 
3870.335282 0.082539 
3871.299731 0.081888 
3872.264180 0.080281 
3873.228630 0.079553 
3874.193079 0.081138 
3875.157528 0.080790 
3876.121978 0.079367 
3877.086427 0.079039 
3878.050877 0.079016 
3879.015326 0.078794 
3879.979775 0.080102 
3880.944225 0.082567 
3881.908674 0.080840 
3882.873123 0.079977 
3883.837573 0.080208 
3884.802022 0.079393 
3885.766471 0.080383 
3886.730921 0.080771 
3887.695370 0.079353 
3888.659820 0.078937 
3889.624269 0.078578 
3890.588718 0.078717 
3891.553168 0.080550 
3892.517617 0.080527 
3893.482066 0.079989 
3894.446516 0.080273 
3895.410965 0.079708 
3896.375414 0.079219 
3897.339864 0.079315 
3898.304313 0.079837 
3899.268762 0.081346 
3900.233212 0.081012 
3901.197661 0.080160 
3902.162111 0.082039 
3903.126560 0.080944 
3904.091009 0.080734 
3905.055459 0.081883 
3906.019908 0.081554 
3906.984357 0.080215 
3907.948807 0.079175 
3908.913256 0.078859 
3909.877705 0.078621 
3910.842155 0.078569 
3911.806604 0.078798 
3912.771054 0.078967 
3913.735503 0.078923 
3914.699952 0.078918 
3915.664402 0.079362 
3916.628851 0.080897 
3917.593300 0.081597 
3918.557750 0.080020 
3919.522199 0.079874 
3920.486648 0.080700 
3921.451098 0.079782 
3922.415547 0.079288 
3923.379996 0.080091 
3924.344446 0.081163 
3925.308895 0.081192 
3926.273345 0.079849 
3927.237794 0.079117 
3928.202243 0.079167 
3929.166693 0.079449 
3930.131142 0.080178 
3931.095591 0.080696 
3932.060041 0.081718 
3933.024490 0.081892 
3933.988939 0.080529 
3934.953389 0.079810 
3935.917838 0.079323 
3936.882288 0.079321 
3937.846737 0.079550 
3938.811186 0.079800 
3939.775636 0.079745 
3940.740085 0.079577 
3941.704534 0.079786 
3942.668984 0.081568 
3943.633433 0.081693 
3944.597882 0.080545 
3945.562332 0.079934 
3946.526781 0.080114 
3947.491230 0.081430 
3948.455680 0.081512 
3949.420129 0.081001 
3950.384579 0.081329 
3951.349028 0.080421 
3952.313477 0.079713 
3953.277927 0.079637 
3954.242376 0.079631 
3955.206825 0.079769 
3956.171275 0.080177 
3957.135724 0.080399 
3958.100173 0.080257 
3959.064623 0.080195 
3960.029072 0.080355 
3960.993522 0.080748 
3961.957971 0.081406 
3962.922420 0.081092 
3963.886870 0.080518 
3964.851319 0.080489 
3965.815768 0.080439 
3966.780218 0.080308 
3967.744667 0.080451 
3968.709116 0.080907 
3969.673566 0.081160 
3970.638015 0.080797 
3971.602464 0.080733 
3972.566914 0.080886 
3973.531363 0.080781 
3974.495813 0.080972 
3975.460262 0.081518 
3976.424711 0.081569 
3977.389161 0.080906 
3978.353610 0.080430 
3979.318059 0.080366 
3980.282509 0.080525 
3981.246958 0.080702 
3982.211407 0.080785 
3983.175857 0.080580 
3984.140306 0.080272 
3985.104756 0.080152 
3986.069205 0.080211 
3987.033654 0.080218 
3987.998104 0.080230 
3988.962553 0.080417 
3989.927002 0.080836 
3990.891452 0.080971 
3991.855901 0.080581 
3992.820350 0.080170 
3993.784800 0.080002 
3994.749249 0.080315 
3995.713698 0.080521 
3996.678148 0.080201 
3997.642597 0.080045 
3998.607047 0.080050 
3999.571496 0.080007 
4000.535945 0.080063 