##YUNITS=Abs
399.282035 0.130047 
400.246484 0.125148 
401.210934 0.129572 
402.175383 0.132733 
403.139832 0.130219 
404.104282 0.120649 
405.068731 0.116064 
406.033181 0.114681 
406.997630 0.112766 
407.962079 0.112682 
408.926529 0.112843 
409.890978 0.111658 
410.855427 0.110171 
411.819877 0.110342 
412.784326 0.109308 
413.748775 0.108899 
414.713225 0.107926 
415.677674 0.102149 
416.642124 0.098719 
417.606573 0.100462 
418.571022 0.100594 
419.535472 0.099982 
420.499921 0.099772 
421.464370 0.098419 
422.428820 0.096603 
423.393269 0.093339 
424.357718 0.093158 
425.322168 0.093990 
426.286617 0.093812 
427.251066 0.091636 
428.215516 0.092340 
429.179965 0.094914 
430.144415 0.093056 
431.108864 0.090668 
432.073313 0.090676 
433.037763 0.090827 
434.002212 0.090886 
434.966661 0.091036 
435.931111 0.092091 
436.895560 0.093469 
437.860009 0.093278 
438.824459 0.092405 
439.788908 0.091479 
440.753358 0.092072 
441.717807 0.091510 
442.682256 0.093249 
443.646706 0.094243 
444.611155 0.091854 
445.575604 0.090705 
446.540054 0.092254 
447.504503 0.092795 
448.468952 0.092079 
449.433402 0.091460 
450.397851 0.090979 
451.362300 0.090939 
452.326750 0.090243 
453.291199 0.088446 
454.255649 0.086999 
455.220098 0.086221 
456.184547 0.085988 
457.148997 0.086299 
458.113446 0.084147 
459.077895 0.082969 
460.042345 0.082785 
461.006794 0.082822 
461.971243 0.082626 
462.935693 0.082411 
463.900142 0.082836 
464.864592 0.082488 
465.829041 0.081921 
466.793490 0.083339 
467.757940 0.084658 
468.722389 0.084965 
469.686838 0.084072 
470.651288 0.083502 
471.615737 0.082201 
472.580186 0.081719 
473.544636 0.084199 
474.509085 0.085544 
475.473534 0.084074 
476.437984 0.083555 
477.402433 0.083185 
478.366883 0.082733 
479.331332 0.082500 
480.295781 0.082188 
481.260231 0.081260 
482.224680 0.079849 
483.189129 0.078331 
484.153579 0.077172 
485.118028 0.077457 
486.082477 0.077378 
487.046927 0.075038 
488.011376 0.073453 
488.975826 0.072596 
489.940275 0.071747 
490.904724 0.070766 
491.869174 0.070653 
492.833623 0.069892 
493.798072 0.069190 
494.762522 0.068703 
495.726971 0.067781 
496.691420 0.066611 
497.655870 0.065899 
498.620319 0.065275 
499.584768 0.065256 
500.549218 0.065554 
501.513667 0.065203 
502.478117 0.064369 
503.442566 0.064332 
504.407015 0.064351 
505.371465 0.064073 
506.335914 0.063560 
507.300363 0.063571 
508.264813 0.063520 
509.229262 0.063600 
510.193711 0.063640 
511.158161 0.063120 
512.122610 0.062415 
513.087060 0.062682 
514.051509 0.063435 
515.015958 0.063719 
515.980408 0.062956 
516.944857 0.063480 
517.909306 0.063334 
518.873756 0.062957 
519.838205 0.063127 
520.802654 0.062763 
521.767104 0.062964 
522.731553 0.063285 
523.696002 0.063654 
524.660452 0.063855 
525.624901 0.064066 
526.589351 0.065183 
527.553800 0.065654 
528.518249 0.065942 
529.482699 0.066552 
530.447148 0.068614 
531.411597 0.071727 
532.376047 0.071766 
533.340496 0.071277 
534.304945 0.069704 
535.269395 0.066602 
536.233844 0.066460 
537.198294 0.065954 
538.162743 0.064525 
539.127192 0.064784 
540.091642 0.064406 
541.056091 0.063818 
542.020540 0.063463 
542.984990 0.063598 
543.949439 0.063603 
544.913888 0.063579 
545.878338 0.063861 
546.842787 0.064041 
547.807236 0.063912 
548.771686 0.063425 
549.736135 0.063266 
550.700585 0.063586 
551.665034 0.063240 
552.629483 0.063062 
553.593933 0.063176 
554.558382 0.063350 
555.522831 0.063662 
556.487281 0.063641 
557.451730 0.063729 
558.416179 0.063936 
559.380629 0.064391 
560.345078 0.064397 
561.309528 0.064382 
562.273977 0.064589 
563.238426 0.064890 
564.202876 0.064669 
565.167325 0.064439 
566.131774 0.064864 
567.096224 0.065372 
568.060673 0.065600 
569.025122 0.065370 
569.989572 0.065279 
570.954021 0.065646 
571.918470 0.065501 
572.882920 0.065318 
573.847369 0.065462 
574.811819 0.065691 
575.776268 0.065951 
576.740717 0.065532 
577.705167 0.064871 
578.669616 0.064521 
579.634065 0.064836 
580.598515 0.065437 
581.562964 0.065235 
582.527413 0.064917 
583.491863 0.065067 
584.456312 0.065423 
585.420762 0.065221 
586.385211 0.065363 
587.349660 0.066242 
588.314110 0.066794 
589.278559 0.066141 
590.243008 0.065540 
591.207458 0.065779 
592.171907 0.066181 
593.136356 0.065873 
594.100806 0.065769 
595.065255 0.065906 
596.029704 0.066228 
596.994154 0.066116 
597.958603 0.066233 
598.923053 0.066602 
599.887502 0.067286 
600.851951 0.067443 
601.816401 0.067204 
602.780850 0.067387 
603.745299 0.067612 
604.709749 0.067704 
605.674198 0.067542 
606.638647 0.067497 
607.603097 0.067579 
608.567546 0.068268 
609.531996 0.068631 
610.496445 0.068483 
611.460894 0.068670 
612.425344 0.069039 
613.389793 0.069143 
614.354242 0.069348 
615.318692 0.069791 
616.283141 0.070206 
617.247590 0.070733 
618.212040 0.071422 
619.176489 0.072260 
620.140938 0.073275 
621.105388 0.074396 
622.069837 0.074911 
623.034287 0.075465 
623.998736 0.076238 
624.963185 0.077120 
625.927635 0.077641 
626.892084 0.078042 
627.856533 0.078732 
628.820983 0.079765 
629.785432 0.080491 
630.749881 0.080177 
631.714331 0.078989 
632.678780 0.076974 
633.643230 0.074158 
634.607679 0.072003 
635.572128 0.070538 
636.536578 0.069322 
637.501027 0.068626 
638.465476 0.068262 
639.429926 0.067980 
640.394375 0.067849 
641.358824 0.067755 
642.323274 0.067602 
643.287723 0.067335 
644.252172 0.067282 
645.216622 0.067348 
646.181071 0.067417 
647.145521 0.067464 
648.109970 0.067355 
649.074419 0.067143 
650.038869 0.067230 
651.003318 0.067311 
651.967767 0.067240 
652.932217 0.067461 
653.896666 0.067767 
654.861115 0.067805 
655.825565 0.068028 
656.790014 0.068326 
657.754464 0.068743 
658.718913 0.069245 
659.683362 0.069427 
660.647812 0.069523 
661.612261 0.069960 
662.576710 0.070306 
663.541160 0.070816 
664.505609 0.071230 
665.470058 0.071722 
666.434508 0.070932 
667.398957 0.066655 
668.363406 0.063136 
669.327856 0.069005 
670.292305 0.071340 
671.256755 0.071863 
672.221204 0.071837 
673.185653 0.071804 
674.150103 0.072109 
675.114552 0.072348 
676.079001 0.072554 
677.043451 0.072584 
678.007900 0.072940 
678.972349 0.073291 
679.936799 0.073476 
680.901248 0.073761 
681.865698 0.074290 
682.830147 0.074733 
683.794596 0.075207 
684.759046 0.075650 
685.723495 0.076028 
686.687944 0.076621 
687.652394 0.077388 
688.616843 0.078121 
689.581292 0.079000 
690.545742 0.079869 
691.510191 0.080658 
692.474640 0.081403 
693.439090 0.082170 
694.403539 0.083162 
695.367989 0.084137 
696.332438 0.085225 
697.296887 0.086299 
698.261337 0.087382 
699.225786 0.088588 
700.190235 0.089659 
701.154685 0.090828 
702.119134 0.092638 
703.083583 0.094628 
704.048033 0.096382 
705.012482 0.098262 
705.976932 0.100440 
706.941381 0.102766 
707.905830 0.105252 
708.870280 0.107824 
709.834729 0.110870 
710.799178 0.114058 
711.763628 0.117553 
712.728077 0.121431 
713.692526 0.125580 
714.656976 0.130014 
715.621425 0.134800 
716.585874 0.139940 
717.550324 0.145745 
718.514773 0.152111 
719.479223 0.158605 
720.443672 0.165914 
721.408121 0.174199 
722.372571 0.182986 
723.337020 0.192857 
724.301469 0.204163 
725.265919 0.216860 
726.230368 0.231746 
727.194817 0.249440 
728.159267 0.270060 
729.123716 0.293921 
730.088166 0.321445 
731.052615 0.353444 
732.017064 0.390602 
732.981514 0.433902 
733.945963 0.484217 
734.910412 0.542546 
735.874862 0.610941 
736.839311 0.691948 
737.803760 0.787056 
738.768210 0.898922 
739.732659 1.031264 
740.697108 1.189725 
741.661558 1.377870 
742.626007 1.605424 
743.590457 1.889427 
744.554906 2.262727 
745.519355 2.466075 
746.483805 2.360178 
747.448254 2.254388 
748.412703 2.218957 
749.377153 2.178461 
750.341602 2.174056 
751.306051 2.169514 
752.270501 2.159843 
753.234950 2.147125 
754.199400 2.165188 
755.163849 2.162282 
756.128298 2.162929 
757.092748 2.170577 
758.057197 2.176450 
759.021646 2.171736 
759.986096 2.174106 
760.950545 2.147931 
761.914994 2.149324 
762.879444 2.163040 
763.843893 2.175146 
764.808342 2.170604 
765.772792 2.169780 
766.737241 2.156422 
767.701691 2.172018 
768.666140 2.174815 
769.630589 2.174524 
770.595039 2.165689 
771.559488 2.161484 
772.523937 2.151343 
773.488387 2.149535 
774.452836 2.150961 
775.417285 2.169622 
776.381735 2.167195 
777.346184 2.171064 
778.310634 2.169232 
779.275083 2.170115 
780.239532 2.164068 
781.203982 2.172346 
782.168431 2.157427 
783.132880 2.146304 
784.097330 2.150368 
785.061779 2.155633 
786.026228 2.156879 
786.990678 2.152372 
787.955127 2.142833 
788.919576 2.152069 
789.884026 2.160031 
790.848475 2.164008 
791.812925 2.155710 
792.777374 2.148165 
793.741823 2.145353 
794.706273 2.150130 
795.670722 2.144708 
796.635171 2.152125 
797.599621 2.150603 
798.564070 2.144605 
799.528519 2.132972 
800.492969 2.147126 
801.457418 2.158889 
802.421868 2.208903 
803.386317 2.364353 
804.350766 2.393607 
805.315216 1.845777 
806.279665 1.492592 
807.244114 1.233892 
808.208564 1.038184 
809.173013 0.890555 
810.137462 0.780259 
811.101912 0.693402 
812.066361 0.619597 
813.030810 0.552737 
813.995260 0.492270 
814.959709 0.438664 
815.924159 0.392926 
816.888608 0.355867 
817.853057 0.327351 
818.817507 0.305234 
819.781956 0.288082 
820.746405 0.274213 
821.710855 0.262314 
822.675304 0.251318 
823.639753 0.240575 
824.604203 0.229568 
825.568652 0.218549 
826.533102 0.207530 
827.497551 0.196400 
828.462000 0.185187 
829.426450 0.174525 
830.390899 0.164969 
831.355348 0.156325 
832.319798 0.148271 
833.284247 0.141248 
834.248696 0.135475 
835.213146 0.130875 
836.177595 0.126949 
837.142044 0.123589 
838.106494 0.121097 
839.070943 0.119365 
840.035393 0.117831 
840.999842 0.116490 
841.964291 0.115552 
842.928741 0.115055 
843.893190 0.114400 
844.857639 0.113159 
845.822089 0.111698 
846.786538 0.110566 
847.750987 0.109800 
848.715437 0.109076 
849.679886 0.108208 
850.644336 0.107495 
851.608785 0.107033 
852.573234 0.106376 
853.537684 0.105350 
854.502133 0.104358 
855.466582 0.103382 
856.431032 0.102319 
857.395481 0.101067 
858.359930 0.099862 
859.324380 0.098750 
860.288829 0.097650 
861.253278 0.096369 
862.217728 0.095152 
863.182177 0.094087 
864.146627 0.093259 
865.111076 0.092392 
866.075525 0.091338 
867.039975 0.090419 
868.004424 0.089817 
868.968873 0.089186 
869.933323 0.088372 
870.897772 0.087542 
871.862221 0.086794 
872.826671 0.086058 
873.791120 0.085356 
874.755570 0.084743 
875.720019 0.084204 
876.684468 0.083587 
877.648918 0.082788 
878.613367 0.081966 
879.577816 0.081255 
880.542266 0.080783 
881.506715 0.080380 
882.471164 0.079925 
883.435614 0.079516 
884.400063 0.079276 
885.364512 0.079220 
886.328962 0.079143 
887.293411 0.079093 
888.257861 0.079103 
889.222310 0.079133 
890.186759 0.079067 
891.151209 0.079032 
892.115658 0.079107 
893.080107 0.079139 
894.044557 0.079204 
895.009006 0.079331 
895.973455 0.079508 
896.937905 0.079671 
897.902354 0.079806 
898.866804 0.079859 
899.831253 0.079972 
900.795702 0.080199 
901.760152 0.080490 
902.724601 0.080816 
903.689050 0.080906 
904.653500 0.080759 
905.617949 0.080706 
906.582398 0.080741 
907.546848 0.080695 
908.511297 0.080646 
909.475746 0.080631 
910.440196 0.080489 
911.404645 0.080199 
912.369095 0.080065 
913.333544 0.080023 
914.297993 0.080044 
915.262443 0.080007 
916.226892 0.079988 
917.191341 0.080203 
918.155791 0.080431 
919.120240 0.080534 
920.084689 0.080693 
921.049139 0.080890 
922.013588 0.080917 
922.978038 0.080758 
923.942487 0.080411 
924.906936 0.080077 
925.871386 0.080094 
926.835835 0.080191 
927.800284 0.080313 
928.764734 0.080768 
929.729183 0.081474 
930.693632 0.082158 
931.658082 0.082692 
932.622531 0.083294 
933.586980 0.083921 
934.551430 0.083315 
935.515879 0.081630 
936.480329 0.080424 
937.444778 0.079974 
938.409227 0.079688 
939.373677 0.079501 
940.338126 0.079200 
941.302575 0.078930 
942.267025 0.078846 
943.231474 0.078881 
944.195923 0.078824 
945.160373 0.078793 
946.124822 0.078875 
947.089272 0.079036 
948.053721 0.079087 
949.018170 0.079164 
949.982620 0.079483 
950.947069 0.079891 
951.911518 0.080282 
952.875968 0.080590 
953.840417 0.081001 
954.804866 0.081668 
955.769316 0.082422 
956.733765 0.083215 
957.698214 0.083974 
958.662664 0.084894 
959.627113 0.085982 
960.591563 0.087083 
961.556012 0.088217 
962.520461 0.089523 
963.484911 0.090940 
964.449360 0.092412 
965.413809 0.093906 
966.378259 0.095511 
967.342708 0.097265 
968.307157 0.099075 
969.271607 0.100749 
970.236056 0.102483 
971.200506 0.104420 
972.164955 0.106412 
973.129404 0.108112 
974.093854 0.109653 
975.058303 0.111039 
976.022752 0.112281 
976.987202 0.113169 
977.951651 0.113840 
978.916100 0.114311 
979.880550 0.114461 
980.844999 0.114297 
981.809448 0.113894 
982.773898 0.113278 
983.738347 0.112622 
984.702797 0.111832 
985.667246 0.110877 
986.631695 0.110071 
987.596145 0.109489 
988.560594 0.108944 
989.525043 0.108569 
990.489493 0.108452 
991.453942 0.108613 
992.418391 0.108906 
993.382841 0.109387 
994.347290 0.110078 
995.311740 0.111039 
996.276189 0.112163 
997.240638 0.113402 
998.205088 0.114765 
999.169537 0.116222 
1000.133986 0.117674 
1001.098436 0.118967 
1002.062885 0.120102 
1003.027334 0.121204 
1003.991784 0.121982 
1004.956233 0.122432 
1005.920682 0.122556 
1006.885132 0.122463 
1007.849581 0.122127 
1008.814031 0.121332 
1009.778480 0.120203 
1010.742929 0.118876 
1011.707379 0.117506 
1012.671828 0.116050 
1013.636277 0.114297 
1014.600727 0.112375 
1015.565176 0.110407 
1016.529625 0.108462 
1017.494075 0.106492 
1018.458524 0.104377 
1019.422974 0.102269 
1020.387423 0.100419 
1021.351872 0.098621 
1022.316322 0.096813 
1023.280771 0.095206 
1024.245220 0.093984 
1025.209670 0.092895 
1026.174119 0.091773 
1027.138568 0.090774 
1028.103018 0.090028 
1029.067467 0.089429 
1030.031916 0.088783 
1030.996366 0.088073 
1031.960815 0.087581 
1032.925265 0.087270 
1033.889714 0.086872 
1034.854163 0.086332 
1035.818613 0.085892 
1036.783062 0.085694 
1037.747511 0.085604 
1038.711961 0.085392 
1039.676410 0.085109 
1040.640859 0.084951 
1041.605309 0.084980 
1042.569758 0.085004 
1043.534208 0.085011 
1044.498657 0.085108 
1045.463106 0.085419 
1046.427556 0.085716 
1047.392005 0.085877 
1048.356454 0.086033 
1049.320904 0.086304 
1050.285353 0.086640 
1051.249802 0.086900 
1052.214252 0.087068 
1053.178701 0.087320 
1054.143150 0.087776 
1055.107600 0.088196 
1056.072049 0.088412 
1057.036499 0.088826 
1058.000948 0.089392 
1058.965397 0.089946 
1059.929847 0.090333 
1060.894296 0.090653 
1061.858745 0.091055 
1062.823195 0.091461 
1063.787644 0.091711 
1064.752093 0.091853 
1065.716543 0.092094 
1066.680992 0.092279 
1067.645442 0.092299 
1068.609891 0.092185 
1069.574340 0.091973 
1070.538790 0.091818 
1071.503239 0.091667 
1072.467688 0.091402 
1073.432138 0.091109 
1074.396587 0.090806 
1075.361036 0.090471 
1076.325486 0.090108 
1077.289935 0.089659 
1078.254384 0.089233 
1079.218834 0.088948 
1080.183283 0.088672 
1081.147733 0.088262 
1082.112182 0.087804 
1083.076631 0.087461 
1084.041081 0.087218 
1085.005530 0.087019 
1085.969979 0.086916 
1086.934429 0.086810 
1087.898878 0.086795 
1088.863327 0.086806 
1089.827777 0.086792 
1090.792226 0.086791 
1091.756676 0.086828 
1092.721125 0.086797 
1093.685574 0.086867 
1094.650024 0.087119 
1095.614473 0.087376 
1096.578922 0.087532 
1097.543372 0.087643 
1098.507821 0.087852 
1099.472270 0.088206 
1100.436720 0.088445 
1101.401169 0.088614 
1102.365618 0.088845 
1103.330068 0.089138 
1104.294517 0.089391 
1105.258967 0.089557 
1106.223416 0.089745 
1107.187865 0.089928 
1108.152315 0.090038 
1109.116764 0.090079 
1110.081213 0.090057 
1111.045663 0.090100 
1112.010112 0.090080 
1112.974561 0.089817 
1113.939011 0.089395 
1114.903460 0.088985 
1115.867910 0.088548 
1116.832359 0.087989 
1117.796808 0.087267 
1118.761258 0.086566 
1119.725707 0.085983 
1120.690156 0.085431 
1121.654606 0.084858 
1122.619055 0.084359 
1123.583504 0.084063 
1124.547954 0.083827 
1125.512403 0.083424 
1126.476852 0.082968 
1127.441302 0.082697 
1128.405751 0.082598 
1129.370201 0.082403 
1130.334650 0.081947 
1131.299099 0.081485 
1132.263549 0.081183 
1133.227998 0.080943 
1134.192447 0.080706 
1135.156897 0.080433 
1136.121346 0.080184 
1137.085795 0.080020 
1138.050245 0.079853 
1139.014694 0.079594 
1139.979144 0.079464 
1140.943593 0.079500 
1141.908042 0.079482 
1142.872492 0.079436 
1143.836941 0.079499 
1144.801390 0.079675 
1145.765840 0.079854 
1146.730289 0.079905 
1147.694738 0.080010 
1148.659188 0.080248 
1149.623637 0.080484 
1150.588086 0.080550 
1151.552536 0.080485 
1152.516985 0.080390 
1153.481435 0.080356 
1154.445884 0.080334 
1155.410333 0.080256 
1156.374783 0.080262 
1157.339232 0.080322 
1158.303681 0.080407 
1159.268131 0.080455 
1160.232580 0.080532 
1161.197029 0.080799 
1162.161479 0.081135 
1163.125928 0.081409 
1164.090378 0.081558 
1165.054827 0.081514 
1166.019276 0.081206 
1166.983726 0.080813 
1167.948175 0.080521 
1168.912624 0.080524 
1169.877074 0.080710 
1170.841523 0.080838 
1171.805972 0.080729 
1172.770422 0.080664 
1173.734871 0.080721 
1174.699320 0.080786 
1175.663770 0.080821 
1176.628219 0.080931 
1177.592669 0.081168 
1178.557118 0.081577 
1179.521567 0.082022 
1180.486017 0.082439 
1181.450466 0.082704 
1182.414915 0.082511 
1183.379365 0.082284 
1184.343814 0.082276 
1185.308263 0.082494 
1186.272713 0.082913 
1187.237162 0.083322 
1188.201612 0.083681 
1189.166061 0.084171 
1190.130510 0.084850 
1191.094960 0.085448 
1192.059409 0.085963 
1193.023858 0.086623 
1193.988308 0.087461 
1194.952757 0.088316 
1195.917206 0.089111 
1196.881656 0.089895 
1197.846105 0.090789 
1198.810554 0.091713 
1199.775004 0.092576 
1200.739453 0.093375 
1201.703903 0.094288 
1202.668352 0.095307 
1203.632801 0.096276 
1204.597251 0.097112 
1205.561700 0.097917 
1206.526149 0.098877 
1207.490599 0.099839 
1208.455048 0.100615 
1209.419497 0.101355 
1210.383947 0.102145 
1211.348396 0.102894 
1212.312846 0.103451 
1213.277295 0.103840 
1214.241744 0.104284 
1215.206194 0.104844 
1216.170643 0.105246 
1217.135092 0.105423 
1218.099542 0.105354 
1219.063991 0.105192 
1220.028440 0.104850 
1220.992890 0.104391 
1221.957339 0.103857 
1222.921788 0.103318 
1223.886238 0.102842 
1224.850687 0.102257 
1225.815137 0.101371 
1226.779586 0.100504 
1227.744035 0.099840 
1228.708485 0.099253 
1229.672934 0.098772 
1230.637383 0.098600 
1231.601833 0.098657 
1232.566282 0.098818 
1233.530731 0.098972 
1234.495181 0.099219 
1235.459630 0.099772 
1236.424080 0.100431 
1237.388529 0.101105 
1238.352978 0.101864 
1239.317428 0.102876 
1240.281877 0.104032 
1241.246326 0.105132 
1242.210776 0.106219 
1243.175225 0.107355 
1244.139674 0.108600 
1245.104124 0.109778 
1246.068573 0.110824 
1247.033022 0.111691 
1247.997472 0.112430 
1248.961921 0.112987 
1249.926371 0.113392 
1250.890820 0.113679 
1251.855269 0.114010 
1252.819719 0.114269 
1253.784168 0.114240 
1254.748617 0.113947 
1255.713067 0.113538 
1256.677516 0.112973 
1257.641965 0.112092 
1258.606415 0.110917 
1259.570864 0.109460 
1260.535314 0.107594 
1261.499763 0.105410 
1262.464212 0.103022 
1263.428662 0.100512 
1264.393111 0.097978 
1265.357560 0.095667 
1266.322010 0.093733 
1267.286459 0.092010 
1268.250908 0.090609 
1269.215358 0.089524 
1270.179807 0.088521 
1271.144256 0.087480 
1272.108706 0.086660 
1273.073155 0.085960 
1274.037605 0.085297 
1275.002054 0.084633 
1275.966503 0.084015 
1276.930953 0.083523 
1277.895402 0.083045 
1278.859851 0.082668 
1279.824301 0.082362 
1280.788750 0.082018 
1281.753199 0.081576 
1282.717649 0.081160 
1283.682098 0.080708 
1284.646548 0.080349 
1285.610997 0.080161 
1286.575446 0.080115 
1287.539896 0.080077 
1288.504345 0.079816 
1289.468794 0.079500 
1290.433244 0.079430 
1291.397693 0.079195 
1292.362142 0.078993 
1293.326592 0.078943 
1294.291041 0.078975 
1295.255490 0.078933 
1296.219940 0.079000 
1297.184389 0.079077 
1298.148839 0.079112 
1299.113288 0.079173 
1300.077737 0.079145 
1301.042187 0.079192 
1302.006636 0.079369 
1302.971085 0.079513 
1303.935535 0.079591 
1304.899984 0.079669 
1305.864433 0.079815 
1306.828883 0.079949 
1307.793332 0.080140 
1308.757782 0.080217 
1309.722231 0.080200 
1310.686680 0.080324 
1311.651130 0.080568 
1312.615579 0.081035 
1313.580028 0.081108 
1314.544478 0.081182 
1315.508927 0.081108 
1316.473376 0.081161 
1317.437826 0.081206 
1318.402275 0.081164 
1319.366724 0.081310 
1320.331174 0.081130 
1321.295623 0.080931 
1322.260073 0.080710 
1323.224522 0.080834 
1324.188971 0.080741 
1325.153421 0.080555 
1326.117870 0.080488 
1327.082319 0.080538 
1328.046769 0.080523 
1329.011218 0.080510 
1329.975667 0.080487 
1330.940117 0.080430 
1331.904566 0.080412 
1332.869016 0.080457 
1333.833465 0.080373 
1334.797914 0.080366 
1335.762364 0.080575 
1336.726813 0.081072 
1337.691262 0.080969 
1338.655712 0.081442 
1339.620161 0.082052 
1340.584610 0.081555 
1341.549060 0.080361 
1342.513509 0.079827 
1343.477958 0.079785 
1344.442408 0.079743 
1345.406857 0.079712 
1346.371307 0.079597 
1347.335756 0.079573 
1348.300205 0.079617 
1349.264655 0.079674 
1350.229104 0.079629 
1351.193553 0.079586 
1352.158003 0.079684 
1353.122452 0.079774 
1354.086901 0.079951 
1355.051351 0.080124 
1356.015800 0.079899 
1356.980250 0.079899 
1357.944699 0.080038 
1358.909148 0.079920 
1359.873598 0.079881 
1360.838047 0.080387 
1361.802496 0.080633 
1362.766946 0.080992 
1363.731395 0.080938 
1364.695844 0.080183 
1365.660294 0.080102 
1366.624743 0.080125 
1367.589192 0.080242 
1368.553642 0.080613 
1369.518091 0.080820 
1370.482541 0.080585 
1371.446990 0.080645 
1372.411439 0.080785 
1373.375889 0.081035 
1374.340338 0.081103 
1375.304787 0.080807 
1376.269237 0.080579 
1377.233686 0.080819 
1378.198135 0.081155 
1379.162585 0.081141 
1380.127034 0.080983 
1381.091484 0.080828 
1382.055933 0.081084 
1383.020382 0.081329 
1383.984832 0.081462 
1384.949281 0.081459 
1385.913730 0.081446 
1386.878180 0.081634 
1387.842629 0.081513 
1388.807078 0.080841 
1389.771528 0.080591 
1390.735977 0.080748 
1391.700426 0.080663 
1392.664876 0.080467 
1393.629325 0.080494 
1394.593775 0.081249 
1395.558224 0.081805 
1396.522673 0.081825 
1397.487123 0.082164 
1398.451572 0.082256 
1399.416021 0.082261 
1400.380471 0.082215 
1401.344920 0.082165 
1402.309369 0.082332 
1403.273819 0.082304 
1404.238268 0.082401 
1405.202718 0.082891 
1406.167167 0.082829 
1407.131616 0.082531 
1408.096066 0.082476 
1409.060515 0.082521 
1410.024964 0.082858 
1410.989414 0.082947 
1411.953863 0.082964 
1412.918312 0.082631 
1413.882762 0.082560 
1414.847211 0.082741 
1415.811660 0.083280 
1416.776110 0.083857 
1417.740559 0.084027 
1418.705009 0.083365 
1419.669458 0.083910 
1420.633907 0.083623 
1421.598357 0.083414 
1422.562806 0.083467 
1423.527255 0.084054 
1424.491705 0.084536 
1425.456154 0.084008 
1426.420603 0.083841 
1427.385053 0.083988 
1428.349502 0.083937 
1429.313952 0.083611 
1430.278401 0.083818 
1431.242850 0.084022 
1432.207300 0.084088 
1433.171749 0.084147 
1434.136198 0.083788 
1435.100648 0.083572 
1436.065097 0.083755 
1437.029546 0.084138 
1437.993996 0.083355 
1438.958445 0.082974 
1439.922894 0.082922 
1440.887344 0.082888 
1441.851793 0.082803 
1442.816243 0.082773 
1443.780692 0.082845 
1444.745141 0.082963 
1445.709591 0.082923 
1446.674040 0.082692 
1447.638489 0.082931 
1448.602939 0.083330 
1449.567388 0.082996 
1450.531837 0.083017 
1451.496287 0.083417 
1452.460736 0.083776 
1453.425186 0.083278 
1454.389635 0.083261 
1455.354084 0.083126 
1456.318534 0.082547 
1457.282983 0.082702 
1458.247432 0.082922 
1459.211882 0.083444 
1460.176331 0.083423 
1461.140780 0.083171 
1462.105230 0.083095 
1463.069679 0.082902 
1464.034128 0.082486 
1464.998578 0.082777 
1465.963027 0.083339 
1466.927477 0.083317 
1467.891926 0.083544 
1468.856375 0.083559 
1469.820825 0.083623 
1470.785274 0.083384 
1471.749723 0.083312 
1472.714173 0.083251 
1473.678622 0.083823 
1474.643071 0.083619 
1475.607521 0.083265 
1476.571970 0.083954 
1477.536420 0.083687 
1478.500869 0.083348 
1479.465318 0.083447 
1480.429768 0.083765 
1481.394217 0.084379 
1482.358666 0.084383 
1483.323116 0.084393 
1484.287565 0.084603 
1485.252014 0.085097 
1486.216464 0.085483 
1487.180913 0.085708 
1488.145362 0.086343 
1489.109812 0.087153 
1490.074261 0.087672 
1491.038711 0.088079 
1492.003160 0.088354 
1492.967609 0.088566 
1493.932059 0.089108 
1494.896508 0.089224 
1495.860957 0.089484 
1496.825407 0.091284 
1497.789856 0.091479 
1498.754305 0.092217 
1499.718755 0.093945 
1500.683204 0.094925 
1501.647654 0.096227 
1502.612103 0.097056 
1503.576552 0.097333 
1504.541002 0.097284 
1505.505451 0.096879 
1506.469900 0.098804 
1507.434350 0.104737 
1508.398799 0.105621 
1509.363248 0.106140 
1510.327698 0.107125 
1511.292147 0.106773 
1512.256596 0.108002 
1513.221046 0.109000 
1514.185495 0.109188 
1515.149945 0.110509 
1516.114394 0.111084 
1517.078843 0.111994 
1518.043293 0.113904 
1519.007742 0.113901 
1519.972191 0.114260 
1520.936641 0.115698 
1521.901090 0.116547 
1522.865539 0.117835 
1523.829989 0.118872 
1524.794438 0.119730 
1525.758888 0.121664 
1526.723337 0.122664 
1527.687786 0.124124 
1528.652236 0.125500 
1529.616685 0.126794 
1530.581134 0.128121 
1531.545584 0.130371 
1532.510033 0.131260 
1533.474482 0.133230 
1534.438932 0.137890 
1535.403381 0.140102 
1536.367830 0.141993 
1537.332280 0.143432 
1538.296729 0.144384 
1539.261179 0.147133 
1540.225628 0.151860 
1541.190077 0.153564 
1542.154527 0.156735 
1543.118976 0.160896 
1544.083425 0.162721 
1545.047875 0.165283 
1546.012324 0.166724 
1546.976773 0.166827 
1547.941223 0.167318 
1548.905672 0.167993 
1549.870122 0.169666 
1550.834571 0.169414 
1551.799020 0.167802 
1552.763470 0.166789 
1553.727919 0.165918 
1554.692368 0.165484 
1555.656818 0.163393 
1556.621267 0.161180 
1557.585716 0.158726 
1558.550166 0.156204 
1559.514615 0.154179 
1560.479064 0.152401 
1561.443514 0.150169 
1562.407963 0.148216 
1563.372413 0.145970 
1564.336862 0.143712 
1565.301311 0.141585 
1566.265761 0.139835 
1567.230210 0.138070 
1568.194659 0.136169 
1569.159109 0.134289 
1570.123558 0.133415 
1571.088007 0.132618 
1572.052457 0.131790 
1573.016906 0.130929 
1573.981356 0.130069 
1574.945805 0.128824 
1575.910254 0.127979 
1576.874704 0.128956 
1577.839153 0.128800 
1578.803602 0.128565 
1579.768052 0.128307 
1580.732501 0.128012 
1581.696950 0.127663 
1582.661400 0.127256 
1583.625849 0.126830 
1584.590298 0.126235 
1585.554748 0.125451 
1586.519197 0.124535 
1587.483647 0.123515 
1588.448096 0.122350 
1589.412545 0.121118 
1590.376995 0.119775 
1591.341444 0.118282 
1592.305893 0.116771 
1593.270343 0.115223 
1594.234792 0.113607 
1595.199241 0.112104 
1596.163691 0.110662 
1597.128140 0.109083 
1598.092590 0.107475 
1599.057039 0.105869 
1600.021488 0.104311 
1600.985938 0.102955 
1601.950387 0.101609 
1602.914836 0.100365 
1603.879286 0.099160 
1604.843735 0.098059 
1605.808184 0.097052 
1606.772634 0.096201 
1607.737083 0.095387 
1608.701532 0.094435 
1609.665982 0.093810 
1610.630431 0.093237 
1611.594881 0.092696 
1612.559330 0.092360 
1613.523779 0.091932 
1614.488229 0.091305 
1615.452678 0.090096 
1616.417127 0.088953 
1617.381577 0.090161 
1618.346026 0.090217 
1619.310475 0.090105 
1620.274925 0.090016 
1621.239374 0.089884 
1622.203824 0.089192 
1623.168273 0.088540 
1624.132722 0.088877 
1625.097172 0.088850 
1626.061621 0.088641 
1627.026070 0.088052 
1627.990520 0.087941 
1628.954969 0.088274 
1629.919418 0.088356 
1630.883868 0.088323 
1631.848317 0.088108 
1632.812766 0.087912 
1633.777216 0.087214 
1634.741665 0.085766 
1635.706115 0.086298 
1636.670564 0.086735 
1637.635013 0.087302 
1638.599463 0.087875 
1639.563912 0.087620 
1640.528361 0.087579 
1641.492811 0.087476 
1642.457260 0.087608 
1643.421709 0.087539 
1644.386159 0.086938 
1645.350608 0.085865 
1646.315058 0.085768 
1647.279507 0.086023 
1648.243956 0.086847 
1649.208406 0.087139 
1650.172855 0.086907 
1651.137304 0.085836 
1652.101754 0.083563 
1653.066203 0.080877 
1654.030652 0.085348 
1654.995102 0.086893 
1655.959551 0.086710 
1656.924000 0.086591 
1657.888450 0.086499 
1658.852899 0.086368 
1659.817349 0.086271 
1660.781798 0.085978 
1661.746247 0.085355 
1662.710697 0.085072 
1663.675146 0.085697 
1664.639595 0.085565 
1665.604045 0.085411 
1666.568494 0.085131 
1667.532943 0.084781 
1668.497393 0.084218 
1669.461842 0.084391 
1670.426292 0.084006 
1671.390741 0.084019 
1672.355190 0.084391 
1673.319640 0.083811 
1674.284089 0.082785 
1675.248538 0.083098 
1676.212988 0.084197 
1677.177437 0.083749 
1678.141886 0.083504 
1679.106336 0.083419 
1680.070785 0.084234 
1681.035234 0.084106 
1681.999684 0.082687 
1682.964133 0.081415 
1683.928583 0.080519 
1684.893032 0.081984 
1685.857481 0.082417 
1686.821931 0.082221 
1687.786380 0.082690 
1688.750829 0.082778 
1689.715279 0.082057 
1690.679728 0.081979 
1691.644177 0.081845 
1692.608627 0.081708 
1693.573076 0.081310 
1694.537526 0.080310 
1695.501975 0.079612 
1696.466424 0.081070 
1697.430874 0.080991 
1698.395323 0.080409 
1699.359772 0.079009 
1700.324222 0.079476 
1701.288671 0.081272 
1702.253120 0.080899 
1703.217570 0.080551 
1704.182019 0.080394 
1705.146468 0.080204 
1706.110918 0.079875 
1707.075367 0.080643 
1708.039817 0.080587 
1709.004266 0.080414 
1709.968715 0.080624 
1710.933165 0.080690 
1711.897614 0.080537 
1712.862063 0.080508 
1713.826513 0.080299 
1714.790962 0.080648 
1715.755411 0.080739 
1716.719861 0.079645 
1717.684310 0.078847 
1718.648760 0.079966 
1719.613209 0.080392 
1720.577658 0.080332 
1721.542108 0.080521 
1722.506557 0.080461 
1723.471006 0.080633 
1724.435456 0.080516 
1725.399905 0.080243 
1726.364354 0.080263 
1727.328804 0.080228 
1728.293253 0.080093 
1729.257702 0.080226 
1730.222152 0.081198 
1731.186601 0.080841 
1732.151051 0.080157 
1733.115500 0.079794 
1734.079949 0.080099 
1735.044399 0.080569 
1736.008848 0.080216 
1736.973297 0.080234 
1737.937747 0.080336 
1738.902196 0.079824 
1739.866645 0.079855 
1740.831095 0.080281 
1741.795544 0.080175 
1742.759994 0.080560 
1743.724443 0.081407 
1744.688892 0.081091 
1745.653342 0.080657 
1746.617791 0.080507 
1747.582240 0.080390 
1748.546690 0.080527 
1749.511139 0.080852 
1750.475588 0.080532 
1751.440038 0.081267 
1752.404487 0.080775 
1753.368936 0.080159 
1754.333386 0.080034 
1755.297835 0.079838 
1756.262285 0.079862 
1757.226734 0.080421 
1758.191183 0.080353 
1759.155633 0.080136 
1760.120082 0.079707 
1761.084531 0.079522 
1762.048981 0.080130 
1763.013430 0.079993 
1763.977879 0.079758 
1764.942329 0.079778 
1765.906778 0.079774 
1766.871228 0.079683 
1767.835677 0.080179 
1768.800126 0.080457 
1769.764576 0.079482 
1770.729025 0.078911 
1771.693474 0.078341 
1772.657924 0.078684 
1773.622373 0.079351 
1774.586822 0.079430 
1775.551272 0.079925 
1776.515721 0.079980 
1777.480170 0.079779 
1778.444620 0.080022 
1779.409069 0.079963 
1780.373519 0.079875 
1781.337968 0.080154 
1782.302417 0.080011 
1783.266867 0.079895 
1784.231316 0.080143 
1785.195765 0.080675 
1786.160215 0.080188 
1787.124664 0.079989 
1788.089113 0.080161 
1789.053563 0.080169 
1790.018012 0.080132 
1790.982462 0.080243 
1791.946911 0.079666 
1792.911360 0.079825 
1793.875810 0.079909 
1794.840259 0.079964 
1795.804708 0.080688 
1796.769158 0.080764 
1797.733607 0.080085 
1798.698056 0.079586 
1799.662506 0.079763 
1800.626955 0.080131 
1801.591404 0.080607 
1802.555854 0.080817 
1803.520303 0.080273 
1804.484753 0.079954 
1805.449202 0.079900 
1806.413651 0.079912 
1807.378101 0.080299 
1808.342550 0.080400 
1809.306999 0.079861 
1810.271449 0.079745 
1811.235898 0.080134 
1812.200347 0.080354 
1813.164797 0.080169 
1814.129246 0.079869 
1815.093696 0.079891 
1816.058145 0.079973 
1817.022594 0.080403 
1817.987044 0.080485 
1818.951493 0.080052 
1819.915942 0.079957 
1820.880392 0.080015 
1821.844841 0.080051 
1822.809290 0.080169 
1823.773740 0.079826 
1824.738189 0.079846 
1825.702638 0.080498 
1826.667088 0.080042 
1827.631537 0.079701 
1828.595987 0.079386 
1829.560436 0.079507 
1830.524885 0.080059 
1831.489335 0.079984 
1832.453784 0.080047 
1833.418233 0.080242 
1834.382683 0.080126 
1835.347132 0.080001 
1836.311581 0.080023 
1837.276031 0.080355 
1838.240480 0.080309 
1839.204930 0.080145 
1840.169379 0.080135 
1841.133828 0.080258 
1842.098278 0.080545 
1843.062727 0.080114 
1844.027176 0.080271 
1844.991626 0.081149 
1845.956075 0.080798 
1846.920524 0.080619 
1847.884974 0.081049 
1848.849423 0.081009 
1849.813872 0.080635 
1850.778322 0.080540 
1851.742771 0.080500 
1852.707221 0.080530 
1853.671670 0.080634 
1854.636119 0.080763 
1855.600569 0.080795 
1856.565018 0.080798 
1857.529467 0.080880 
1858.493917 0.081143 
1859.458366 0.081131 
1860.422815 0.081082 
1861.387265 0.081208 
1862.351714 0.081098 
1863.316164 0.080974 
1864.280613 0.081017 
1865.245062 0.080870 
1866.209512 0.080866 
1867.173961 0.080818 
1868.138410 0.080890 
1869.102860 0.081219 
1870.067309 0.081540 
1871.031758 0.081354 
1871.996208 0.080981 
1872.960657 0.080769 
1873.925106 0.080790 
1874.889556 0.080797 
1875.854005 0.080804 
1876.818455 0.080794 
1877.782904 0.080818 
1878.747353 0.080935 
1879.711803 0.081045 
1880.676252 0.080918 
1881.640701 0.080871 
1882.605151 0.080931 
1883.569600 0.081009 
1884.534049 0.081069 
1885.498499 0.081164 
1886.462948 0.081069 
1887.427398 0.081039 
1888.391847 0.080865 
1889.356296 0.081232 
1890.320746 0.081449 
1891.285195 0.081188 
1892.249644 0.081187 
1893.214094 0.081178 
1894.178543 0.081191 
1895.142992 0.081415 
1896.107442 0.081385 
1897.071891 0.081251 
1898.036340 0.081233 
1899.000790 0.081183 
1899.965239 0.081223 
1900.929689 0.081214 
1901.894138 0.081282 
1902.858587 0.081260 
1903.823037 0.081207 
1904.787486 0.081138 
1905.751935 0.081089 
1906.716385 0.081054 
1907.680834 0.081252 
1908.645283 0.081239 
1909.609733 0.081210 
1910.574182 0.081229 
1911.538632 0.081031 
1912.503081 0.081025 
1913.467530 0.081036 
1914.431980 0.081051 
1915.396429 0.081039 
1916.360878 0.080911 
1917.325328 0.080795 
1918.289777 0.081278 
1919.254226 0.081204 
1920.218676 0.081058 
1921.183125 0.081012 
1922.147574 0.081345 
1923.112024 0.081727 
1924.076473 0.081364 
1925.040923 0.081040 
1926.005372 0.080980 
1926.969821 0.080991 
1927.934271 0.081070 
1928.898720 0.081073 
1929.863169 0.081029 
1930.827619 0.081013 
1931.792068 0.081094 
1932.756517 0.081237 
1933.720967 0.081272 
1934.685416 0.081155 
1935.649866 0.081137 
1936.614315 0.081159 
1937.578764 0.081174 
1938.543214 0.081123 
1939.507663 0.081142 
1940.472112 0.081213 
1941.436562 0.081323 
1942.401011 0.081930 
1943.365460 0.081883 
1944.329910 0.081306 
1945.294359 0.081297 
1946.258808 0.081312 
1947.223258 0.081390 
1948.187707 0.081480 
1949.152157 0.081935 
1950.116606 0.082117 
1951.081055 0.081754 
1952.045505 0.081520 
1953.009954 0.081572 
1953.974403 0.081628 
1954.938853 0.081828 
1955.903302 0.081983 
1956.867751 0.082616 
1957.832201 0.085266 
1958.796650 0.088474 
1959.761100 0.086310 
1960.725549 0.083059 
1961.689998 0.082254 
1962.654448 0.082062 
1963.618897 0.082028 
1964.583346 0.082010 
1965.547796 0.082099 
1966.512245 0.082342 
1967.476694 0.082586 
1968.441144 0.082335 
1969.405593 0.082162 
1970.370042 0.082218 
1971.334492 0.082234 
1972.298941 0.082275 
1973.263391 0.082329 
1974.227840 0.082381 
1975.192289 0.082340 
1976.156739 0.082350 
1977.121188 0.082403 
1978.085637 0.082502 
1979.050087 0.082511 
1980.014536 0.082543 
1980.978985 0.082633 
1981.943435 0.082731 
1982.907884 0.082716 
1983.872334 0.082689 
1984.836783 0.082671 
1985.801232 0.082727 
1986.765682 0.082793 
1987.730131 0.082993 
1988.694580 0.083169 
1989.659030 0.082973 
1990.623479 0.082871 
1991.587928 0.083350 
1992.552378 0.083764 
1993.516827 0.083379 
1994.481276 0.083254 
1995.445726 0.083310 
1996.410175 0.083306 
1997.374625 0.083293 
1998.339074 0.083348 
1999.303523 0.083419 
2000.267973 0.083385 
2001.232422 0.083408 
2002.196871 0.083450 
2003.161321 0.083513 
2004.125770 0.083501 
2005.090219 0.083464 
2006.054669 0.083435 
2007.019118 0.083519 
2007.983568 0.083569 
2008.948017 0.083534 
2009.912466 0.083519 
2010.876916 0.083558 
2011.841365 0.083536 
2012.805814 0.083495 
2013.770264 0.083457 
2014.734713 0.083423 
2015.699162 0.083463 
2016.663612 0.083841 
2017.628061 0.083883 
2018.592510 0.083812 
2019.556960 0.083685 
2020.521409 0.083421 
2021.485859 0.083361 
2022.450308 0.083398 
2023.414757 0.083460 
2024.379207 0.083446 
2025.343656 0.083416 
2026.308105 0.083489 
2027.272555 0.083784 
2028.237004 0.084650 
2029.201453 0.085104 
2030.165903 0.084144 
2031.130352 0.083476 
2032.094802 0.083382 
2033.059251 0.083368 
2034.023700 0.083302 
2034.988150 0.083281 
2035.952599 0.083285 
2036.917048 0.083305 
2037.881498 0.083265 
2038.845947 0.083246 
2039.810396 0.083298 
2040.774846 0.083484 
2041.739295 0.083525 
2042.703744 0.083281 
2043.668194 0.083264 
2044.632643 0.083269 
2045.597093 0.083241 
2046.561542 0.083256 
2047.525991 0.083266 
2048.490441 0.083279 
2049.454890 0.083237 
2050.419339 0.083197 
2051.383789 0.083217 
2052.348238 0.083222 
2053.312687 0.083231 
2054.277137 0.083197 
2055.241586 0.083193 
2056.206036 0.083188 
2057.170485 0.083172 
2058.134934 0.083174 
2059.099384 0.083101 
2060.063833 0.083116 
2061.028282 0.083156 
2061.992732 0.083174 
2062.957181 0.083161 
2063.921630 0.083207 
2064.886080 0.083488 
2065.850529 0.083462 
2066.814978 0.083220 
2067.779428 0.083145 
2068.743877 0.083215 
2069.708327 0.083240 
2070.672776 0.083232 
2071.637225 0.083157 
2072.601675 0.083177 
2073.566124 0.083267 
2074.530573 0.083263 
2075.495023 0.083226 
2076.459472 0.083282 
2077.423921 0.083346 
2078.388371 0.083349 
2079.352820 0.083298 
2080.317270 0.083290 
2081.281719 0.083374 
2082.246168 0.083399 
2083.210618 0.083327 
2084.175067 0.083283 
2085.139516 0.083323 
2086.103966 0.083409 
2087.068415 0.083428 
2088.032864 0.083354 
2088.997314 0.083358 
2089.961763 0.083589 
2090.926212 0.083603 
2091.890662 0.083450 
2092.855111 0.083440 
2093.819561 0.083542 
2094.784010 0.083623 
2095.748459 0.083558 
2096.712909 0.083557 
2097.677358 0.083659 
2098.641807 0.083764 
2099.606257 0.083772 
2100.570706 0.083726 
2101.535155 0.083728 
2102.499605 0.083857 
2103.464054 0.083942 
2104.428504 0.083902 
2105.392953 0.083858 
2106.357402 0.083916 
2107.321852 0.083988 
2108.286301 0.083914 
2109.250750 0.083847 
2110.215200 0.083898 
2111.179649 0.083970 
2112.144098 0.083981 
2113.108548 0.083904 
2114.072997 0.083947 
2115.037446 0.084099 
2116.001896 0.084061 
2116.966345 0.083908 
2117.930795 0.083942 
2118.895244 0.083991 
2119.859693 0.083984 
2120.824143 0.083906 
2121.788592 0.083926 
2122.753041 0.084016 
2123.717491 0.084090 
2124.681940 0.084042 
2125.646389 0.083991 
2126.610839 0.084011 
2127.575288 0.084089 
2128.539738 0.084077 
2129.504187 0.084000 
2130.468636 0.083981 
2131.433086 0.084069 
2132.397535 0.084075 
2133.361984 0.084036 
2134.326434 0.084054 
2135.290883 0.084141 
2136.255332 0.084195 
2137.219782 0.084115 
2138.184231 0.084047 
2139.148680 0.084088 
2140.113130 0.084122 
2141.077579 0.084072 
2142.042029 0.084055 
2143.006478 0.084040 
2143.970927 0.084025 
2144.935377 0.084054 
2145.899826 0.084043 
2146.864275 0.083989 
2147.828725 0.083983 
2148.793174 0.084003 
2149.757623 0.083974 
2150.722073 0.084011 
2151.686522 0.084066 
2152.650972 0.084009 
2153.615421 0.083962 
2154.579870 0.083965 
2155.544320 0.083943 
2156.508769 0.083899 
2157.473218 0.083924 
2158.437668 0.083983 
2159.402117 0.083977 
2160.366566 0.083952 
2161.331016 0.083997 
2162.295465 0.083995 
2163.259914 0.083945 
2164.224364 0.083946 
2165.188813 0.083991 
2166.153263 0.083984 
2167.117712 0.083924 
2168.082161 0.083949 
2169.046611 0.084006 
2170.011060 0.083974 
2170.975509 0.083944 
2171.939959 0.084025 
2172.904408 0.084061 
2173.868857 0.084019 
2174.833307 0.084018 
2175.797756 0.084091 
2176.762206 0.084137 
2177.726655 0.084086 
2178.691104 0.084072 
2179.655554 0.084125 
2180.620003 0.084087 
2181.584452 0.084037 
2182.548902 0.084131 
2183.513351 0.084145 
2184.477800 0.084081 
2185.442250 0.084136 
2186.406699 0.084214 
2187.371148 0.084155 
2188.335598 0.084102 
2189.300047 0.084180 
2190.264497 0.084181 
2191.228946 0.084122 
2192.193395 0.084150 
2193.157845 0.084210 
2194.122294 0.084208 
2195.086743 0.084209 
2196.051193 0.084285 
2197.015642 0.084310 
2197.980091 0.084249 
2198.944541 0.084267 
2199.908990 0.084340 
2200.873440 0.084366 
2201.837889 0.084429 
2202.802338 0.084479 
2203.766788 0.084453 
2204.731237 0.084464 
2205.695686 0.084519 
2206.660136 0.084555 
2207.624585 0.084569 
2208.589034 0.084594 
2209.553484 0.084638 
2210.517933 0.084669 
2211.482382 0.084666 
2212.446832 0.084656 
2213.411281 0.084688 
2214.375731 0.084731 
2215.340180 0.084758 
2216.304629 0.084748 
2217.269079 0.084757 
2218.233528 0.084822 
2219.197977 0.084852 
2220.162427 0.084840 
2221.126876 0.084882 
2222.091325 0.084950 
2223.055775 0.084959 
2224.020224 0.084937 
2224.984674 0.084930 
2225.949123 0.084955 
2226.913572 0.085013 
2227.878022 0.085078 
2228.842471 0.085084 
2229.806920 0.085070 
2230.771370 0.085089 
2231.735819 0.085147 
2232.700268 0.085140 
2233.664718 0.085165 
2234.629167 0.085271 
2235.593616 0.085336 
2236.558066 0.085335 
2237.522515 0.085371 
2238.486965 0.085416 
2239.451414 0.085449 
2240.415863 0.085450 
2241.380313 0.085522 
2242.344762 0.085553 
2243.309211 0.085580 
2244.273661 0.085650 
2245.238110 0.085665 
2246.202559 0.085682 
2247.167009 0.085732 
2248.131458 0.085790 
2249.095908 0.085832 
2250.060357 0.085846 
2251.024806 0.085883 
2251.989256 0.085999 
2252.953705 0.086038 
2253.918154 0.086054 
2254.882604 0.086095 
2255.847053 0.086124 
2256.811502 0.086209 
2257.775952 0.086294 
2258.740401 0.086327 
2259.704850 0.086369 
2260.669300 0.086444 
2261.633749 0.086429 
2262.598199 0.086441 
2263.562648 0.086474 
2264.527097 0.086543 
2265.491547 0.086610 
2266.455996 0.086705 
2267.420445 0.086738 
2268.384895 0.086820 
2269.349344 0.086892 
2270.313793 0.086968 
2271.278243 0.087060 
2272.242692 0.087101 
2273.207142 0.087150 
2274.171591 0.087289 
2275.136040 0.087421 
2276.100490 0.087533 
2277.064939 0.087589 
2278.029388 0.087689 
2278.993838 0.087828 
2279.958287 0.088005 
2280.922736 0.088147 
2281.887186 0.088241 
2282.851635 0.088304 
2283.816084 0.088408 
2284.780534 0.088432 
2285.744983 0.088397 
2286.709433 0.088354 
2287.673882 0.088353 
2288.638331 0.088369 
2289.602781 0.088414 
2290.567230 0.088315 
2291.531679 0.088253 
2292.496129 0.088186 
2293.460578 0.088214 
2294.425027 0.088160 
2295.389477 0.088061 
2296.353926 0.088088 
2297.318376 0.088025 
2298.282825 0.087961 
2299.247274 0.087825 
2300.211724 0.087711 
2301.176173 0.087711 
2302.140622 0.087544 
2303.105072 0.087533 
2304.069521 0.087407 
2305.033970 0.087464 
2305.998420 0.087216 
2306.962869 0.087032 
2307.927318 0.086778 
2308.891768 0.086565 
2309.856217 0.086436 
2310.820667 0.086186 
2311.785116 0.085947 
2312.749565 0.085643 
2313.714015 0.085484 
2314.678464 0.085217 
2315.642913 0.085080 
2316.607363 0.084822 
2317.571812 0.084509 
2318.536261 0.084096 
2319.500711 0.083565 
2320.465160 0.083058 
2321.429610 0.082738 
2322.394059 0.082474 
2323.358508 0.082160 
2324.322958 0.081828 
2325.287407 0.081617 
2326.251856 0.081314 
2327.216306 0.080796 
2328.180755 0.080473 
2329.145204 0.080152 
2330.109654 0.079938 
2331.074103 0.079550 
2332.038552 0.079426 
2333.003002 0.079519 
2333.967451 0.079529 
2334.931901 0.079310 
2335.896350 0.079007 
2336.860799 0.078764 
2337.825249 0.078741 
2338.789698 0.078569 
2339.754147 0.078370 
2340.718597 0.078215 
2341.683046 0.078248 
2342.647495 0.078309 
2343.611945 0.078595 
2344.576394 0.079032 
2345.540844 0.079643 
2346.505293 0.080726 
2347.469742 0.082021 
2348.434192 0.083454 
2349.398641 0.083378 
2350.363090 0.081984 
2351.327540 0.080678 
2352.291989 0.079493 
2353.256438 0.078503 
2354.220888 0.077622 
2355.185337 0.076938 
2356.149786 0.076041 
2357.114236 0.075300 
2358.078685 0.074789 
2359.043135 0.074787 
2360.007584 0.074510 
2360.972033 0.074685 
2361.936483 0.074662 
2362.900932 0.074751 
2363.865381 0.075011 
2364.829831 0.075549 
2365.794280 0.075934 
2366.758729 0.076640 
2367.723179 0.077488 
2368.687628 0.078398 
2369.652078 0.079131 
2370.616527 0.079829 
2371.580976 0.080718 
2372.545426 0.081622 
2373.509875 0.082298 
2374.474324 0.082936 
2375.438774 0.083650 
2376.403223 0.084294 
2377.367672 0.084880 
2378.332122 0.085418 
2379.296571 0.085901 
2380.261020 0.086294 
2381.225470 0.086644 
2382.189919 0.086937 
2383.154369 0.087171 
2384.118818 0.087374 
2385.083267 0.087448 
2386.047717 0.087417 
2387.012166 0.087420 
2387.976615 0.087417 
2388.941065 0.087369 
2389.905514 0.087329 
2390.869963 0.087291 
2391.834413 0.087272 
2392.798862 0.087280 
2393.763312 0.087219 
2394.727761 0.087191 
2395.692210 0.087185 
2396.656660 0.087180 
2397.621109 0.087106 
2398.585558 0.087075 
2399.550008 0.087084 
2400.514457 0.087084 
2401.478906 0.087071 
2402.443356 0.087066 
2403.407805 0.087029 
2404.372254 0.087010 
2405.336704 0.087022 
2406.301153 0.087028 
2407.265603 0.086995 
2408.230052 0.087064 
2409.194501 0.087106 
2410.158951 0.087061 
2411.123400 0.087006 
2412.087849 0.087010 
2413.052299 0.087025 
2414.016748 0.087022 
2414.981197 0.087029 
2415.945647 0.087108 
2416.910096 0.087159 
2417.874546 0.087174 
2418.838995 0.087147 
2419.803444 0.087109 
2420.767894 0.087102 
2421.732343 0.087107 
2422.696792 0.087110 
2423.661242 0.087143 
2424.625691 0.087162 
2425.590140 0.087163 
2426.554590 0.087157 
2427.519039 0.087159 
2428.483488 0.087161 
2429.447938 0.087181 
2430.412387 0.087226 
2431.376837 0.087265 
2432.341286 0.087238 
2433.305735 0.087244 
2434.270185 0.087291 
2435.234634 0.087290 
2436.199083 0.087273 
2437.163533 0.087282 
2438.127982 0.087309 
2439.092431 0.087319 
2440.056881 0.087312 
2441.021330 0.087322 
2441.985780 0.087360 
2442.950229 0.087375 
2443.914678 0.087368 
2444.879128 0.087352 
2445.843577 0.087362 
2446.808026 0.087403 
2447.772476 0.087399 
2448.736925 0.087378 
2449.701374 0.087440 
2450.665824 0.087472 
2451.630273 0.087445 
2452.594722 0.087452 
2453.559172 0.087467 
2454.523621 0.087485 
2455.488071 0.087476 
2456.452520 0.087489 
2457.416969 0.087518 
2458.381419 0.087551 
2459.345868 0.087555 
2460.310317 0.087546 
2461.274767 0.087545 
2462.239216 0.087525 
2463.203665 0.087521 
2464.168115 0.087562 
2465.132564 0.087585 
2466.097014 0.087568 
2467.061463 0.087575 
2468.025912 0.087600 
2468.990362 0.087572 
2469.954811 0.087605 
2470.919260 0.087646 
2471.883710 0.087632 
2472.848159 0.087632 
2473.812608 0.087687 
2474.777058 0.087675 
2475.741507 0.087627 
2476.705956 0.087597 
2477.670406 0.087607 
2478.634855 0.087621 
2479.599305 0.087647 
2480.563754 0.087655 
2481.528203 0.087653 
2482.492653 0.087645 
2483.457102 0.087642 
2484.421551 0.087589 
2485.386001 0.087566 
2486.350450 0.087621 
2487.314899 0.087685 
2488.279349 0.087703 
2489.243798 0.087690 
2490.208248 0.087653 
2491.172697 0.087652 
2492.137146 0.087686 
2493.101596 0.087726 
2494.066045 0.087763 
2495.030494 0.087766 
2495.994944 0.087729 
2496.959393 0.087715 
2497.923842 0.087749 
2498.888292 0.087767 
2499.852741 0.087772 
2500.817190 0.087768 
2501.781640 0.087737 
2502.746089 0.087786 
2503.710539 0.087821 
2504.674988 0.087814 
2505.639437 0.087819 
2506.603887 0.087825 
2507.568336 0.087807 
2508.532785 0.087785 
2509.497235 0.087796 
2510.461684 0.087820 
2511.426133 0.087858 
2512.390583 0.087893 
2513.355032 0.087887 
2514.319482 0.087856 
2515.283931 0.087844 
2516.248380 0.087828 
2517.212830 0.087820 
2518.177279 0.087840 
2519.141728 0.087899 
2520.106178 0.087960 
2521.070627 0.087969 
2522.035076 0.087961 
2522.999526 0.087963 
2523.963975 0.087945 
2524.928424 0.087975 
2525.892874 0.088006 
2526.857323 0.088006 
2527.821773 0.088011 
2528.786222 0.088006 
2529.750671 0.088001 
2530.715121 0.088004 
2531.679570 0.088044 
2532.644019 0.088102 
2533.608469 0.088120 
2534.572918 0.088097 
2535.537367 0.088108 
2536.501817 0.088124 
2537.466266 0.088163 
2538.430716 0.088134 
2539.395165 0.088122 
2540.359614 0.088146 
2541.324064 0.088224 
2542.288513 0.088258 
2543.252962 0.088304 
2544.217412 0.088296 
2545.181861 0.088309 
2546.146310 0.088340 
2547.110760 0.088362 
2548.075209 0.088341 
2549.039658 0.088316 
2550.004108 0.088297 
2550.968557 0.088336 
2551.933007 0.088359 
2552.897456 0.088357 
2553.861905 0.088357 
2554.826355 0.088374 
2555.790804 0.088375 
2556.755253 0.088421 
2557.719703 0.088477 
2558.684152 0.088472 
2559.648601 0.088458 
2560.613051 0.088505 
2561.577500 0.088497 
2562.541950 0.088496 
2563.506399 0.088543 
2564.470848 0.088562 
2565.435298 0.088608 
2566.399747 0.088715 
2567.364196 0.088719 
2568.328646 0.088702 
2569.293095 0.088692 
2570.257544 0.088729 
2571.221994 0.088724 
2572.186443 0.088706 
2573.150892 0.088764 
2574.115342 0.088868 
2575.079791 0.088910 
2576.044241 0.088904 
2577.008690 0.088893 
2577.973139 0.088918 
2578.937589 0.088889 
2579.902038 0.088861 
2580.866487 0.088865 
2581.830937 0.088932 
2582.795386 0.089004 
2583.759835 0.088994 
2584.724285 0.088917 
2585.688734 0.088933 
2586.653184 0.088941 
2587.617633 0.089004 
2588.582082 0.089025 
2589.546532 0.089007 
2590.510981 0.089083 
2591.475430 0.089106 
2592.439880 0.089093 
2593.404329 0.089116 
2594.368778 0.089147 
2595.333228 0.089196 
2596.297677 0.089172 
2597.262126 0.089123 
2598.226576 0.089098 
2599.191025 0.089135 
2600.155475 0.089177 
2601.119924 0.089186 
2602.084373 0.089209 
2603.048823 0.089261 
2604.013272 0.089265 
2604.977721 0.089264 
2605.942171 0.089264 
2606.906620 0.089316 
2607.871069 0.089359 
2608.835519 0.089348 
2609.799968 0.089309 
2610.764418 0.089317 
2611.728867 0.089365 
2612.693316 0.089345 
2613.657766 0.089379 
2614.622215 0.089441 
2615.586664 0.089463 
2616.551114 0.089484 
2617.515563 0.089487 
2618.480012 0.089496 
2619.444462 0.089518 
2620.408911 0.089498 
2621.373360 0.089507 
2622.337810 0.089554 
2623.302259 0.089561 
2624.266709 0.089514 
2625.231158 0.089509 
2626.195607 0.089570 
2627.160057 0.089584 
2628.124506 0.089579 
2629.088955 0.089562 
2630.053405 0.089550 
2631.017854 0.089578 
2631.982303 0.089634 
2632.946753 0.089598 
2633.911202 0.089530 
2634.875652 0.089572 
2635.840101 0.089646 
2636.804550 0.089668 
2637.769000 0.089594 
2638.733449 0.089561 
2639.697898 0.089591 
2640.662348 0.089634 
2641.626797 0.089659 
2642.591246 0.089647 
2643.555696 0.089654 
2644.520145 0.089653 
2645.484594 0.089686 
2646.449044 0.089735 
2647.413493 0.089792 
2648.377943 0.089814 
2649.342392 0.089815 
2650.306841 0.089795 
2651.271291 0.089791 
2652.235740 0.089867 
2653.200189 0.089863 
2654.164639 0.089784 
2655.129088 0.089807 
2656.093537 0.089837 
2657.057987 0.089818 
2658.022436 0.089819 
2658.986886 0.089852 
2659.951335 0.089848 
2660.915784 0.089879 
2661.880234 0.089916 
2662.844683 0.089850 
2663.809132 0.089865 
2664.773582 0.089935 
2665.738031 0.089933 
2666.702480 0.089882 
2667.666930 0.089912 
2668.631379 0.090021 
2669.595828 0.090034 
2670.560278 0.090027 
2671.524727 0.090047 
2672.489177 0.090097 
2673.453626 0.090116 
2674.418075 0.090118 
2675.382525 0.090123 
2676.346974 0.090117 
2677.311423 0.090130 
2678.275873 0.090177 
2679.240322 0.090138 
2680.204771 0.090081 
2681.169221 0.090134 
2682.133670 0.090219 
2683.098120 0.090230 
2684.062569 0.090203 
2685.027018 0.090245 
2685.991468 0.090300 
2686.955917 0.090332 
2687.920366 0.090368 
2688.884816 0.090333 
2689.849265 0.090337 
2690.813714 0.090386 
2691.778164 0.090442 
2692.742613 0.090473 
2693.707062 0.090494 
2694.671512 0.090507 
2695.635961 0.090530 
2696.600411 0.090547 
2697.564860 0.090559 
2698.529309 0.090552 
2699.493759 0.090562 
2700.458208 0.090528 
2701.422657 0.090542 
2702.387107 0.090625 
2703.351556 0.090715 
2704.316005 0.090701 
2705.280455 0.090718 
2706.244904 0.090758 
2707.209354 0.090794 
2708.173803 0.090807 
2709.138252 0.090803 
2710.102702 0.090794 
2711.067151 0.090843 
2712.031600 0.090902 
2712.996050 0.090918 
2713.960499 0.090916 
2714.924948 0.090950 
2715.889398 0.090970 
2716.853847 0.090975 
2717.818296 0.090974 
2718.782746 0.091007 
2719.747195 0.091024 
2720.711645 0.091059 
2721.676094 0.091093 
2722.640543 0.091134 
2723.604993 0.091179 
2724.569442 0.091246 
2725.533891 0.091212 
2726.498341 0.091191 
2727.462790 0.091249 
2728.427239 0.091311 
2729.391689 0.091323 
2730.356138 0.091337 
2731.320588 0.091349 
2732.285037 0.091400 
2733.249486 0.091438 
2734.213936 0.091412 
2735.178385 0.091410 
2736.142834 0.091464 
2737.107284 0.091437 
2738.071733 0.091446 
2739.036182 0.091496 
2740.000632 0.091508 
2740.965081 0.091511 
2741.929530 0.091540 
2742.893980 0.091555 
2743.858429 0.091594 
2744.822879 0.091593 
2745.787328 0.091612 
2746.751777 0.091655 
2747.716227 0.091692 
2748.680676 0.091735 
2749.645125 0.091714 
2750.609575 0.091704 
2751.574024 0.091749 
2752.538473 0.091769 
2753.502923 0.091840 
2754.467372 0.091881 
2755.431822 0.091916 
2756.396271 0.091977 
2757.360720 0.092028 
2758.325170 0.092011 
2759.289619 0.092028 
2760.254068 0.092052 
2761.218518 0.092060 
2762.182967 0.092072 
2763.147416 0.092104 
2764.111866 0.092117 
2765.076315 0.092095 
2766.040764 0.092053 
2767.005214 0.092102 
2767.969663 0.092158 
2768.934113 0.092183 
2769.898562 0.092211 
2770.863011 0.092241 
2771.827461 0.092194 
2772.791910 0.092219 
2773.756359 0.092297 
2774.720809 0.092341 
2775.685258 0.092354 
2776.649707 0.092411 
2777.614157 0.092418 
2778.578606 0.092374 
2779.543056 0.092438 
2780.507505 0.092540 
2781.471954 0.092502 
2782.436404 0.092512 
2783.400853 0.092553 
2784.365302 0.092594 
2785.329752 0.092615 
2786.294201 0.092653 
2787.258650 0.092704 
2788.223100 0.092708 
2789.187549 0.092663 
2790.151998 0.092641 
2791.116448 0.092680 
2792.080897 0.092752 
2793.045347 0.092829 
2794.009796 0.092925 
2794.974245 0.092950 
2795.938695 0.092905 
2796.903144 0.092897 
2797.867593 0.092931 
2798.832043 0.092985 
2799.796492 0.093066 
2800.760941 0.093136 
2801.725391 0.093166 
2802.689840 0.093172 
2803.654290 0.093192 
2804.618739 0.093206 
2805.583188 0.093260 
2806.547638 0.093295 
2807.512087 0.093314 
2808.476536 0.093338 
2809.440986 0.093320 
2810.405435 0.093299 
2811.369884 0.093343 
2812.334334 0.093438 
2813.298783 0.093496 
2814.263232 0.093537 
2815.227682 0.093552 
2816.192131 0.093560 
2817.156581 0.093577 
2818.121030 0.093626 
2819.085479 0.093689 
2820.049929 0.093731 
2821.014378 0.093759 
2821.978827 0.093817 
2822.943277 0.093871 
2823.907726 0.093872 
2824.872175 0.093918 
2825.836625 0.093979 
2826.801074 0.094025 
2827.765524 0.094069 
2828.729973 0.094167 
2829.694422 0.094272 
2830.658872 0.094339 
2831.623321 0.094382 
2832.587770 0.094426 
2833.552220 0.094475 
2834.516669 0.094516 
2835.481118 0.094658 
2836.445568 0.094807 
2837.410017 0.094864 
2838.374466 0.094888 
2839.338916 0.094954 
2840.303365 0.095066 
2841.267815 0.095230 
2842.232264 0.095434 
2843.196713 0.095655 
2844.161163 0.095878 
2845.125612 0.096127 
2846.090061 0.096465 
2847.054511 0.096733 
2848.018960 0.097015 
2848.983409 0.097297 
2849.947859 0.097521 
2850.912308 0.097593 
2851.876758 0.097589 
2852.841207 0.097524 
2853.805656 0.097491 
2854.770106 0.097478 
2855.734555 0.097398 
2856.699004 0.097316 
2857.663454 0.097286 
2858.627903 0.097218 
2859.592352 0.097117 
2860.556802 0.097011 
2861.521251 0.096990 
2862.485700 0.097027 
2863.450150 0.096961 
2864.414599 0.096867 
2865.379049 0.096848 
2866.343498 0.096905 
2867.307947 0.097011 
2868.272397 0.097014 
2869.236846 0.096935 
2870.201295 0.096987 
2871.165745 0.097059 
2872.130194 0.097085 
2873.094643 0.097078 
2874.059093 0.097022 
2875.023542 0.097045 
2875.987992 0.097112 
2876.952441 0.097087 
2877.916890 0.097092 
2878.881340 0.097111 
2879.845789 0.097116 
2880.810238 0.097151 
2881.774688 0.097235 
2882.739137 0.097253 
2883.703586 0.097243 
2884.668036 0.097340 
2885.632485 0.097426 
2886.596934 0.097512 
2887.561384 0.097529 
2888.525833 0.097560 
2889.490283 0.097624 
2890.454732 0.097697 
2891.419181 0.097751 
2892.383631 0.097814 
2893.348080 0.097821 
2894.312529 0.097878 
2895.276979 0.097935 
2896.241428 0.097984 
2897.205877 0.098116 
2898.170327 0.098181 
2899.134776 0.098175 
2900.099226 0.098297 
2901.063675 0.098474 
2902.028124 0.098549 
2902.992574 0.098540 
2903.957023 0.098576 
2904.921472 0.098651 
2905.885922 0.098711 
2906.850371 0.098776 
2907.814820 0.098892 
2908.779270 0.099036 
2909.743719 0.099193 
2910.708168 0.099360 
2911.672618 0.099604 
2912.637067 0.099836 
2913.601517 0.100095 
2914.565966 0.100376 
2915.530415 0.100625 
2916.494865 0.100778 
2917.459314 0.100917 
2918.423763 0.100987 
2919.388213 0.101005 
2920.352662 0.101055 
2921.317111 0.101098 
2922.281561 0.101052 
2923.246010 0.100989 
2924.210460 0.100975 
2925.174909 0.100936 
2926.139358 0.100812 
2927.103808 0.100716 
2928.068257 0.100612 
2929.032706 0.100506 
2929.997156 0.100340 
2930.961605 0.100234 
2931.926054 0.100198 
2932.890504 0.100122 
2933.854953 0.099986 
2934.819402 0.099863 
2935.783852 0.099743 
2936.748301 0.099679 
2937.712751 0.099614 
2938.677200 0.099509 
2939.641649 0.099413 
2940.606099 0.099382 
2941.570548 0.099357 
2942.534997 0.099317 
2943.499447 0.099203 
2944.463896 0.099121 
2945.428345 0.099055 
2946.392795 0.098999 
2947.357244 0.098910 
2948.321694 0.098955 
2949.286143 0.098984 
2950.250592 0.099029 
2951.215042 0.099070 
2952.179491 0.099011 
2953.143940 0.098998 
2954.108390 0.099113 
2955.072839 0.099184 
2956.037288 0.099255 
2957.001738 0.099332 
2957.966187 0.099372 
2958.930636 0.099382 
2959.895086 0.099405 
2960.859535 0.099477 
2961.823985 0.099504 
2962.788434 0.099449 
2963.752883 0.099508 
2964.717333 0.099534 
2965.681782 0.099528 
2966.646231 0.099502 
2967.610681 0.099435 
2968.575130 0.099368 
2969.539579 0.099312 
2970.504029 0.099193 
2971.468478 0.099086 
2972.432928 0.098964 
2973.397377 0.098918 
2974.361826 0.098804 
2975.326276 0.098729 
2976.290725 0.098693 
2977.255174 0.098695 
2978.219624 0.098660 
2979.184073 0.098605 
2980.148522 0.098579 
2981.112972 0.098579 
2982.077421 0.098531 
2983.041870 0.098499 
2984.006320 0.098547 
2984.970769 0.098651 
2985.935219 0.098655 
2986.899668 0.098616 
2987.864117 0.098632 
2988.828567 0.098697 
2989.793016 0.098733 
2990.757465 0.098755 
2991.721915 0.098715 
2992.686364 0.098679 
2993.650813 0.098660 
2994.615263 0.098773 
2995.579712 0.098787 
2996.544162 0.098732 
2997.508611 0.098680 
2998.473060 0.098770 
2999.437510 0.098915 
3000.401959 0.098993 
3001.366408 0.099035 
3002.330858 0.099096 
3003.295307 0.099035 
3004.259756 0.099073 
3005.224206 0.099231 
3006.188655 0.099324 
3007.153104 0.099317 
3008.117554 0.099304 
3009.082003 0.099327 
3010.046453 0.099448 
3011.010902 0.099505 
3011.975351 0.099577 
3012.939801 0.099629 
3013.904250 0.099525 
3014.868699 0.099556 
3015.833149 0.099666 
3016.797598 0.099605 
3017.762047 0.099658 
3018.726497 0.099744 
3019.690946 0.099810 
3020.655396 0.099871 
3021.619845 0.099937 
3022.584294 0.100068 
3023.548744 0.100131 
3024.513193 0.100025 
3025.477642 0.099985 
3026.442092 0.100021 
3027.406541 0.100060 
3028.370990 0.100077 
3029.335440 0.100084 
3030.299889 0.100098 
3031.264338 0.100245 
3032.228788 0.100301 
3033.193237 0.100260 
3034.157687 0.100292 
3035.122136 0.100261 
3036.086585 0.100286 
3037.051035 0.100421 
3038.015484 0.100453 
3038.979933 0.100468 
3039.944383 0.100541 
3040.908832 0.100595 
3041.873281 0.100590 
3042.837731 0.100587 
3043.802180 0.100644 
3044.766630 0.100746 
3045.731079 0.100744 
3046.695528 0.100732 
3047.659978 0.100793 
3048.624427 0.100916 
3049.588876 0.100955 
3050.553326 0.100959 
3051.517775 0.101017 
3052.482224 0.101099 
3053.446674 0.101150 
3054.411123 0.101143 
3055.375572 0.101137 
3056.340022 0.101249 
3057.304471 0.101262 
3058.268921 0.101267 
3059.233370 0.101304 
3060.197819 0.101410 
3061.162269 0.101556 
3062.126718 0.101653 
3063.091167 0.101636 
3064.055617 0.101644 
3065.020066 0.101708 
3065.984515 0.101762 
3066.948965 0.101842 
3067.913414 0.101873 
3068.877864 0.101927 
3069.842313 0.102010 
3070.806762 0.102085 
3071.771212 0.102128 
3072.735661 0.102137 
3073.700110 0.102204 
3074.664560 0.102374 
3075.629009 0.102513 
3076.593458 0.102525 
3077.557908 0.102572 
3078.522357 0.102636 
3079.486806 0.102767 
3080.451256 0.102796 
3081.415705 0.102879 
3082.380155 0.103101 
3083.344604 0.103188 
3084.309053 0.103118 
3085.273503 0.103150 
3086.237952 0.103297 
3087.202401 0.103374 
3088.166851 0.103425 
3089.131300 0.103483 
3090.095749 0.103447 
3091.060199 0.103389 
3092.024648 0.103414 
3092.989098 0.103536 
3093.953547 0.103571 
3094.917996 0.103540 
3095.882446 0.103696 
3096.846895 0.103879 
3097.811344 0.103986 
3098.775794 0.104043 
3099.740243 0.104002 
3100.704692 0.103933 
3101.669142 0.103984 
3102.633591 0.104074 
3103.598040 0.104125 
3104.562490 0.104236 
3105.526939 0.104334 
3106.491389 0.104373 
3107.455838 0.104478 
3108.420287 0.104543 
3109.384737 0.104589 
3110.349186 0.104602 
3111.313635 0.104640 
3112.278085 0.104807 
3113.242534 0.104935 
3114.206983 0.104982 
3115.171433 0.105002 
3116.135882 0.105142 
3117.100332 0.105183 
3118.064781 0.105244 
3119.029230 0.105394 
3119.993680 0.105341 
3120.958129 0.105182 
3121.922578 0.105265 
3122.887028 0.105455 
3123.851477 0.105529 
3124.815926 0.105596 
3125.780376 0.105647 
3126.744825 0.105781 
3127.709274 0.105918 
3128.673724 0.105876 
3129.638173 0.105800 
3130.602623 0.105831 
3131.567072 0.105812 
3132.531521 0.105913 
3133.495971 0.106117 
3134.460420 0.106189 
3135.424869 0.106231 
3136.389319 0.106299 
3137.353768 0.106342 
3138.318217 0.106346 
3139.282667 0.106379 
3140.247116 0.106337 
3141.211566 0.106404 
3142.176015 0.106495 
3143.140464 0.106623 
3144.104914 0.106754 
3145.069363 0.106764 
3146.033812 0.106740 
3146.998262 0.106830 
3147.962711 0.106916 
3148.927160 0.106938 
3149.891610 0.107002 
3150.856059 0.107144 
3151.820508 0.107192 
3152.784958 0.107158 
3153.749407 0.107120 
3154.713857 0.107224 
3155.678306 0.107292 
3156.642755 0.107307 
3157.607205 0.107379 
3158.571654 0.107494 
3159.536103 0.107587 
3160.500553 0.107599 
3161.465002 0.107626 
3162.429451 0.107698 
3163.393901 0.107716 
3164.358350 0.107751 
3165.322800 0.107847 
3166.287249 0.107888 
3167.251698 0.107923 
3168.216148 0.107997 
3169.180597 0.108075 
3170.145046 0.108143 
3171.109496 0.108098 
3172.073945 0.108146 
3173.038394 0.108197 
3174.002844 0.108233 
3174.967293 0.108294 
3175.931742 0.108398 
3176.896192 0.108466 
3177.860641 0.108545 
3178.825091 0.108561 
3179.789540 0.108529 
3180.753989 0.108624 
3181.718439 0.108775 
3182.682888 0.108836 
3183.647337 0.108823 
3184.611787 0.108832 
3185.576236 0.108964 
3186.540685 0.109092 
3187.505135 0.109182 
3188.469584 0.109156 
3189.434034 0.109177 
3190.398483 0.109305 
3191.362932 0.109387 
3192.327382 0.109352 
3193.291831 0.109421 
3194.256280 0.109483 
3195.220730 0.109561 
3196.185179 0.109642 
3197.149628 0.109720 
3198.114078 0.109875 
3199.078527 0.109940 
3200.042976 0.109952 
3201.007426 0.110069 
3201.971875 0.110143 
3202.936325 0.110189 
3203.900774 0.110308 
3204.865223 0.110440 
3205.829673 0.110359 
3206.794122 0.110347 
3207.758571 0.110480 
3208.723021 0.110462 
3209.687470 0.110447 
3210.651919 0.110557 
3211.616369 0.110694 
3212.580818 0.110800 
3213.545268 0.110875 
3214.509717 0.110900 
3215.474166 0.110900 
3216.438616 0.111019 
3217.403065 0.111060 
3218.367514 0.111059 
3219.331964 0.111191 
3220.296413 0.111291 
3221.260862 0.111291 
3222.225312 0.111375 
3223.189761 0.111430 
3224.154210 0.111427 
3225.118660 0.111463 
3226.083109 0.111534 
3227.047559 0.111601 
3228.012008 0.111719 
3228.976457 0.111762 
3229.940907 0.111795 
3230.905356 0.111833 
3231.869805 0.111889 
3232.834255 0.111890 
3233.798704 0.111866 
3234.763153 0.111951 
3235.727603 0.112096 
3236.692052 0.112166 
3237.656502 0.112207 
3238.620951 0.112261 
3239.585400 0.112350 
3240.549850 0.112359 
3241.514299 0.112318 
3242.478748 0.112374 
3243.443198 0.112404 
3244.407647 0.112466 
3245.372096 0.112552 
3246.336546 0.112464 
3247.300995 0.112466 
3248.265444 0.112594 
3249.229894 0.112711 
3250.194343 0.112785 
3251.158793 0.112840 
3252.123242 0.112806 
3253.087691 0.112839 
3254.052141 0.113020 
3255.016590 0.113046 
3255.981039 0.113014 
3256.945489 0.113181 
3257.909938 0.113303 
3258.874387 0.113246 
3259.838837 0.113230 
3260.803286 0.113327 
3261.767736 0.113379 
3262.732185 0.113503 
3263.696634 0.113563 
3264.661084 0.113509 
3265.625533 0.113549 
3266.589982 0.113569 
3267.554432 0.113613 
3268.518881 0.113712 
3269.483330 0.113659 
3270.447780 0.113614 
3271.412229 0.113542 
3272.376678 0.113540 
3273.341128 0.113763 
3274.305577 0.113897 
3275.270027 0.113781 
3276.234476 0.113926 
3277.198925 0.114053 
3278.163375 0.114034 
3279.127824 0.114070 
3280.092273 0.114116 
3281.056723 0.114181 
3282.021172 0.114278 
3282.985621 0.114339 
3283.950071 0.114350 
3284.914520 0.114367 
3285.878970 0.114438 
3286.843419 0.114463 
3287.807868 0.114451 
3288.772318 0.114493 
3289.736767 0.114558 
3290.701216 0.114597 
3291.665666 0.114606 
3292.630115 0.114608 
3293.594564 0.114753 
3294.559014 0.114839 
3295.523463 0.114780 
3296.487912 0.114757 
3297.452362 0.114938 
3298.416811 0.115113 
3299.381261 0.115204 
3300.345710 0.115299 
3301.310159 0.115353 
3302.274609 0.115310 
3303.239058 0.115325 
3304.203507 0.115276 
3305.167957 0.115238 
3306.132406 0.115256 
3307.096855 0.115294 
3308.061305 0.115389 
3309.025754 0.115507 
3309.990204 0.115562 
3310.954653 0.115646 
3311.919102 0.115706 
3312.883552 0.115814 
3313.848001 0.115883 
3314.812450 0.115908 
3315.776900 0.115954 
3316.741349 0.116070 
3317.705798 0.116172 
3318.670248 0.116324 
3319.634697 0.116385 
3320.599146 0.116422 
3321.563596 0.116400 
3322.528045 0.116436 
3323.492495 0.116523 
3324.456944 0.116679 
3325.421393 0.116686 
3326.385843 0.116718 
3327.350292 0.116842 
3328.314741 0.116995 
3329.279191 0.117073 
3330.243640 0.117156 
3331.208089 0.117199 
3332.172539 0.117312 
3333.136988 0.117410 
3334.101438 0.117557 
3335.065887 0.117507 
3336.030336 0.117460 
3336.994786 0.117682 
3337.959235 0.117676 
3338.923684 0.117577 
3339.888134 0.117763 
3340.852583 0.117994 
3341.817032 0.118067 
3342.781482 0.117984 
3343.745931 0.118019 
3344.710380 0.118162 
3345.674830 0.118340 
3346.639279 0.118448 
3347.603729 0.118442 
3348.568178 0.118461 
3349.532627 0.118442 
3350.497077 0.118425 
3351.461526 0.118493 
3352.425975 0.118557 
3353.390425 0.118659 
3354.354874 0.118703 
3355.319323 0.118851 
3356.283773 0.118946 
3357.248222 0.119038 
3358.212672 0.118994 
3359.177121 0.118966 
3360.141570 0.119018 
3361.106020 0.119226 
3362.070469 0.119454 
3363.034918 0.119412 
3363.999368 0.119359 
3364.963817 0.119327 
3365.928266 0.119363 
3366.892716 0.119458 
3367.857165 0.119538 
3368.821614 0.119426 
3369.786064 0.119432 
3370.750513 0.119617 
3371.714963 0.119697 
3372.679412 0.119753 
3373.643861 0.119855 
3374.608311 0.119965 
3375.572760 0.120016 
3376.537209 0.120009 
3377.501659 0.120072 
3378.466108 0.120153 
3379.430557 0.120126 
3380.395007 0.120194 
3381.359456 0.120294 
3382.323906 0.120332 
3383.288355 0.120316 
3384.252804 0.120383 
3385.217254 0.120522 
3386.181703 0.120567 
3387.146152 0.120470 
3388.110602 0.120475 
3389.075051 0.120525 
3390.039500 0.120586 
3391.003950 0.120456 
3391.968399 0.120445 
3392.932848 0.120853 
3393.897298 0.120860 
3394.861747 0.120580 
3395.826197 0.120575 
3396.790646 0.120956 
3397.755095 0.121152 
3398.719545 0.120819 
3399.683994 0.120691 
3400.648443 0.120797 
3401.612893 0.120810 
3402.577342 0.120818 
3403.541791 0.121013 
3404.506241 0.121073 
3405.470690 0.120999 
3406.435140 0.120978 
3407.399589 0.121038 
3408.364038 0.120993 
3409.328488 0.121043 
3410.292937 0.121127 
3411.257386 0.121120 
3412.221836 0.121031 
3413.186285 0.120987 
3414.150734 0.121140 
3415.115184 0.121210 
3416.079633 0.121167 
3417.044082 0.121138 
3418.008532 0.121152 
3418.972981 0.121130 
3419.937431 0.121279 
3420.901880 0.121422 
3421.866329 0.121428 
3422.830779 0.121499 
3423.795228 0.121464 
3424.759677 0.121397 
3425.724127 0.121323 
3426.688576 0.121313 
3427.653025 0.121402 
3428.617475 0.121483 
3429.581924 0.121311 
3430.546374 0.121212 
3431.510823 0.121319 
3432.475272 0.121435 
3433.439722 0.121337 
3434.404171 0.121140 
3435.368620 0.121133 
3436.333070 0.121214 
3437.297519 0.121145 
3438.261968 0.121212 
3439.226418 0.121314 
3440.190867 0.121333 
3441.155316 0.121258 
3442.119766 0.121455 
3443.084215 0.121567 
3444.048665 0.121269 
3445.013114 0.121140 
3445.977563 0.121040 
3446.942013 0.121523 
3447.906462 0.121590 
3448.870911 0.121203 
3449.835361 0.121113 
3450.799810 0.121034 
3451.764259 0.121032 
3452.728709 0.120983 
3453.693158 0.120908 
3454.657608 0.120854 
3455.622057 0.120888 
3456.586506 0.120922 
3457.550956 0.120878 
3458.515405 0.120890 
3459.479854 0.120838 
3460.444304 0.120761 
3461.408753 0.120674 
3462.373202 0.120648 
3463.337652 0.120616 
3464.302101 0.120465 
3465.266550 0.120382 
3466.231000 0.120316 
3467.195449 0.120321 
3468.159899 0.120175 
3469.124348 0.120050 
3470.088797 0.120076 
3471.053247 0.120184 
3472.017696 0.120104 
3472.982145 0.120026 
3473.946595 0.120000 
3474.911044 0.120054 
3475.875493 0.119914 
3476.839943 0.119800 
3477.804392 0.119795 
3478.768842 0.119669 
3479.733291 0.119683 
3480.697740 0.119810 
3481.662190 0.119716 
3482.626639 0.119688 
3483.591088 0.119409 
3484.555538 0.119303 
3485.519987 0.119247 
3486.484436 0.118930 
3487.448886 0.118814 
3488.413335 0.119122 
3489.377784 0.118903 
3490.342234 0.118783 
3491.306683 0.118706 
3492.271133 0.118558 
3493.235582 0.118425 
3494.200031 0.118275 
3495.164481 0.118112 
3496.128930 0.118205 
3497.093379 0.118261 
3498.057829 0.118020 
3499.022278 0.117930 
3499.986727 0.118018 
3500.951177 0.118054 
3501.915626 0.118239 
3502.880076 0.118349 
3503.844525 0.118133 
3504.808974 0.117773 
3505.773424 0.117491 
3506.737873 0.117179 
3507.702322 0.116801 
3508.666772 0.117034 
3509.631221 0.117824 
3510.595670 0.117264 
3511.560120 0.116769 
3512.524569 0.116584 
3513.489018 0.116430 
3514.453468 0.116291 
3515.417917 0.116319 
3516.382367 0.116250 
3517.346816 0.116273 
3518.311265 0.116147 
3519.275715 0.116146 
3520.240164 0.115921 
3521.204613 0.115666 
3522.169063 0.115732 
3523.133512 0.116378 
3524.097961 0.116377 
3525.062411 0.115963 
3526.026860 0.115657 
3526.991310 0.115720 
3527.955759 0.115561 
3528.920208 0.115380 
3529.884658 0.115067 
3530.849107 0.115088 
3531.813556 0.115011 
3532.778006 0.114663 
3533.742455 0.114558 
3534.706904 0.114410 
3535.671354 0.114618 
3536.635803 0.115146 
3537.600252 0.114604 
3538.564702 0.114232 
3539.529151 0.114189 
3540.493601 0.114113 
3541.458050 0.113793 
3542.422499 0.113547 
3543.386949 0.113551 
3544.351398 0.113847 
3545.315847 0.114346 
3546.280297 0.114293 
3547.244746 0.114614 
3548.209195 0.113887 
3549.173645 0.113139 
3550.138094 0.112831 
3551.102544 0.112513 
3552.066993 0.113019 
3553.031442 0.113286 
3553.995892 0.113256 
3554.960341 0.112768 
3555.924790 0.112393 
3556.889240 0.112406 
3557.853689 0.112347 
3558.818138 0.112144 
3559.782588 0.112606 
3560.747037 0.112562 
3561.711486 0.111987 
3562.675936 0.111900 
3563.640385 0.111792 
3564.604835 0.111254 
3565.569284 0.112116 
3566.533733 0.113598 
3567.498183 0.113570 
3568.462632 0.113888 
3569.427081 0.111737 
3570.391531 0.111161 
3571.355980 0.111049 
3572.320429 0.110826 
3573.284879 0.110825 
3574.249328 0.110932 
3575.213778 0.110729 
3576.178227 0.110441 
3577.142676 0.110585 
3578.107126 0.110456 
3579.071575 0.110420 
3580.036024 0.110825 
3581.000474 0.110505 
3581.964923 0.109966 
3582.929372 0.109939 
3583.893822 0.109837 
3584.858271 0.109039 
3585.822720 0.108966 
3586.787170 0.110677 
3587.751619 0.110882 
3588.716069 0.111420 
3589.680518 0.109994 
3590.644967 0.108988 
3591.609417 0.108526 
3592.573866 0.108783 
3593.538315 0.109073 
3594.502765 0.108529 
3595.467214 0.109421 
3596.431663 0.109046 
3597.396113 0.108255 
3598.360562 0.108357 
3599.325012 0.107952 
3600.289461 0.107911 
3601.253910 0.108294 
3602.218360 0.108008 
3603.182809 0.107925 
3604.147258 0.107604 
3605.111708 0.107063 
3606.076157 0.106954 
3607.040606 0.108237 
3608.005056 0.107547 
3608.969505 0.108174 
3609.933954 0.108590 
3610.898404 0.106777 
3611.862853 0.107059 
3612.827303 0.108039 
3613.791752 0.107173 
3614.756201 0.107864 
3615.720651 0.107190 
3616.685100 0.106265 
3617.649549 0.107044 
3618.613999 0.106654 
3619.578448 0.107204 
3620.542897 0.107051 
3621.507347 0.106361 
3622.471796 0.105956 
3623.436246 0.105871 
3624.400695 0.105436 
3625.365144 0.105272 
3626.329594 0.105122 
3627.294043 0.103954 
3628.258492 0.104435 
3629.222942 0.107504 
3630.187391 0.106642 
3631.151840 0.104955 
3632.116290 0.104214 
3633.080739 0.104285 
3634.045188 0.105236 
3635.009638 0.104790 
3635.974087 0.104347 
3636.938537 0.104080 
3637.902986 0.104157 
3638.867435 0.104117 
3639.831885 0.104060 
3640.796334 0.104028 
3641.760783 0.104189 
3642.725233 0.104488 
3643.689682 0.104079 
3644.654131 0.103511 
3645.618581 0.102711 
3646.583030 0.103206 
3647.547480 0.103734 
3648.511929 0.102610 
3649.476378 0.102896 
3650.440828 0.102976 
3651.405277 0.104052 
3652.369726 0.102965 
3653.334176 0.102682 
3654.298625 0.102208 
3655.263074 0.101912 
3656.227524 0.103407 
3657.191973 0.103257 
3658.156422 0.102192 
3659.120872 0.102165 
3660.085321 0.102298 
3661.049771 0.102327 
3662.014220 0.102265 
3662.978669 0.102295 
3663.943119 0.102188 
3664.907568 0.102045 
3665.872017 0.101906 
3666.836467 0.101454 
3667.800916 0.100950 
3668.765365 0.101152 
3669.729815 0.100425 
3670.694264 0.102312 
3671.658714 0.101694 
3672.623163 0.100526 
3673.587612 0.099876 
3674.552062 0.099850 
3675.516511 0.101622 
3676.480960 0.101836 
3677.445410 0.100707 
3678.409859 0.100260 
3679.374308 0.100957 
3680.338758 0.101055 
3681.303207 0.100708 
3682.267656 0.100742 
3683.232106 0.100657 
3684.196555 0.100836 
3685.161005 0.100672 
3686.125454 0.100191 
3687.089903 0.099424 
3688.054353 0.100167 
3689.018802 0.099990 
3689.983251 0.098541 
3690.947701 0.100148 
3691.912150 0.100638 
3692.876599 0.100028 
3693.841049 0.100132 
3694.805498 0.100057 
3695.769948 0.100109 
3696.734397 0.100369 
3697.698846 0.100222 
3698.663296 0.100175 
3699.627745 0.099932 
3700.592194 0.099380 
3701.556644 0.100442 
3702.521093 0.100682 
3703.485542 0.099956 
3704.449992 0.100086 
3705.414441 0.100248 
3706.378890 0.100359 
3707.343340 0.099859 
3708.307789 0.099279 
3709.272239 0.099971 
3710.236688 0.099378 
3711.201137 0.099054 
3712.165587 0.101167 
3713.130036 0.100613 
3714.094485 0.100250 
3715.058935 0.100800 
3716.023384 0.100381 
3716.987833 0.099846 
3717.952283 0.099688 
3718.916732 0.100467 
3719.881182 0.100048 
3720.845631 0.099073 
3721.810080 0.099765 
3722.774530 0.100709 
3723.738979 0.099801 
3724.703428 0.099996 
3725.667878 0.100239 
3726.632327 0.100641 
3727.596776 0.100171 
3728.561226 0.099562 
3729.525675 0.099197 
3730.490124 0.098475 
3731.454574 0.098374 
3732.419023 0.099160 
3733.383473 0.097567 
3734.347922 0.099109 
3735.312371 0.100931 
3736.276821 0.100306 
3737.241270 0.099619 
3738.205719 0.099376 
3739.170169 0.099290 
3740.134618 0.099169 
3741.099067 0.099970 
3742.063517 0.098954 
3743.027966 0.097743 
3743.992416 0.099341 
3744.956865 0.102441 
3745.921314 0.099023 
3746.885764 0.098847 
3747.850213 0.098486 
3748.814662 0.098674 
3749.779112 0.099883 
3750.743561 0.097722 
3751.708010 0.098982 
3752.672460 0.100575 
3753.636909 0.099499 
3754.601358 0.099085 
3755.565808 0.098995 
3756.530257 0.099707 
3757.494707 0.099113 
3758.459156 0.098737 
3759.423605 0.100096 
3760.388055 0.099839 
3761.352504 0.099099 
3762.316953 0.099172 
3763.281403 0.099007 
3764.245852 0.098740 
3765.210301 0.099579 
3766.174751 0.100190 
3767.139200 0.099367 
3768.103650 0.098825 
3769.068099 0.098642 
3770.032548 0.099793 
3770.996998 0.099255 
3771.961447 0.099023 
3772.925896 0.098989 
3773.890346 0.099123 
3774.854795 0.099184 
3775.819244 0.099193 
3776.783694 0.098984 
3777.748143 0.098541 
3778.712592 0.098374 
3779.677042 0.099276 
3780.641491 0.098924 
3781.605941 0.098977 
3782.570390 0.098869 
3783.534839 0.098598 
3784.499289 0.099135 
3785.463738 0.099458 
3786.428187 0.099416 
3787.392637 0.099319 
3788.357086 0.099089 
3789.321535 0.099115 
3790.285985 0.098999 
3791.250434 0.098998 
3792.214884 0.099015 
3793.179333 0.099046 
3794.143782 0.098817 
3795.108232 0.098363 
3796.072681 0.098805 
3797.037130 0.099254 
3798.001580 0.098943 
3798.966029 0.098545 
3799.930478 0.097754 
3800.894928 0.098585 
3801.859377 0.099180 
3802.823826 0.098805 
3803.788276 0.098683 
3804.752725 0.098418 
3805.717175 0.097979 
3806.681624 0.099017 
3807.646073 0.099226 
3808.610523 0.098490 
3809.574972 0.098867 
3810.539421 0.098998 
3811.503871 0.099107 
3812.468320 0.099155 
3813.432769 0.099043 
3814.397219 0.098237 
3815.361668 0.098525 
3816.326118 0.100197 
3817.290567 0.098909 
3818.255016 0.098693 
3819.219466 0.098400 
3820.183915 0.098091 
3821.148364 0.099154 
3822.112814 0.099336 
3823.077263 0.098838 
3824.041712 0.099036 
3825.006162 0.098751 
3825.970611 0.098791 
3826.935060 0.099290 
3827.899510 0.099111 
3828.863959 0.099168 
3829.828409 0.098935 
3830.792858 0.099004 
3831.757307 0.100172 
3832.721757 0.099343 
3833.686206 0.098587 
3834.650655 0.099503 
3835.615105 0.099082 
3836.579554 0.097586 
3837.544003 0.099395 
3838.508453 0.099590 
3839.472902 0.098894 
3840.437352 0.100435 
3841.401801 0.100196 
3842.366250 0.098873 
3843.330700 0.099833 
3844.295149 0.100196 
3845.259598 0.099406 
3846.224048 0.099375 
3847.188497 0.099397 
3848.152946 0.099311 
3849.117396 0.099734 
3850.081845 0.099552 
3851.046294 0.098874 
3852.010744 0.099570 
3852.975193 0.098444 
3853.939643 0.101638 
3854.904092 0.100922 
3855.868541 0.098936 
3856.832991 0.100128 
3857.797440 0.100405 
3858.761889 0.099702 
3859.726339 0.099477 
3860.690788 0.099316 
3861.655237 0.100313 
3862.619687 0.099700 
3863.584136 0.098755 
3864.548586 0.100131 
3865.513035 0.101055 
3866.477484 0.099996 
3867.441934 0.099637 
3868.406383 0.099453 
3869.370832 0.101006 
3870.335282 0.102142 
3871.299731 0.100739 
3872.264180 0.099674 
3873.228630 0.099628 
3874.193079 0.100970 
3875.157528 0.100099 
3876.121978 0.099714 
3877.086427 0.099877 
3878.050877 0.099699 
3879.015326 0.099436 
3879.979775 0.100954 
3880.944225 0.101750 
3881.908674 0.099951 
3882.873123 0.100219 
3883.837573 0.100115 
3884.802022 0.099897 
3885.766471 0.101844 
3886.730921 0.100663 
3887.695370 0.099796 
3888.659820 0.099881 
3889.624269 0.099527 
3890.588718 0.100107 
3891.553168 0.101621 
3892.517617 0.100294 
3893.482066 0.100178 
3894.446516 0.100540 
3895.410965 0.100285 
3896.375414 0.100081 
3897.339864 0.099962 
3898.304313 0.100249 
3899.268762 0.101659 
3900.233212 0.100037 
3901.197661 0.100271 
3902.162111 0.101906 
3903.126560 0.100286 
3904.091009 0.101158 
3905.055459 0.101276 
3906.019908 0.101187 
3906.984357 0.100457 
3907.948807 0.100006 
3908.913256 0.100037 
3909.877705 0.100063 
3910.842155 0.100107 
3911.806604 0.100161 
3912.771054 0.100123 
3913.735503 0.100153 
3914.699952 0.100006 
3915.664402 0.100198 
3916.628851 0.101500 
3917.593300 0.101682 
3918.557750 0.100377 
3919.522199 0.100845 
3920.486648 0.101279 
3921.451098 0.100149 
3922.415547 0.099917 
3923.379996 0.100389 
3924.344446 0.101253 
3925.308895 0.101401 
3926.273345 0.100417 
3927.237794 0.099984 
3928.202243 0.100098 
3929.166693 0.100409 
3930.131142 0.100784 
3931.095591 0.100863 
3932.060041 0.101685 
3933.024490 0.101450 
3933.988939 0.100712 
3934.953389 0.100459 
3935.917838 0.100299 
3936.882288 0.100470 
3937.846737 0.100730 
3938.811186 0.100912 
3939.775636 0.100651 
3940.740085 0.100335 
3941.704534 0.100578 
3942.668984 0.101845 
3943.633433 0.101423 
3944.597882 0.100912 
3945.562332 0.100597 
3946.526781 0.100672 
3947.491230 0.101559 
3948.455680 0.101455 
3949.420129 0.101340 
3950.384579 0.101545 
3951.349028 0.100805 
3952.313477 0.100650 
3953.277927 0.100752 
3954.242376 0.100743 
3955.206825 0.100676 
3956.171275 0.100807 
3957.135724 0.101015 
3958.100173 0.101006 
3959.064623 0.101042 
3960.029072 0.100936 
3960.993522 0.100960 
3961.957971 0.101457 
3962.922420 0.101201 
3963.886870 0.101013 
3964.851319 0.101044 
3965.815768 0.100968 
3966.780218 0.100772 
3967.744667 0.100693 
3968.709116 0.101017 
3969.673566 0.101233 
3970.638015 0.101040 
3971.602464 0.101118 
3972.566914 0.101179 
3973.531363 0.100895 
3974.495813 0.100911 
3975.460262 0.101292 
3976.424711 0.101363 
3977.389161 0.101035 
3978.353610 0.100861 
3979.318059 0.101003 
3980.282509 0.101122 
3981.246958 0.101147 
3982.211407 0.101194 
3983.175857 0.100940 
3984.140306 0.100677 
3985.104756 0.100782 
3986.069205 0.100885 
3987.033654 0.100931 
3987.998104 0.100905 
3988.962553 0.100951 
3989.927002 0.101280 
3990.891452 0.101454 
3991.855901 0.101192 
3992.820350 0.101026 
3993.784800 0.100916 
3994.749249 0.101153 
3995.713698 0.101170 
3996.678148 0.100937 
3997.642597 0.100888 
3998.607047 0.100926 
3999.571496 0.100953 
4000.535945 0.100946 