##YUNITS=Abs
399.282035 0.203455 
400.246484 0.197745 
401.210934 0.174417 
402.175383 0.159525 
403.139832 0.155566 
404.104282 0.149465 
405.068731 0.147664 
406.033181 0.147122 
406.997630 0.147755 
407.962079 0.142606 
408.926529 0.132559 
409.890978 0.126873 
410.855427 0.121645 
411.819877 0.119899 
412.784326 0.123653 
413.748775 0.127962 
414.713225 0.127329 
415.677674 0.129207 
416.642124 0.138258 
417.606573 0.161475 
418.571022 0.191947 
419.535472 0.163771 
420.499921 0.135641 
421.464370 0.132145 
422.428820 0.146725 
423.393269 0.153494 
424.357718 0.150298 
425.322168 0.162319 
426.286617 0.158305 
427.251066 0.155203 
428.215516 0.161601 
429.179965 0.169629 
430.144415 0.176482 
431.108864 0.186883 
432.073313 0.195669 
433.037763 0.203151 
434.002212 0.213148 
434.966661 0.217785 
435.931111 0.221219 
436.895560 0.216524 
437.860009 0.201732 
438.824459 0.191166 
439.788908 0.174653 
440.753358 0.160167 
441.717807 0.153875 
442.682256 0.147582 
443.646706 0.143196 
444.611155 0.131678 
445.575604 0.124018 
446.540054 0.124350 
447.504503 0.115481 
448.468952 0.106442 
449.433402 0.103835 
450.397851 0.101828 
451.362300 0.100206 
452.326750 0.104071 
453.291199 0.102865 
454.255649 0.092634 
455.220098 0.087983 
456.184547 0.087268 
457.148997 0.095719 
458.113446 0.097637 
459.077895 0.085943 
460.042345 0.084067 
461.006794 0.090644 
461.971243 0.089598 
462.935693 0.083368 
463.900142 0.080349 
464.864592 0.076664 
465.829041 0.074892 
466.793490 0.079141 
467.757940 0.091843 
468.722389 0.091766 
469.686838 0.081360 
470.651288 0.080013 
471.615737 0.087495 
472.580186 0.095881 
473.544636 0.083142 
474.509085 0.077648 
475.473534 0.080260 
476.437984 0.081891 
477.402433 0.078403 
478.366883 0.075036 
479.331332 0.072886 
480.295781 0.074326 
481.260231 0.075505 
482.224680 0.074022 
483.189129 0.075762 
484.153579 0.076914 
485.118028 0.075416 
486.082477 0.076488 
487.046927 0.071932 
488.011376 0.067773 
488.975826 0.067535 
489.940275 0.068593 
490.904724 0.072954 
491.869174 0.077759 
492.833623 0.069669 
493.798072 0.063606 
494.762522 0.061981 
495.726971 0.060868 
496.691420 0.060935 
497.655870 0.059459 
498.620319 0.057478 
499.584768 0.056696 
500.549218 0.057937 
501.513667 0.064137 
502.478117 0.065547 
503.442566 0.058313 
504.407015 0.057381 
505.371465 0.055590 
506.335914 0.056430 
507.300363 0.056089 
508.264813 0.052211 
509.229262 0.051813 
510.193711 0.055531 
511.158161 0.055035 
512.122610 0.052049 
513.087060 0.051084 
514.051509 0.051370 
515.015958 0.051610 
515.980408 0.053858 
516.944857 0.060680 
517.909306 0.059555 
518.873756 0.058989 
519.838205 0.059445 
520.802654 0.052467 
521.767104 0.050007 
522.731553 0.050412 
523.696002 0.050727 
524.660452 0.052170 
525.624901 0.057430 
526.589351 0.057430 
527.553800 0.053531 
528.518249 0.053632 
529.482699 0.054491 
530.447148 0.054961 
531.411597 0.055171 
532.376047 0.054725 
533.340496 0.055765 
534.304945 0.057657 
535.269395 0.057270 
536.233844 0.057202 
537.198294 0.057156 
538.162743 0.056368 
539.127192 0.056152 
540.091642 0.056181 
541.056091 0.055809 
542.020540 0.056563 
542.984990 0.057548 
543.949439 0.058796 
544.913888 0.060820 
545.878338 0.062643 
546.842787 0.063673 
547.807236 0.065393 
548.771686 0.066161 
549.736135 0.070801 
550.700585 0.072840 
551.665034 0.072286 
552.629483 0.074393 
553.593933 0.077422 
554.558382 0.081985 
555.522831 0.086837 
556.487281 0.092719 
557.451730 0.098913 
558.416179 0.106270 
559.380629 0.114451 
560.345078 0.123548 
561.309528 0.133622 
562.273977 0.144925 
563.238426 0.157304 
564.202876 0.170306 
565.167325 0.183326 
566.131774 0.196579 
567.096224 0.209302 
568.060673 0.218451 
569.025122 0.225855 
569.989572 0.228606 
570.954021 0.227542 
571.918470 0.222219 
572.882920 0.211774 
573.847369 0.199836 
574.811819 0.187521 
575.776268 0.177937 
576.740717 0.161170 
577.705167 0.142991 
578.669616 0.130359 
579.634065 0.122254 
580.598515 0.117137 
581.562964 0.106021 
582.527413 0.095643 
583.491863 0.090084 
584.456312 0.087284 
585.420762 0.082238 
586.385211 0.076767 
587.349660 0.074406 
588.314110 0.072070 
589.278559 0.069210 
590.243008 0.067351 
591.207458 0.069928 
592.171907 0.069440 
593.136356 0.062860 
594.100806 0.061215 
595.065255 0.060790 
596.029704 0.058817 
596.994154 0.057602 
597.958603 0.057112 
598.923053 0.057736 
599.887502 0.060870 
600.851951 0.058217 
601.816401 0.054969 
602.780850 0.054291 
603.745299 0.054031 
604.709749 0.053771 
605.674198 0.053002 
606.638647 0.052474 
607.603097 0.052099 
608.567546 0.051936 
609.531996 0.051849 
610.496445 0.051764 
611.460894 0.051928 
612.425344 0.052242 
613.389793 0.052383 
614.354242 0.052705 
615.318692 0.053346 
616.283141 0.054075 
617.247590 0.054702 
618.212040 0.054888 
619.176489 0.054907 
620.140938 0.055851 
621.105388 0.056420 
622.069837 0.056519 
623.034287 0.056940 
623.998736 0.057970 
624.963185 0.059399 
625.927635 0.060189 
626.892084 0.060223 
627.856533 0.060873 
628.820983 0.061690 
629.785432 0.062233 
630.749881 0.062393 
631.714331 0.062075 
632.678780 0.060866 
633.643230 0.059041 
634.607679 0.057968 
635.572128 0.057576 
636.536578 0.055676 
637.501027 0.054357 
638.465476 0.054122 
639.429926 0.054605 
640.394375 0.054613 
641.358824 0.054086 
642.323274 0.054664 
643.287723 0.055039 
644.252172 0.055052 
645.216622 0.055514 
646.181071 0.055746 
647.145521 0.055686 
648.109970 0.056090 
649.074419 0.056428 
650.038869 0.056137 
651.003318 0.056617 
651.967767 0.057311 
652.932217 0.057205 
653.896666 0.057190 
654.861115 0.057309 
655.825565 0.057695 
656.790014 0.058420 
657.754464 0.058331 
658.718913 0.059391 
659.683362 0.060369 
660.647812 0.060511 
661.612261 0.060944 
662.576710 0.061677 
663.541160 0.062473 
664.505609 0.063388 
665.470058 0.063816 
666.434508 0.062495 
667.398957 0.048475 
668.363406 0.068628 
669.327856 0.076217 
670.292305 0.073812 
671.256755 0.073910 
672.221204 0.075182 
673.185653 0.077049 
674.150103 0.082274 
675.114552 0.086444 
676.079001 0.090634 
677.043451 0.094734 
678.007900 0.100493 
678.972349 0.107860 
679.936799 0.117035 
680.901248 0.128312 
681.865698 0.141955 
682.830147 0.158380 
683.794596 0.178119 
684.759046 0.202286 
685.723495 0.231118 
686.687944 0.267437 
687.652394 0.311789 
688.616843 0.364759 
689.581292 0.421261 
690.545742 0.475156 
691.510191 0.522219 
692.474640 0.550579 
693.439090 0.548383 
694.403539 0.516321 
695.367989 0.464365 
696.332438 0.404414 
697.296887 0.347678 
698.261337 0.296952 
699.225786 0.255200 
700.190235 0.223534 
701.154685 0.198471 
702.119134 0.179119 
703.083583 0.165294 
704.048033 0.154822 
705.012482 0.147401 
705.976932 0.140030 
706.941381 0.133755 
707.905830 0.129816 
708.870280 0.126524 
709.834729 0.124686 
710.799178 0.123828 
711.763628 0.123943 
712.728077 0.125032 
713.692526 0.126337 
714.656976 0.127671 
715.621425 0.129541 
716.585874 0.132564 
717.550324 0.136284 
718.514773 0.142110 
719.479223 0.148486 
720.443672 0.155108 
721.408121 0.161435 
722.372571 0.168425 
723.337020 0.177888 
724.301469 0.189629 
725.265919 0.203095 
726.230368 0.218394 
727.194817 0.236193 
728.159267 0.257313 
729.123716 0.281437 
730.088166 0.307933 
731.052615 0.338232 
732.017064 0.373248 
732.981514 0.414106 
733.945963 0.461875 
734.910412 0.518180 
735.874862 0.584198 
736.839311 0.662516 
737.803760 0.757099 
738.768210 0.870708 
739.732659 1.001711 
740.697108 1.154538 
741.661558 1.337038 
742.626007 1.556408 
743.590457 1.829736 
744.554906 2.186571 
745.519355 2.456950 
746.483805 2.359118 
747.448254 2.265112 
748.412703 2.230856 
749.377153 2.198997 
750.341602 2.195383 
751.306051 2.188957 
752.270501 2.193045 
753.234950 2.175128 
754.199400 2.185650 
755.163849 2.186359 
756.128298 2.202842 
757.092748 2.186332 
758.057197 2.192321 
759.021646 2.193974 
759.986096 2.185656 
760.950545 2.159093 
761.914994 2.170419 
762.879444 2.178869 
763.843893 2.185380 
764.808342 2.183602 
765.772792 2.184300 
766.737241 2.177931 
767.701691 2.183636 
768.666140 2.178683 
769.630589 2.183622 
770.595039 2.187956 
771.559488 2.194983 
772.523937 2.184264 
773.488387 2.192833 
774.452836 2.187705 
775.417285 2.188837 
776.381735 2.181285 
777.346184 2.187518 
778.310634 2.188571 
779.275083 2.196788 
780.239532 2.188986 
781.203982 2.180976 
782.168431 2.173234 
783.132880 2.179115 
784.097330 2.161750 
785.061779 2.184821 
786.026228 2.203079 
786.990678 2.207537 
787.955127 2.190126 
788.919576 2.196547 
789.884026 2.192669 
790.848475 2.191323 
791.812925 2.169272 
792.777374 2.164112 
793.741823 2.158494 
794.706273 2.168354 
795.670722 2.173937 
796.635171 2.199328 
797.599621 2.201636 
798.564070 2.198435 
799.528519 2.181962 
800.492969 2.183712 
801.457418 2.188570 
802.421868 2.213632 
803.386317 2.307597 
804.350766 2.469956 
805.315216 1.931669 
806.279665 1.548672 
807.244114 1.281027 
808.208564 1.081386 
809.173013 0.925959 
810.137462 0.797645 
811.101912 0.688688 
812.066361 0.598307 
813.030810 0.526201 
813.995260 0.470347 
814.959709 0.426923 
815.924159 0.391862 
816.888608 0.362164 
817.853057 0.334971 
818.817507 0.308956 
819.781956 0.283768 
820.746405 0.260118 
821.710855 0.238288 
822.675304 0.218156 
823.639753 0.199893 
824.604203 0.184075 
825.568652 0.170811 
826.533102 0.160112 
827.497551 0.151299 
828.462000 0.144274 
829.426450 0.138845 
830.390899 0.134774 
831.355348 0.131345 
832.319798 0.128338 
833.284247 0.125719 
834.248696 0.123320 
835.213146 0.120854 
836.177595 0.118369 
837.142044 0.115708 
838.106494 0.113062 
839.070943 0.110449 
840.035393 0.107810 
840.999842 0.104903 
841.964291 0.102109 
842.928741 0.099453 
843.893190 0.096693 
844.857639 0.093586 
845.822089 0.090445 
846.786538 0.087536 
847.750987 0.084978 
848.715437 0.082665 
849.679886 0.080547 
850.644336 0.078587 
851.608785 0.077074 
852.573234 0.075915 
853.537684 0.074873 
854.502133 0.073818 
855.466582 0.072977 
856.431032 0.072428 
857.395481 0.072265 
858.359930 0.072215 
859.324380 0.072519 
860.288829 0.072859 
861.253278 0.073388 
862.217728 0.074094 
863.182177 0.074979 
864.146627 0.075967 
865.111076 0.077065 
866.075525 0.078124 
867.039975 0.079305 
868.004424 0.080493 
868.968873 0.081804 
869.933323 0.082910 
870.897772 0.083802 
871.862221 0.084656 
872.826671 0.085707 
873.791120 0.086757 
874.755570 0.087824 
875.720019 0.088882 
876.684468 0.089899 
877.648918 0.090734 
878.613367 0.091493 
879.577816 0.092270 
880.542266 0.093164 
881.506715 0.094067 
882.471164 0.095269 
883.435614 0.096506 
884.400063 0.097814 
885.364512 0.099389 
886.328962 0.101329 
887.293411 0.103565 
888.257861 0.106140 
889.222310 0.109236 
890.186759 0.113027 
891.151209 0.117541 
892.115658 0.122886 
893.080107 0.129289 
894.044557 0.137030 
895.009006 0.145981 
895.973455 0.156654 
896.937905 0.169587 
897.902354 0.185489 
898.866804 0.204923 
899.831253 0.228794 
900.795702 0.257620 
901.760152 0.291473 
902.724601 0.329506 
903.689050 0.369012 
904.653500 0.405518 
905.617949 0.434667 
906.582398 0.453784 
907.546848 0.464809 
908.511297 0.472978 
909.475746 0.484291 
910.440196 0.503380 
911.404645 0.532847 
912.369095 0.573508 
913.333544 0.624905 
914.297993 0.685950 
915.262443 0.753009 
916.226892 0.819027 
917.191341 0.874499 
918.155791 0.906966 
919.120240 0.902675 
920.084689 0.856792 
921.049139 0.777849 
922.013588 0.681207 
922.978038 0.582242 
923.942487 0.491097 
924.906936 0.412686 
925.871386 0.347731 
926.835835 0.295297 
927.800284 0.253724 
928.764734 0.221042 
929.729183 0.195571 
930.693632 0.175596 
931.658082 0.159610 
932.622531 0.146918 
933.586980 0.136569 
934.551430 0.127029 
935.515879 0.118045 
936.480329 0.110671 
937.444778 0.104843 
938.409227 0.100037 
939.373677 0.095820 
940.338126 0.092288 
941.302575 0.089383 
942.267025 0.087009 
943.231474 0.084899 
944.195923 0.083119 
945.160373 0.081425 
946.124822 0.079920 
947.089272 0.078635 
948.053721 0.077630 
949.018170 0.076722 
949.982620 0.075943 
950.947069 0.075234 
951.911518 0.074829 
952.875968 0.074523 
953.840417 0.074275 
954.804866 0.074251 
955.769316 0.074450 
956.733765 0.074601 
957.698214 0.074911 
958.662664 0.075374 
959.627113 0.076004 
960.591563 0.076724 
961.556012 0.077605 
962.520461 0.078549 
963.484911 0.079600 
964.449360 0.080809 
965.413809 0.082106 
966.378259 0.083558 
967.342708 0.085190 
968.307157 0.086882 
969.271607 0.088741 
970.236056 0.090608 
971.200506 0.092531 
972.164955 0.094444 
973.129404 0.096496 
974.093854 0.098495 
975.058303 0.100244 
976.022752 0.101771 
976.987202 0.103302 
977.951651 0.104546 
978.916100 0.105547 
979.880550 0.106289 
980.844999 0.106906 
981.809448 0.107220 
982.773898 0.107263 
983.738347 0.106976 
984.702797 0.106593 
985.667246 0.106265 
986.631695 0.105879 
987.596145 0.105354 
988.560594 0.104983 
989.525043 0.104843 
990.489493 0.105048 
991.453942 0.105464 
992.418391 0.106148 
993.382841 0.107094 
994.347290 0.108541 
995.311740 0.110390 
996.276189 0.112566 
997.240638 0.115115 
998.205088 0.118097 
999.169537 0.121362 
1000.133986 0.124829 
1001.098436 0.128443 
1002.062885 0.132566 
1003.027334 0.137138 
1003.991784 0.142129 
1004.956233 0.147510 
1005.920682 0.153509 
1006.885132 0.160495 
1007.849581 0.168819 
1008.814031 0.178642 
1009.778480 0.190638 
1010.742929 0.205399 
1011.707379 0.223028 
1012.671828 0.242670 
1013.636277 0.261428 
1014.600727 0.274394 
1015.565176 0.277014 
1016.529625 0.268387 
1017.494075 0.251844 
1018.458524 0.231928 
1019.422974 0.212109 
1020.387423 0.193853 
1021.351872 0.177624 
1022.316322 0.163302 
1023.280771 0.150939 
1024.245220 0.140237 
1025.209670 0.130891 
1026.174119 0.122606 
1027.138568 0.115485 
1028.103018 0.109406 
1029.067467 0.104144 
1030.031916 0.099450 
1030.996366 0.095446 
1031.960815 0.091963 
1032.925265 0.088966 
1033.889714 0.086338 
1034.854163 0.084020 
1035.818613 0.081962 
1036.783062 0.080341 
1037.747511 0.078878 
1038.711961 0.077617 
1039.676410 0.076468 
1040.640859 0.075550 
1041.605309 0.074720 
1042.569758 0.073910 
1043.534208 0.073119 
1044.498657 0.072518 
1045.463106 0.071999 
1046.427556 0.071531 
1047.392005 0.071076 
1048.356454 0.070805 
1049.320904 0.070604 
1050.285353 0.070467 
1051.249802 0.070355 
1052.214252 0.070425 
1053.178701 0.070585 
1054.143150 0.070888 
1055.107600 0.071257 
1056.072049 0.071805 
1057.036499 0.072467 
1058.000948 0.073324 
1058.965397 0.074296 
1059.929847 0.075468 
1060.894296 0.076725 
1061.858745 0.078196 
1062.823195 0.079879 
1063.787644 0.081922 
1064.752093 0.084069 
1065.716543 0.086316 
1066.680992 0.088334 
1067.645442 0.090007 
1068.609891 0.091400 
1069.574340 0.092538 
1070.538790 0.093416 
1071.503239 0.094726 
1072.467688 0.096765 
1073.432138 0.099813 
1074.396587 0.104159 
1075.361036 0.110520 
1076.325486 0.119831 
1077.289935 0.132869 
1078.254384 0.150380 
1079.218834 0.173252 
1080.183283 0.199650 
1081.147733 0.221623 
1082.112182 0.226015 
1083.076631 0.207840 
1084.041081 0.177515 
1085.005530 0.148584 
1085.969979 0.126655 
1086.934429 0.111481 
1087.898878 0.100993 
1088.863327 0.093806 
1089.827777 0.088794 
1090.792226 0.085254 
1091.756676 0.082609 
1092.721125 0.080723 
1093.685574 0.079359 
1094.650024 0.078524 
1095.614473 0.077973 
1096.578922 0.077795 
1097.543372 0.077908 
1098.507821 0.078377 
1099.472270 0.078990 
1100.436720 0.079787 
1101.401169 0.080765 
1102.365618 0.082086 
1103.330068 0.083565 
1104.294517 0.085365 
1105.258967 0.087437 
1106.223416 0.089923 
1107.187865 0.092639 
1108.152315 0.095696 
1109.116764 0.099171 
1110.081213 0.103192 
1111.045663 0.107788 
1112.010112 0.112907 
1112.974561 0.118314 
1113.939011 0.124111 
1114.903460 0.130166 
1115.867910 0.136263 
1116.832359 0.141656 
1117.796808 0.145813 
1118.761258 0.147986 
1119.725707 0.147765 
1120.690156 0.144887 
1121.654606 0.139394 
1122.619055 0.132051 
1123.583504 0.124093 
1124.547954 0.116066 
1125.512403 0.108482 
1126.476852 0.101648 
1127.441302 0.095872 
1128.405751 0.090932 
1129.370201 0.086648 
1130.334650 0.082759 
1131.299099 0.079421 
1132.263549 0.076578 
1133.227998 0.074173 
1134.192447 0.072040 
1135.156897 0.070469 
1136.121346 0.068932 
1137.085795 0.067369 
1138.050245 0.066088 
1139.014694 0.064968 
1139.979144 0.063961 
1140.943593 0.063079 
1141.908042 0.062164 
1142.872492 0.061365 
1143.836941 0.060728 
1144.801390 0.060318 
1145.765840 0.059925 
1146.730289 0.059569 
1147.694738 0.059209 
1148.659188 0.059031 
1149.623637 0.058766 
1150.588086 0.058456 
1151.552536 0.058097 
1152.516985 0.057619 
1153.481435 0.057015 
1154.445884 0.056557 
1155.410333 0.056139 
1156.374783 0.055878 
1157.339232 0.055622 
1158.303681 0.055424 
1159.268131 0.055297 
1160.232580 0.055267 
1161.197029 0.055304 
1162.161479 0.055503 
1163.125928 0.055570 
1164.090378 0.055291 
1165.054827 0.054670 
1166.019276 0.054222 
1166.983726 0.054028 
1167.948175 0.054031 
1168.912624 0.053996 
1169.877074 0.054054 
1170.841523 0.054013 
1171.805972 0.054023 
1172.770422 0.054097 
1173.734871 0.054565 
1174.699320 0.054745 
1175.663770 0.054304 
1176.628219 0.054230 
1177.592669 0.054516 
1178.557118 0.054825 
1179.521567 0.055249 
1180.486017 0.055487 
1181.450466 0.055478 
1182.414915 0.055332 
1183.379365 0.055295 
1184.343814 0.055388 
1185.308263 0.055722 
1186.272713 0.056329 
1187.237162 0.056895 
1188.201612 0.056849 
1189.166061 0.057204 
1190.130510 0.057735 
1191.094960 0.058265 
1192.059409 0.058728 
1193.023858 0.059360 
1193.988308 0.060063 
1194.952757 0.060754 
1195.917206 0.061357 
1196.881656 0.062159 
1197.846105 0.063135 
1198.810554 0.063941 
1199.775004 0.064498 
1200.739453 0.065260 
1201.703903 0.066076 
1202.668352 0.067029 
1203.632801 0.067909 
1204.597251 0.068736 
1205.561700 0.069541 
1206.526149 0.070418 
1207.490599 0.071256 
1208.455048 0.072133 
1209.419497 0.072994 
1210.383947 0.073909 
1211.348396 0.075044 
1212.312846 0.076165 
1213.277295 0.076225 
1214.241744 0.076446 
1215.206194 0.076943 
1216.170643 0.077358 
1217.135092 0.077552 
1218.099542 0.077814 
1219.063991 0.077719 
1220.028440 0.077338 
1220.992890 0.076928 
1221.957339 0.076539 
1222.921788 0.076139 
1223.886238 0.075935 
1224.850687 0.075933 
1225.815137 0.075255 
1226.779586 0.074136 
1227.744035 0.073519 
1228.708485 0.073030 
1229.672934 0.072859 
1230.637383 0.072858 
1231.601833 0.073074 
1232.566282 0.073379 
1233.530731 0.073895 
1234.495181 0.074489 
1235.459630 0.075310 
1236.424080 0.076269 
1237.388529 0.077427 
1238.352978 0.078766 
1239.317428 0.080325 
1240.281877 0.081741 
1241.246326 0.083265 
1242.210776 0.084968 
1243.175225 0.086978 
1244.139674 0.089034 
1245.104124 0.090680 
1246.068573 0.092204 
1247.033022 0.094129 
1247.997472 0.096038 
1248.961921 0.097938 
1249.926371 0.099626 
1250.890820 0.101446 
1251.855269 0.103190 
1252.819719 0.104648 
1253.784168 0.105417 
1254.748617 0.105483 
1255.713067 0.104596 
1256.677516 0.102824 
1257.641965 0.100405 
1258.606415 0.097652 
1259.570864 0.095185 
1260.535314 0.092617 
1261.499763 0.088212 
1262.464212 0.084374 
1263.428662 0.081332 
1264.393111 0.078554 
1265.357560 0.076303 
1266.322010 0.074678 
1267.286459 0.072540 
1268.250908 0.071137 
1269.215358 0.070479 
1270.179807 0.069660 
1271.144256 0.068297 
1272.108706 0.067630 
1273.073155 0.065715 
1274.037605 0.064268 
1275.002054 0.063402 
1275.966503 0.062831 
1276.930953 0.062255 
1277.895402 0.061682 
1278.859851 0.061245 
1279.824301 0.061409 
1280.788750 0.060746 
1281.753199 0.059662 
1282.717649 0.058883 
1283.682098 0.058476 
1284.646548 0.058185 
1285.610997 0.057883 
1286.575446 0.058677 
1287.539896 0.060710 
1288.504345 0.060201 
1289.468794 0.058261 
1290.433244 0.057996 
1291.397693 0.057167 
1292.362142 0.056165 
1293.326592 0.056022 
1294.291041 0.055822 
1295.255490 0.056022 
1296.219940 0.057114 
1297.184389 0.057239 
1298.148839 0.056019 
1299.113288 0.055770 
1300.077737 0.055755 
1301.042187 0.056226 
1302.006636 0.056304 
1302.971085 0.056908 
1303.935535 0.057266 
1304.899984 0.058131 
1305.864433 0.058922 
1306.828883 0.059549 
1307.793332 0.060545 
1308.757782 0.061082 
1309.722231 0.060893 
1310.686680 0.061277 
1311.651130 0.063370 
1312.615579 0.066394 
1313.580028 0.067198 
1314.544478 0.067887 
1315.508927 0.067153 
1316.473376 0.069402 
1317.437826 0.071609 
1318.402275 0.072756 
1319.366724 0.075423 
1320.331174 0.075508 
1321.295623 0.076319 
1322.260073 0.077004 
1323.224522 0.080750 
1324.188971 0.084360 
1325.153421 0.087931 
1326.117870 0.092707 
1327.082319 0.097262 
1328.046769 0.100607 
1329.011218 0.102302 
1329.975667 0.101818 
1330.940117 0.098528 
1331.904566 0.094050 
1332.869016 0.089465 
1333.833465 0.084987 
1334.797914 0.081283 
1335.762364 0.079882 
1336.726813 0.079552 
1337.691262 0.078402 
1338.655712 0.082812 
1339.620161 0.086824 
1340.584610 0.080167 
1341.549060 0.068859 
1342.513509 0.065307 
1343.477958 0.064032 
1344.442408 0.063309 
1345.406857 0.062583 
1346.371307 0.061898 
1347.335756 0.061356 
1348.300205 0.061239 
1349.264655 0.061248 
1350.229104 0.060749 
1351.193553 0.060343 
1352.158003 0.060179 
1353.122452 0.060232 
1354.086901 0.061182 
1355.051351 0.062251 
1356.015800 0.061152 
1356.980250 0.060942 
1357.944699 0.061789 
1358.909148 0.061622 
1359.873598 0.061795 
1360.838047 0.064523 
1361.802496 0.067840 
1362.766946 0.073170 
1363.731395 0.070450 
1364.695844 0.063660 
1365.660294 0.063097 
1366.624743 0.063542 
1367.589192 0.065688 
1368.553642 0.068834 
1369.518091 0.069864 
1370.482541 0.070010 
1371.446990 0.071681 
1372.411439 0.073954 
1373.375889 0.077397 
1374.340338 0.080327 
1375.304787 0.080235 
1376.269237 0.079653 
1377.233686 0.082318 
1378.198135 0.086167 
1379.162585 0.088207 
1380.127034 0.090132 
1381.091484 0.091738 
1382.055933 0.096276 
1383.020382 0.100629 
1383.984832 0.104441 
1384.949281 0.106914 
1385.913730 0.109954 
1386.878180 0.111746 
1387.842629 0.102730 
1388.807078 0.089848 
1389.771528 0.085376 
1390.735977 0.082614 
1391.700426 0.079435 
1392.664876 0.076874 
1393.629325 0.077920 
1394.593775 0.083860 
1395.558224 0.084893 
1396.522673 0.081866 
1397.487123 0.084356 
1398.451572 0.086541 
1399.416021 0.085905 
1400.380471 0.084956 
1401.344920 0.083671 
1402.309369 0.088430 
1403.273819 0.095369 
1404.238268 0.106449 
1405.202718 0.124244 
1406.167167 0.137720 
1407.131616 0.153989 
1408.096066 0.176592 
1409.060515 0.195424 
1410.024964 0.202146 
1410.989414 0.192976 
1411.953863 0.172661 
1412.918312 0.147513 
1413.882762 0.128398 
1414.847211 0.117841 
1415.811660 0.112050 
1416.776110 0.109221 
1417.740559 0.105281 
1418.705009 0.099227 
1419.669458 0.095282 
1420.633907 0.087365 
1421.598357 0.083650 
1422.562806 0.082571 
1423.527255 0.087986 
1424.491705 0.087757 
1425.456154 0.082858 
1426.420603 0.080303 
1427.385053 0.080912 
1428.349502 0.081738 
1429.313952 0.081601 
1430.278401 0.081771 
1431.242850 0.081263 
1432.207300 0.081690 
1433.171749 0.082498 
1434.136198 0.081163 
1435.100648 0.081124 
1436.065097 0.083304 
1437.029546 0.084100 
1437.993996 0.081396 
1438.958445 0.080180 
1439.922894 0.080487 
1440.887344 0.081090 
1441.851793 0.081816 
1442.816243 0.082488 
1443.780692 0.085127 
1444.745141 0.089100 
1445.709591 0.093339 
1446.674040 0.097543 
1447.638489 0.106623 
1448.602939 0.114617 
1449.567388 0.114643 
1450.531837 0.114854 
1451.496287 0.116189 
1452.460736 0.114397 
1453.425186 0.108691 
1454.389635 0.109908 
1455.354084 0.114669 
1456.318534 0.116086 
1457.282983 0.127535 
1458.247432 0.139347 
1459.211882 0.154993 
1460.176331 0.162551 
1461.140780 0.160559 
1462.105230 0.150525 
1463.069679 0.135946 
1464.034128 0.122661 
1464.998578 0.109779 
1465.963027 0.100554 
1466.927477 0.094509 
1467.891926 0.089618 
1468.856375 0.084986 
1469.820825 0.082288 
1470.785274 0.081267 
1471.749723 0.083569 
1472.714173 0.085018 
1473.678622 0.084816 
1474.643071 0.080308 
1475.607521 0.078255 
1476.571970 0.081192 
1477.536420 0.075778 
1478.500869 0.072060 
1479.465318 0.071447 
1480.429768 0.072993 
1481.394217 0.075782 
1482.358666 0.072939 
1483.323116 0.070172 
1484.287565 0.069738 
1485.252014 0.070993 
1486.216464 0.072683 
1487.180913 0.072017 
1488.145362 0.073338 
1489.109812 0.082370 
1490.074261 0.086088 
1491.038711 0.076605 
1492.003160 0.072980 
1492.967609 0.071677 
1493.932059 0.071926 
1494.896508 0.071799 
1495.860957 0.072990 
1496.825407 0.075185 
1497.789856 0.074154 
1498.754305 0.074166 
1499.718755 0.076897 
1500.683204 0.078111 
1501.647654 0.080295 
1502.612103 0.079600 
1503.576552 0.077286 
1504.541002 0.074258 
1505.505451 0.071331 
1506.469900 0.084087 
1507.434350 0.113060 
1508.398799 0.106916 
1509.363248 0.102249 
1510.327698 0.098992 
1511.292147 0.090873 
1512.256596 0.091120 
1513.221046 0.089629 
1514.185495 0.089521 
1515.149945 0.094442 
1516.114394 0.098912 
1517.078843 0.099652 
1518.043293 0.093806 
1519.007742 0.092827 
1519.972191 0.094432 
1520.936641 0.098668 
1521.901090 0.096136 
1522.865539 0.095766 
1523.829989 0.097456 
1524.794438 0.099667 
1525.758888 0.101640 
1526.723337 0.102653 
1527.687786 0.105355 
1528.652236 0.103135 
1529.616685 0.102256 
1530.581134 0.103608 
1531.545584 0.108493 
1532.510033 0.108386 
1533.474482 0.108525 
1534.438932 0.113717 
1535.403381 0.116878 
1536.367830 0.116144 
1537.332280 0.115634 
1538.296729 0.113669 
1539.261179 0.112757 
1540.225628 0.120373 
1541.190077 0.122887 
1542.154527 0.126974 
1543.118976 0.137925 
1544.083425 0.144854 
1545.047875 0.150259 
1546.012324 0.144319 
1546.976773 0.137850 
1547.941223 0.138405 
1548.905672 0.140536 
1549.870122 0.152497 
1550.834571 0.147752 
1551.799020 0.138643 
1552.763470 0.136481 
1553.727919 0.136689 
1554.692368 0.140008 
1555.656818 0.135752 
1556.621267 0.129691 
1557.585716 0.123323 
1558.550166 0.124680 
1559.514615 0.125976 
1560.479064 0.124446 
1561.443514 0.123142 
1562.407963 0.121389 
1563.372413 0.119388 
1564.336862 0.116340 
1565.301311 0.115857 
1566.265761 0.114961 
1567.230210 0.112516 
1568.194659 0.109439 
1569.159109 0.106057 
1570.123558 0.106339 
1571.088007 0.106889 
1572.052457 0.106262 
1573.016906 0.105582 
1573.981356 0.103743 
1574.945805 0.099031 
1575.910254 0.092515 
1576.874704 0.101125 
1577.839153 0.103824 
1578.803602 0.102450 
1579.768052 0.101221 
1580.732501 0.100246 
1581.696950 0.099728 
1582.661400 0.099429 
1583.625849 0.098767 
1584.590298 0.097843 
1585.554748 0.096711 
1586.519197 0.095793 
1587.483647 0.094732 
1588.448096 0.093461 
1589.412545 0.092403 
1590.376995 0.091117 
1591.341444 0.089386 
1592.305893 0.087775 
1593.270343 0.085935 
1594.234792 0.084650 
1595.199241 0.083304 
1596.163691 0.081828 
1597.128140 0.080023 
1598.092590 0.078136 
1599.057039 0.076602 
1600.021488 0.075610 
1600.985938 0.074900 
1601.950387 0.074316 
1602.914836 0.073673 
1603.879286 0.072428 
1604.843735 0.071059 
1605.808184 0.070178 
1606.772634 0.070142 
1607.737083 0.069466 
1608.701532 0.067650 
1609.665982 0.067568 
1610.630431 0.066054 
1611.594881 0.064894 
1612.559330 0.064236 
1613.523779 0.063050 
1614.488229 0.061347 
1615.452678 0.056842 
1616.417127 0.049942 
1617.381577 0.055667 
1618.346026 0.059403 
1619.310475 0.060454 
1620.274925 0.060704 
1621.239374 0.060187 
1622.203824 0.058729 
1623.168273 0.055758 
1624.132722 0.056569 
1625.097172 0.057464 
1626.061621 0.056822 
1627.026070 0.054948 
1627.990520 0.054302 
1628.954969 0.055133 
1629.919418 0.054835 
1630.883868 0.054487 
1631.848317 0.054349 
1632.812766 0.054132 
1633.777216 0.052696 
1634.741665 0.046023 
1635.706115 0.048159 
1636.670564 0.053218 
1637.635013 0.054413 
1638.599463 0.055124 
1639.563912 0.054763 
1640.528361 0.055026 
1641.492811 0.054779 
1642.457260 0.055062 
1643.421709 0.054553 
1644.386159 0.053694 
1645.350608 0.051303 
1646.315058 0.052717 
1647.279507 0.054169 
1648.243956 0.054674 
1649.208406 0.054747 
1650.172855 0.054328 
1651.137304 0.051733 
1652.101754 0.041644 
1653.066203 0.036991 
1654.030652 0.054908 
1654.995102 0.056236 
1655.959551 0.055783 
1656.924000 0.055778 
1657.888450 0.055415 
1658.852899 0.054736 
1659.817349 0.054877 
1660.781798 0.055444 
1661.746247 0.054889 
1662.710697 0.053316 
1663.675146 0.054729 
1664.639595 0.055141 
1665.604045 0.055409 
1666.568494 0.055376 
1667.532943 0.056144 
1668.497393 0.056640 
1669.461842 0.055656 
1670.426292 0.055072 
1671.390741 0.056173 
1672.355190 0.057127 
1673.319640 0.056426 
1674.284089 0.054749 
1675.248538 0.055402 
1676.212988 0.057861 
1677.177437 0.057479 
1678.141886 0.057469 
1679.106336 0.059242 
1680.070785 0.068133 
1681.035234 0.066345 
1681.999684 0.059040 
1682.964133 0.057578 
1683.928583 0.059305 
1684.893032 0.058557 
1685.857481 0.058359 
1686.821931 0.059295 
1687.786380 0.063414 
1688.750829 0.065572 
1689.715279 0.060957 
1690.679728 0.060228 
1691.644177 0.059337 
1692.608627 0.059253 
1693.573076 0.059162 
1694.537526 0.058078 
1695.501975 0.055456 
1696.466424 0.061108 
1697.430874 0.061705 
1698.395323 0.060689 
1699.359772 0.056470 
1700.324222 0.058002 
1701.288671 0.061877 
1702.253120 0.062821 
1703.217570 0.062462 
1704.182019 0.062260 
1705.146468 0.062042 
1706.110918 0.061329 
1707.075367 0.062947 
1708.039817 0.062923 
1709.004266 0.062674 
1709.968715 0.064283 
1710.933165 0.064490 
1711.897614 0.064195 
1712.862063 0.065812 
1713.826513 0.068122 
1714.790962 0.071408 
1715.755411 0.072466 
1716.719861 0.067149 
1717.684310 0.066280 
1718.648760 0.068461 
1719.613209 0.065971 
1720.577658 0.064955 
1721.542108 0.065189 
1722.506557 0.065423 
1723.471006 0.066863 
1724.435456 0.065694 
1725.399905 0.064487 
1726.364354 0.064399 
1727.328804 0.065317 
1728.293253 0.066247 
1729.257702 0.069148 
1730.222152 0.074361 
1731.186601 0.071824 
1732.151051 0.071378 
1733.115500 0.072891 
1734.079949 0.075543 
1735.044399 0.074958 
1736.008848 0.073756 
1736.973297 0.075116 
1737.937747 0.076634 
1738.902196 0.074615 
1739.866645 0.074741 
1740.831095 0.078116 
1741.795544 0.079839 
1742.759994 0.086223 
1743.724443 0.091261 
1744.688892 0.090777 
1745.653342 0.090389 
1746.617791 0.092416 
1747.582240 0.094764 
1748.546690 0.097200 
1749.511139 0.099722 
1750.475588 0.100821 
1751.440038 0.105974 
1752.404487 0.104195 
1753.368936 0.102929 
1754.333386 0.103217 
1755.297835 0.103772 
1756.262285 0.107288 
1757.226734 0.110809 
1758.191183 0.112098 
1759.155633 0.112246 
1760.120082 0.112233 
1761.084531 0.114479 
1762.048981 0.120289 
1763.013430 0.121793 
1763.977879 0.123553 
1764.942329 0.126552 
1765.906778 0.131023 
1766.871228 0.139374 
1767.835677 0.151454 
1768.800126 0.161083 
1769.764576 0.162415 
1770.729025 0.166881 
1771.693474 0.176660 
1772.657924 0.192904 
1773.622373 0.213341 
1774.586822 0.226702 
1775.551272 0.248197 
1776.515721 0.269964 
1777.480170 0.289797 
1778.444620 0.318037 
1779.409069 0.349346 
1780.373519 0.385747 
1781.337968 0.436220 
1782.302417 0.480898 
1783.266867 0.531318 
1784.231316 0.590530 
1785.195765 0.672951 
1786.160215 0.748663 
1787.124664 0.819479 
1788.089113 0.897685 
1789.053563 0.967537 
1790.018012 1.029385 
1790.982462 1.081790 
1791.946911 1.120220 
1792.911360 1.127013 
1793.875810 1.115491 
1794.840259 1.086036 
1795.804708 1.046060 
1796.769158 0.968544 
1797.733607 0.891629 
1798.698056 0.816716 
1799.662506 0.733084 
1800.626955 0.655879 
1801.591404 0.602903 
1802.555854 0.541041 
1803.520303 0.489182 
1804.484753 0.451922 
1805.449202 0.421066 
1806.413651 0.395574 
1807.378101 0.379223 
1808.342550 0.362262 
1809.306999 0.348972 
1810.271449 0.341077 
1811.235898 0.338608 
1812.200347 0.336534 
1813.164797 0.332284 
1814.129246 0.330351 
1815.093696 0.333243 
1816.058145 0.335668 
1817.022594 0.340784 
1817.987044 0.340493 
1818.951493 0.335781 
1819.915942 0.329321 
1820.880392 0.324428 
1821.844841 0.317226 
1822.809290 0.309694 
1823.773740 0.299320 
1824.738189 0.294065 
1825.702638 0.287827 
1826.667088 0.278517 
1827.631537 0.272319 
1828.595987 0.270399 
1829.560436 0.271263 
1830.524885 0.273858 
1831.489335 0.273331 
1832.453784 0.277319 
1833.418233 0.283447 
1834.382683 0.288290 
1835.347132 0.292185 
1836.311581 0.299040 
1837.276031 0.306359 
1838.240480 0.311185 
1839.204930 0.314702 
1840.169379 0.316026 
1841.133828 0.314534 
1842.098278 0.311530 
1843.062727 0.301245 
1844.027176 0.287084 
1844.991626 0.265998 
1845.956075 0.247919 
1846.920524 0.229262 
1847.884974 0.212680 
1848.849423 0.191099 
1849.813872 0.172527 
1850.778322 0.157232 
1851.742771 0.145725 
1852.707221 0.135443 
1853.671670 0.126086 
1854.636119 0.118157 
1855.600569 0.112069 
1856.565018 0.106587 
1857.529467 0.103249 
1858.493917 0.100320 
1859.458366 0.097000 
1860.422815 0.093788 
1861.387265 0.091605 
1862.351714 0.088219 
1863.316164 0.085300 
1864.280613 0.083835 
1865.245062 0.082559 
1866.209512 0.081924 
1867.173961 0.081469 
1868.138410 0.081093 
1869.102860 0.080852 
1870.067309 0.079431 
1871.031758 0.077724 
1871.996208 0.075203 
1872.960657 0.073733 
1873.925106 0.072757 
1874.889556 0.072005 
1875.854005 0.071502 
1876.818455 0.071194 
1877.782904 0.070755 
1878.747353 0.070923 
1879.711803 0.070698 
1880.676252 0.069880 
1881.640701 0.069265 
1882.605151 0.068863 
1883.569600 0.068652 
1884.534049 0.068947 
1885.498499 0.068756 
1886.462948 0.068188 
1887.427398 0.067850 
1888.391847 0.067980 
1889.356296 0.069336 
1890.320746 0.069306 
1891.285195 0.067695 
1892.249644 0.067390 
1893.214094 0.067310 
1894.178543 0.067722 
1895.142992 0.068632 
1896.107442 0.068085 
1897.071891 0.067034 
1898.036340 0.066936 
1899.000790 0.066607 
1899.965239 0.066724 
1900.929689 0.066908 
1901.894138 0.067335 
1902.858587 0.067119 
1903.823037 0.067248 
1904.787486 0.067298 
1905.751935 0.067414 
1906.716385 0.067675 
1907.680834 0.068912 
1908.645283 0.069187 
1909.609733 0.069683 
1910.574182 0.069828 
1911.538632 0.068811 
1912.503081 0.068699 
1913.467530 0.069149 
1914.431980 0.069743 
1915.396429 0.070281 
1916.360878 0.070560 
1917.325328 0.071613 
1918.289777 0.073751 
1919.254226 0.073402 
1920.218676 0.072900 
1921.183125 0.073984 
1922.147574 0.077666 
1923.112024 0.081310 
1924.076473 0.077071 
1925.040923 0.075721 
1926.005372 0.075918 
1926.969821 0.076410 
1927.934271 0.076736 
1928.898720 0.076998 
1929.863169 0.076720 
1930.827619 0.076478 
1931.792068 0.075724 
1932.756517 0.075244 
1933.720967 0.074153 
1934.685416 0.072770 
1935.649866 0.071515 
1936.614315 0.070360 
1937.578764 0.069212 
1938.543214 0.068350 
1939.507663 0.067201 
1940.472112 0.066675 
1941.436562 0.066886 
1942.401011 0.069128 
1943.365460 0.066914 
1944.329910 0.064249 
1945.294359 0.063614 
1946.258808 0.063186 
1947.223258 0.062273 
1948.187707 0.061647 
1949.152157 0.061373 
1950.116606 0.060939 
1951.081055 0.060170 
1952.045505 0.059632 
1953.009954 0.059416 
1953.974403 0.059430 
1954.938853 0.059725 
1955.903302 0.059467 
1956.867751 0.059351 
1957.832201 0.060602 
1958.796650 0.061962 
1959.761100 0.059896 
1960.725549 0.058662 
1961.689998 0.058355 
1962.654448 0.057853 
1963.618897 0.057623 
1964.583346 0.057560 
1965.547796 0.058069 
1966.512245 0.059248 
1967.476694 0.060448 
1968.441144 0.058542 
1969.405593 0.057342 
1970.370042 0.057148 
1971.334492 0.057051 
1972.298941 0.057012 
1973.263391 0.056997 
1974.227840 0.056933 
1975.192289 0.056922 
1976.156739 0.056894 
1977.121188 0.056941 
1978.085637 0.056912 
1979.050087 0.056871 
1980.014536 0.056862 
1980.978985 0.056899 
1981.943435 0.056935 
1982.907884 0.056943 
1983.872334 0.056954 
1984.836783 0.057013 
1985.801232 0.057064 
1986.765682 0.057258 
1987.730131 0.058176 
1988.694580 0.058907 
1989.659030 0.057978 
1990.623479 0.057792 
1991.587928 0.059734 
1992.552378 0.062004 
1993.516827 0.058972 
1994.481276 0.057993 
1995.445726 0.057938 
1996.410175 0.058087 
1997.374625 0.058145 
1998.339074 0.058550 
1999.303523 0.058700 
2000.267973 0.058634 
2001.232422 0.058578 
2002.196871 0.058748 
2003.161321 0.058788 
2004.125770 0.058910 
2005.090219 0.058926 
2006.054669 0.059097 
2007.019118 0.059524 
2007.983568 0.059903 
2008.948017 0.059642 
2009.912466 0.059533 
2010.876916 0.059461 
2011.841365 0.059572 
2012.805814 0.059704 
2013.770264 0.059828 
2014.734713 0.059963 
2015.699162 0.061163 
2016.663612 0.064290 
2017.628061 0.064724 
2018.592510 0.063427 
2019.556960 0.062159 
2020.521409 0.060882 
2021.485859 0.060862 
2022.450308 0.061338 
2023.414757 0.061782 
2024.379207 0.061218 
2025.343656 0.061145 
2026.308105 0.061317 
2027.272555 0.061823 
2028.237004 0.062454 
2029.201453 0.062592 
2030.165903 0.061564 
2031.130352 0.061084 
2032.094802 0.060782 
2033.059251 0.060746 
2034.023700 0.060568 
2034.988150 0.060471 
2035.952599 0.060221 
2036.917048 0.060270 
2037.881498 0.060046 
2038.845947 0.059817 
2039.810396 0.059849 
2040.774846 0.061638 
2041.739295 0.062267 
2042.703744 0.060232 
2043.668194 0.059492 
2044.632643 0.059467 
2045.597093 0.059207 
2046.561542 0.059246 
2047.525991 0.059008 
2048.490441 0.058872 
2049.454890 0.058751 
2050.419339 0.058699 
2051.383789 0.058574 
2052.348238 0.058539 
2053.312687 0.058422 
2054.277137 0.058382 
2055.241586 0.058288 
2056.206036 0.058271 
2057.170485 0.058127 
2058.134934 0.058041 
2059.099384 0.057990 
2060.063833 0.058247 
2061.028282 0.058191 
2061.992732 0.057900 
2062.957181 0.057704 
2063.921630 0.058749 
2064.886080 0.060911 
2065.850529 0.060350 
2066.814978 0.058239 
2067.779428 0.057571 
2068.743877 0.057517 
2069.708327 0.057532 
2070.672776 0.057368 
2071.637225 0.057369 
2072.601675 0.057402 
2073.566124 0.057589 
2074.530573 0.057476 
2075.495023 0.057305 
2076.459472 0.057219 
2077.423921 0.057446 
2078.388371 0.057512 
2079.352820 0.057343 
2080.317270 0.057126 
2081.281719 0.057297 
2082.246168 0.057327 
2083.210618 0.057136 
2084.175067 0.056976 
2085.139516 0.057098 
2086.103966 0.057333 
2087.068415 0.057610 
2088.032864 0.057368 
2088.997314 0.057659 
2089.961763 0.058879 
2090.926212 0.058466 
2091.890662 0.057134 
2092.855111 0.057037 
2093.819561 0.057150 
2094.784010 0.057455 
2095.748459 0.057241 
2096.712909 0.057149 
2097.677358 0.057187 
2098.641807 0.057520 
2099.606257 0.057524 
2100.570706 0.057403 
2101.535155 0.057296 
2102.499605 0.057559 
2103.464054 0.057734 
2104.428504 0.057543 
2105.392953 0.057408 
2106.357402 0.057657 
2107.321852 0.057936 
2108.286301 0.057759 
2109.250750 0.057435 
2110.215200 0.057573 
2111.179649 0.057876 
2112.144098 0.057828 
2113.108548 0.057517 
2114.072997 0.057947 
2115.037446 0.058647 
2116.001896 0.058396 
2116.966345 0.057668 
2117.930795 0.057584 
2118.895244 0.057812 
2119.859693 0.058077 
2120.824143 0.057853 
2121.788592 0.057803 
2122.753041 0.058008 
2123.717491 0.058423 
2124.681940 0.058261 
2125.646389 0.058079 
2126.610839 0.058151 
2127.575288 0.058497 
2128.539738 0.058409 
2129.504187 0.058327 
2130.468636 0.058401 
2131.433086 0.058688 
2132.397535 0.058588 
2133.361984 0.058456 
2134.326434 0.058503 
2135.290883 0.058990 
2136.255332 0.059307 
2137.219782 0.058931 
2138.184231 0.058682 
2139.148680 0.058944 
2140.113130 0.058867 
2141.077579 0.058645 
2142.042029 0.058615 
2143.006478 0.058656 
2143.970927 0.058643 
2144.935377 0.058732 
2145.899826 0.058750 
2146.864275 0.058857 
2147.828725 0.058855 
2148.793174 0.058732 
2149.757623 0.058751 
2150.722073 0.058951 
2151.686522 0.058914 
2152.650972 0.058889 
2153.615421 0.058953 
2154.579870 0.059097 
2155.544320 0.058944 
2156.508769 0.058826 
2157.473218 0.058949 
2158.437668 0.059090 
2159.402117 0.058861 
2160.366566 0.058799 
2161.331016 0.059217 
2162.295465 0.059346 
2163.259914 0.058838 
2164.224364 0.058742 
2165.188813 0.059010 
2166.153263 0.059062 
2167.117712 0.058756 
2168.082161 0.058933 
2169.046611 0.059235 
2170.011060 0.059094 
2170.975509 0.058809 
2171.939959 0.059123 
2172.904408 0.059390 
2173.868857 0.059157 
2174.833307 0.058992 
2175.797756 0.059395 
2176.762206 0.059481 
2177.726655 0.059199 
2178.691104 0.059256 
2179.655554 0.059610 
2180.620003 0.059519 
2181.584452 0.059411 
2182.548902 0.059657 
2183.513351 0.059919 
2184.477800 0.059787 
2185.442250 0.059931 
2186.406699 0.060362 
2187.371148 0.060429 
2188.335598 0.060211 
2189.300047 0.060523 
2190.264497 0.060680 
2191.228946 0.060486 
2192.193395 0.060439 
2193.157845 0.060671 
2194.122294 0.060543 
2195.086743 0.060313 
2196.051193 0.060348 
2197.015642 0.060412 
2197.980091 0.060173 
2198.944541 0.060188 
2199.908990 0.060305 
2200.873440 0.060214 
2201.837889 0.060089 
2202.802338 0.060243 
2203.766788 0.060230 
2204.731237 0.060259 
2205.695686 0.060396 
2206.660136 0.060464 
2207.624585 0.060366 
2208.589034 0.060420 
2209.553484 0.060520 
2210.517933 0.060548 
2211.482382 0.060554 
2212.446832 0.060645 
2213.411281 0.060626 
2214.375731 0.060668 
2215.340180 0.060721 
2216.304629 0.060788 
2217.269079 0.060815 
2218.233528 0.061034 
2219.197977 0.061161 
2220.162427 0.061219 
2221.126876 0.061320 
2222.091325 0.061545 
2223.055775 0.061676 
2224.020224 0.061851 
2224.984674 0.061994 
2225.949123 0.062190 
2226.913572 0.062371 
2227.878022 0.062615 
2228.842471 0.062742 
2229.806920 0.062918 
2230.771370 0.063046 
2231.735819 0.063118 
2232.700268 0.063105 
2233.664718 0.063106 
2234.629167 0.063087 
2235.593616 0.063126 
2236.558066 0.063032 
2237.522515 0.063011 
2238.486965 0.062923 
2239.451414 0.062914 
2240.415863 0.062784 
2241.380313 0.062792 
2242.344762 0.062754 
2243.309211 0.062784 
2244.273661 0.062683 
2245.238110 0.062669 
2246.202559 0.062614 
2247.167009 0.062632 
2248.131458 0.062585 
2249.095908 0.062554 
2250.060357 0.062610 
2251.024806 0.062633 
2251.989256 0.062681 
2252.953705 0.062628 
2253.918154 0.062647 
2254.882604 0.062665 
2255.847053 0.062743 
2256.811502 0.062680 
2257.775952 0.062698 
2258.740401 0.062695 
2259.704850 0.062743 
2260.669300 0.062726 
2261.633749 0.062752 
2262.598199 0.062721 
2263.562648 0.062816 
2264.527097 0.062855 
2265.491547 0.062865 
2266.455996 0.062821 
2267.420445 0.062890 
2268.384895 0.062914 
2269.349344 0.062990 
2270.313793 0.063034 
2271.278243 0.063168 
2272.242692 0.063280 
2273.207142 0.063353 
2274.171591 0.063453 
2275.136040 0.063669 
2276.100490 0.063798 
2277.064939 0.064022 
2278.029388 0.064110 
2278.993838 0.064267 
2279.958287 0.064531 
2280.922736 0.064679 
2281.887186 0.064992 
2282.851635 0.065258 
2283.816084 0.065478 
2284.780534 0.065933 
2285.744983 0.065949 
2286.709433 0.066376 
2287.673882 0.066572 
2288.638331 0.066942 
2289.602781 0.067544 
2290.567230 0.067556 
2291.531679 0.068411 
2292.496129 0.068457 
2293.460578 0.069348 
2294.425027 0.069831 
2295.389477 0.070127 
2296.353926 0.071422 
2297.318376 0.071287 
2298.282825 0.072873 
2299.247274 0.072589 
2300.211724 0.073991 
2301.176173 0.074441 
2302.140622 0.074609 
2303.105072 0.075763 
2304.069521 0.075611 
2305.033970 0.077610 
2305.998420 0.077293 
2306.962869 0.079554 
2307.927318 0.078991 
2308.891768 0.080340 
2309.856217 0.080347 
2310.820667 0.080742 
2311.785116 0.081154 
2312.749565 0.079912 
2313.714015 0.080416 
2314.678464 0.077879 
2315.642913 0.078362 
2316.607363 0.077246 
2317.571812 0.078453 
2318.536261 0.077913 
2319.500711 0.079303 
2320.465160 0.078551 
2321.429610 0.079568 
2322.394059 0.078115 
2323.358508 0.078220 
2324.322958 0.076145 
2325.287407 0.074277 
2326.251856 0.072574 
2327.216306 0.072094 
2328.180755 0.071350 
2329.145204 0.071164 
2330.109654 0.070763 
2331.074103 0.070041 
2332.038552 0.068401 
2333.003002 0.066634 
2333.967451 0.064769 
2334.931901 0.062989 
2335.896350 0.062999 
2336.860799 0.063149 
2337.825249 0.061866 
2338.789698 0.061736 
2339.754147 0.062679 
2340.718597 0.062849 
2341.683046 0.063222 
2342.647495 0.064378 
2343.611945 0.066587 
2344.576394 0.069221 
2345.540844 0.071325 
2346.505293 0.072483 
2347.469742 0.073456 
2348.434192 0.075916 
2349.398641 0.076722 
2350.363090 0.075508 
2351.327540 0.072845 
2352.291989 0.069640 
2353.256438 0.066759 
2354.220888 0.066117 
2355.185337 0.065440 
2356.149786 0.063451 
2357.114236 0.062034 
2358.078685 0.062123 
2359.043135 0.062027 
2360.007584 0.061079 
2360.972033 0.060392 
2361.936483 0.060476 
2362.900932 0.060872 
2363.865381 0.061410 
2364.829831 0.062198 
2365.794280 0.062875 
2366.758729 0.063951 
2367.723179 0.065184 
2368.687628 0.066491 
2369.652078 0.067659 
2370.616527 0.068825 
2371.580976 0.070011 
2372.545426 0.071268 
2373.509875 0.072410 
2374.474324 0.073572 
2375.438774 0.074676 
2376.403223 0.075684 
2377.367672 0.076335 
2378.332122 0.076597 
2379.296571 0.076323 
2380.261020 0.075534 
2381.225470 0.074238 
2382.189919 0.072659 
2383.154369 0.070859 
2384.118818 0.069106 
2385.083267 0.067466 
2386.047717 0.066200 
2387.012166 0.065182 
2387.976615 0.064501 
2388.941065 0.063952 
2389.905514 0.063687 
2390.869963 0.063512 
2391.834413 0.063539 
2392.798862 0.063497 
2393.763312 0.063519 
2394.727761 0.063577 
2395.692210 0.063658 
2396.656660 0.063688 
2397.621109 0.063758 
2398.585558 0.063816 
2399.550008 0.063875 
2400.514457 0.063902 
2401.478906 0.063905 
2402.443356 0.063873 
2403.407805 0.063871 
2404.372254 0.063829 
2405.336704 0.063840 
2406.301153 0.063834 
2407.265603 0.063901 
2408.230052 0.063945 
2409.194501 0.063972 
2410.158951 0.063924 
2411.123400 0.063918 
2412.087849 0.063931 
2413.052299 0.063984 
2414.016748 0.063961 
2414.981197 0.064012 
2415.945647 0.064089 
2416.910096 0.064181 
2417.874546 0.064223 
2418.838995 0.064320 
2419.803444 0.064417 
2420.767894 0.064522 
2421.732343 0.064622 
2422.696792 0.064757 
2423.661242 0.064821 
2424.625691 0.064955 
2425.590140 0.065043 
2426.554590 0.065018 
2427.519039 0.064921 
2428.483488 0.064922 
2429.447938 0.064892 
2430.412387 0.064863 
2431.376837 0.064797 
2432.341286 0.064825 
2433.305735 0.064864 
2434.270185 0.064898 
2435.234634 0.064846 
2436.199083 0.064829 
2437.163533 0.064850 
2438.127982 0.064946 
2439.092431 0.064978 
2440.056881 0.064995 
2441.021330 0.065030 
2441.985780 0.065118 
2442.950229 0.065154 
2443.914678 0.065179 
2444.879128 0.065159 
2445.843577 0.065182 
2446.808026 0.065204 
2447.772476 0.065190 
2448.736925 0.065122 
2449.701374 0.065153 
2450.665824 0.065135 
2451.630273 0.065086 
2452.594722 0.065010 
2453.559172 0.065049 
2454.523621 0.065099 
2455.488071 0.065163 
2456.452520 0.065166 
2457.416969 0.065266 
2458.381419 0.065341 
2459.345868 0.065404 
2460.310317 0.065437 
2461.274767 0.065430 
2462.239216 0.065373 
2463.203665 0.065323 
2464.168115 0.065151 
2465.132564 0.065042 
2466.097014 0.064939 
2467.061463 0.064844 
2468.025912 0.064739 
2468.990362 0.064640 
2469.954811 0.064511 
2470.919260 0.064485 
2471.883710 0.064439 
2472.848159 0.064387 
2473.812608 0.064307 
2474.777058 0.064328 
2475.741507 0.064279 
2476.705956 0.064226 
2477.670406 0.064188 
2478.634855 0.064236 
2479.599305 0.064269 
2480.563754 0.064283 
2481.528203 0.064202 
2482.492653 0.064196 
2483.457102 0.064163 
2484.421551 0.064113 
2485.386001 0.064020 
2486.350450 0.064022 
2487.314899 0.063997 
2488.279349 0.063950 
2489.243798 0.063876 
2490.208248 0.063843 
2491.172697 0.063806 
2492.137146 0.063814 
2493.101596 0.063772 
2494.066045 0.063749 
2495.030494 0.063770 
2495.994944 0.063827 
2496.959393 0.063782 
2497.923842 0.063741 
2498.888292 0.063750 
2499.852741 0.063805 
2500.817190 0.063772 
2501.781640 0.063793 
2502.746089 0.063767 
2503.710539 0.063781 
2504.674988 0.063771 
2505.639437 0.063764 
2506.603887 0.063733 
2507.568336 0.063847 
2508.532785 0.063864 
2509.497235 0.063889 
2510.461684 0.063937 
2511.426133 0.064030 
2512.390583 0.064065 
2513.355032 0.064095 
2514.319482 0.064103 
2515.283931 0.064247 
2516.248380 0.064373 
2517.212830 0.064498 
2518.177279 0.064563 
2519.141728 0.064673 
2520.106178 0.064744 
2521.070627 0.064831 
2522.035076 0.064921 
2522.999526 0.065029 
2523.963975 0.065049 
2524.928424 0.065188 
2525.892874 0.065281 
2526.857323 0.065385 
2527.821773 0.065368 
2528.786222 0.065464 
2529.750671 0.065491 
2530.715121 0.065592 
2531.679570 0.065604 
2532.644019 0.065735 
2533.608469 0.065783 
2534.572918 0.065875 
2535.537367 0.065913 
2536.501817 0.065994 
2537.466266 0.066021 
2538.430716 0.066094 
2539.395165 0.066094 
2540.359614 0.066133 
2541.324064 0.066185 
2542.288513 0.066223 
2543.252962 0.066204 
2544.217412 0.066194 
2545.181861 0.066223 
2546.146310 0.066316 
2547.110760 0.066335 
2548.075209 0.066347 
2549.039658 0.066435 
2550.004108 0.066555 
2550.968557 0.066573 
2551.933007 0.066540 
2552.897456 0.066530 
2553.861905 0.066549 
2554.826355 0.066524 
2555.790804 0.066513 
2556.755253 0.066512 
2557.719703 0.066534 
2558.684152 0.066554 
2559.648601 0.066567 
2560.613051 0.066521 
2561.577500 0.066529 
2562.541950 0.066567 
2563.506399 0.066615 
2564.470848 0.066579 
2565.435298 0.066561 
2566.399747 0.066583 
2567.364196 0.066631 
2568.328646 0.066651 
2569.293095 0.066662 
2570.257544 0.066655 
2571.221994 0.066666 
2572.186443 0.066624 
2573.150892 0.066593 
2574.115342 0.066558 
2575.079791 0.066526 
2576.044241 0.066449 
2577.008690 0.066374 
2577.973139 0.066329 
2578.937589 0.066330 
2579.902038 0.066306 
2580.866487 0.066261 
2581.830937 0.066179 
2582.795386 0.066160 
2583.759835 0.066122 
2584.724285 0.066059 
2585.688734 0.065971 
2586.653184 0.065971 
2587.617633 0.065984 
2588.582082 0.065936 
2589.546532 0.065908 
2590.510981 0.065938 
2591.475430 0.065869 
2592.439880 0.065791 
2593.404329 0.065744 
2594.368778 0.065737 
2595.333228 0.065701 
2596.297677 0.065685 
2597.262126 0.065647 
2598.226576 0.065606 
2599.191025 0.065574 
2600.155475 0.065582 
2601.119924 0.065566 
2602.084373 0.065559 
2603.048823 0.065575 
2604.013272 0.065594 
2604.977721 0.065646 
2605.942171 0.065663 
2606.906620 0.065565 
2607.871069 0.065510 
2608.835519 0.065516 
2609.799968 0.065513 
2610.764418 0.065494 
2611.728867 0.065532 
2612.693316 0.065514 
2613.657766 0.065476 
2614.622215 0.065445 
2615.586664 0.065418 
2616.551114 0.065419 
2617.515563 0.065461 
2618.480012 0.065499 
2619.444462 0.065579 
2620.408911 0.065611 
2621.373360 0.065657 
2622.337810 0.065693 
2623.302259 0.065703 
2624.266709 0.065755 
2625.231158 0.065876 
2626.195607 0.065919 
2627.160057 0.065936 
2628.124506 0.065997 
2629.088955 0.066033 
2630.053405 0.066064 
2631.017854 0.066181 
2631.982303 0.066307 
2632.946753 0.066347 
2633.911202 0.066321 
2634.875652 0.066297 
2635.840101 0.066360 
2636.804550 0.066543 
2637.769000 0.066644 
2638.733449 0.066695 
2639.697898 0.066770 
2640.662348 0.066837 
2641.626797 0.066880 
2642.591246 0.066945 
2643.555696 0.067032 
2644.520145 0.067155 
2645.484594 0.067184 
2646.449044 0.067207 
2647.413493 0.067293 
2648.377943 0.067409 
2649.342392 0.067527 
2650.306841 0.067597 
2651.271291 0.067611 
2652.235740 0.067732 
2653.200189 0.067797 
2654.164639 0.067793 
2655.129088 0.067791 
2656.093537 0.067848 
2657.057987 0.067925 
2658.022436 0.068024 
2658.986886 0.068051 
2659.951335 0.068088 
2660.915784 0.068174 
2661.880234 0.068245 
2662.844683 0.068267 
2663.809132 0.068311 
2664.773582 0.068406 
2665.738031 0.068508 
2666.702480 0.068579 
2667.666930 0.068603 
2668.631379 0.068644 
2669.595828 0.068737 
2670.560278 0.068833 
2671.524727 0.068917 
2672.489177 0.068972 
2673.453626 0.069027 
2674.418075 0.069102 
2675.382525 0.069210 
2676.346974 0.069293 
2677.311423 0.069385 
2678.275873 0.069489 
2679.240322 0.069625 
2680.204771 0.069676 
2681.169221 0.069707 
2682.133670 0.069759 
2683.098120 0.069781 
2684.062569 0.069773 
2685.027018 0.069796 
2685.991468 0.069855 
2686.955917 0.069946 
2687.920366 0.069960 
2688.884816 0.069967 
2689.849265 0.070056 
2690.813714 0.070138 
2691.778164 0.070162 
2692.742613 0.070210 
2693.707062 0.070253 
2694.671512 0.070292 
2695.635961 0.070252 
2696.600411 0.070196 
2697.564860 0.070168 
2698.529309 0.070097 
2699.493759 0.070033 
2700.458208 0.069917 
2701.422657 0.069748 
2702.387107 0.069624 
2703.351556 0.069480 
2704.316005 0.069326 
2705.280455 0.069209 
2706.244904 0.069109 
2707.209354 0.069003 
2708.173803 0.068950 
2709.138252 0.068847 
2710.102702 0.068767 
2711.067151 0.068732 
2712.031600 0.068650 
2712.996050 0.068581 
2713.960499 0.068585 
2714.924948 0.068578 
2715.889398 0.068527 
2716.853847 0.068467 
2717.818296 0.068480 
2718.782746 0.068503 
2719.747195 0.068540 
2720.711645 0.068556 
2721.676094 0.068559 
2722.640543 0.068573 
2723.604993 0.068653 
2724.569442 0.068685 
2725.533891 0.068717 
2726.498341 0.068722 
2727.462790 0.068819 
2728.427239 0.068923 
2729.391689 0.069010 
2730.356138 0.069153 
2731.320588 0.069278 
2732.285037 0.069326 
2733.249486 0.069399 
2734.213936 0.069483 
2735.178385 0.069615 
2736.142834 0.069662 
2737.107284 0.069689 
2738.071733 0.069756 
2739.036182 0.069856 
2740.000632 0.069976 
2740.965081 0.070117 
2741.929530 0.070184 
2742.893980 0.070252 
2743.858429 0.070382 
2744.822879 0.070589 
2745.787328 0.070748 
2746.751777 0.070848 
2747.716227 0.070908 
2748.680676 0.070976 
2749.645125 0.070969 
2750.609575 0.070933 
2751.574024 0.070998 
2752.538473 0.071045 
2753.502923 0.071032 
2754.467372 0.071051 
2755.431822 0.071071 
2756.396271 0.071134 
2757.360720 0.071198 
2758.325170 0.071201 
2759.289619 0.071191 
2760.254068 0.071213 
2761.218518 0.071279 
2762.182967 0.071332 
2763.147416 0.071329 
2764.111866 0.071401 
2765.076315 0.071463 
2766.040764 0.071464 
2767.005214 0.071430 
2767.969663 0.071428 
2768.934113 0.071436 
2769.898562 0.071527 
2770.863011 0.071568 
2771.827461 0.071569 
2772.791910 0.071575 
2773.756359 0.071636 
2774.720809 0.071660 
2775.685258 0.071630 
2776.649707 0.071640 
2777.614157 0.071740 
2778.578606 0.071811 
2779.543056 0.071864 
2780.507505 0.071972 
2781.471954 0.072066 
2782.436404 0.072137 
2783.400853 0.072212 
2784.365302 0.072283 
2785.329752 0.072361 
2786.294201 0.072402 
2787.258650 0.072452 
2788.223100 0.072497 
2789.187549 0.072504 
2790.151998 0.072510 
2791.116448 0.072512 
2792.080897 0.072534 
2793.045347 0.072604 
2794.009796 0.072707 
2794.974245 0.072750 
2795.938695 0.072758 
2796.903144 0.072889 
2797.867593 0.072966 
2798.832043 0.073010 
2799.796492 0.073163 
2800.760941 0.073337 
2801.725391 0.073553 
2802.689840 0.073777 
2803.654290 0.073943 
2804.618739 0.074079 
2805.583188 0.074176 
2806.547638 0.074187 
2807.512087 0.074169 
2808.476536 0.074143 
2809.440986 0.074055 
2810.405435 0.073864 
2811.369884 0.073620 
2812.334334 0.073461 
2813.298783 0.073414 
2814.263232 0.073303 
2815.227682 0.073206 
2816.192131 0.073181 
2817.156581 0.073147 
2818.121030 0.073118 
2819.085479 0.073114 
2820.049929 0.073143 
2821.014378 0.073189 
2821.978827 0.073274 
2822.943277 0.073367 
2823.907726 0.073456 
2824.872175 0.073585 
2825.836625 0.073729 
2826.801074 0.073876 
2827.765524 0.074030 
2828.729973 0.074212 
2829.694422 0.074363 
2830.658872 0.074491 
2831.623321 0.074601 
2832.587770 0.074682 
2833.552220 0.074761 
2834.516669 0.074839 
2835.481118 0.074936 
2836.445568 0.075118 
2837.410017 0.075302 
2838.374466 0.075463 
2839.338916 0.075526 
2840.303365 0.075549 
2841.267815 0.075591 
2842.232264 0.075573 
2843.196713 0.075503 
2844.161163 0.075439 
2845.125612 0.075361 
2846.090061 0.075344 
2847.054511 0.075336 
2848.018960 0.075267 
2848.983409 0.075254 
2849.947859 0.075330 
2850.912308 0.075445 
2851.876758 0.075511 
2852.841207 0.075494 
2853.805656 0.075492 
2854.770106 0.075561 
2855.734555 0.075689 
2856.699004 0.075804 
2857.663454 0.075875 
2858.627903 0.075970 
2859.592352 0.076015 
2860.556802 0.076132 
2861.521251 0.076340 
2862.485700 0.076544 
2863.450150 0.076793 
2864.414599 0.077169 
2865.379049 0.077632 
2866.343498 0.078069 
2867.307947 0.078613 
2868.272397 0.079280 
2869.236846 0.079936 
2870.201295 0.080592 
2871.165745 0.081368 
2872.130194 0.082260 
2873.094643 0.083186 
2874.059093 0.084234 
2875.023542 0.085681 
2875.987992 0.087463 
2876.952441 0.089408 
2877.916890 0.091389 
2878.881340 0.093345 
2879.845789 0.095205 
2880.810238 0.096840 
2881.774688 0.097976 
2882.739137 0.098539 
2883.703586 0.098534 
2884.668036 0.097935 
2885.632485 0.096820 
2886.596934 0.095390 
2887.561384 0.093849 
2888.525833 0.092428 
2889.490283 0.091136 
2890.454732 0.090021 
2891.419181 0.089135 
2892.383631 0.088412 
2893.348080 0.087871 
2894.312529 0.087549 
2895.276979 0.087280 
2896.241428 0.087100 
2897.205877 0.087172 
2898.170327 0.087427 
2899.134776 0.087770 
2900.099226 0.088246 
2901.063675 0.088872 
2902.028124 0.089699 
2902.992574 0.090620 
2903.957023 0.091580 
2904.921472 0.092428 
2905.885922 0.092961 
2906.850371 0.093088 
2907.814820 0.093133 
2908.779270 0.093233 
2909.743719 0.093370 
2910.708168 0.093658 
2911.672618 0.094286 
2912.637067 0.095062 
2913.601517 0.095925 
2914.565966 0.096886 
2915.530415 0.097953 
2916.494865 0.098988 
2917.459314 0.100020 
2918.423763 0.100907 
2919.388213 0.101651 
2920.352662 0.102209 
2921.317111 0.102514 
2922.281561 0.102582 
2923.246010 0.102553 
2924.210460 0.102379 
2925.174909 0.102135 
2926.139358 0.101867 
2927.103808 0.101628 
2928.068257 0.101519 
2929.032706 0.101456 
2929.997156 0.101350 
2930.961605 0.101368 
2931.926054 0.101625 
2932.890504 0.102243 
2933.854953 0.102989 
2934.819402 0.103822 
2935.783852 0.104945 
2936.748301 0.106469 
2937.712751 0.108475 
2938.677200 0.111172 
2939.641649 0.114644 
2940.606099 0.118996 
2941.570548 0.124334 
2942.534997 0.130607 
2943.499447 0.137424 
2944.463896 0.144139 
2945.428345 0.149338 
2946.392795 0.151301 
2947.357244 0.149140 
2948.321694 0.143707 
2949.286143 0.136422 
2950.250592 0.128847 
2951.215042 0.121837 
2952.179491 0.115778 
2953.143940 0.110975 
2954.108390 0.107348 
2955.072839 0.104361 
2956.037288 0.102004 
2957.001738 0.100138 
2957.966187 0.098664 
2958.930636 0.097670 
2959.895086 0.097033 
2960.859535 0.096613 
2961.823985 0.096370 
2962.788434 0.096038 
2963.752883 0.095976 
2964.717333 0.096146 
2965.681782 0.096515 
2966.646231 0.096849 
2967.610681 0.097156 
2968.575130 0.097639 
2969.539579 0.098403 
2970.504029 0.099323 
2971.468478 0.100418 
2972.432928 0.101730 
2973.397377 0.103369 
2974.361826 0.105201 
2975.326276 0.107316 
2976.290725 0.109715 
2977.255174 0.112553 
2978.219624 0.115885 
2979.184073 0.119860 
2980.148522 0.124626 
2981.112972 0.129870 
2982.077421 0.135492 
2983.041870 0.141942 
2984.006320 0.149030 
2984.970769 0.156448 
2985.935219 0.163673 
2986.899668 0.170576 
2987.864117 0.176342 
2988.828567 0.180199 
2989.793016 0.182000 
2990.757465 0.181869 
2991.721915 0.179661 
2992.686364 0.175824 
2993.650813 0.170776 
2994.615263 0.164842 
2995.579712 0.157992 
2996.544162 0.150929 
2997.508611 0.143971 
2998.473060 0.137372 
2999.437510 0.131129 
3000.401959 0.125315 
3001.366408 0.119999 
3002.330858 0.115375 
3003.295307 0.111291 
3004.259756 0.107892 
3005.224206 0.104745 
3006.188655 0.101622 
3007.153104 0.098937 
3008.117554 0.096842 
3009.082003 0.095057 
3010.046453 0.093648 
3011.010902 0.092186 
3011.975351 0.091163 
3012.939801 0.090277 
3013.904250 0.088671 
3014.868699 0.087491 
3015.833149 0.086766 
3016.797598 0.085624 
3017.762047 0.084685 
3018.726497 0.084282 
3019.690946 0.083961 
3020.655396 0.083606 
3021.619845 0.083299 
3022.584294 0.083052 
3023.548744 0.082597 
3024.513193 0.082063 
3025.477642 0.081793 
3026.442092 0.081519 
3027.406541 0.081178 
3028.370990 0.080973 
3029.335440 0.080730 
3030.299889 0.080762 
3031.264338 0.081235 
3032.228788 0.081219 
3033.193237 0.080470 
3034.157687 0.080266 
3035.122136 0.080100 
3036.086585 0.079752 
3037.051035 0.079565 
3038.015484 0.079424 
3038.979933 0.079338 
3039.944383 0.079251 
3040.908832 0.079195 
3041.873281 0.079073 
3042.837731 0.078846 
3043.802180 0.078649 
3044.766630 0.078535 
3045.731079 0.078433 
3046.695528 0.078354 
3047.659978 0.078294 
3048.624427 0.078624 
3049.588876 0.078703 
3050.553326 0.078372 
3051.517775 0.078163 
3052.482224 0.078193 
3053.446674 0.078223 
3054.411123 0.078141 
3055.375572 0.078246 
3056.340022 0.078616 
3057.304471 0.078282 
3058.268921 0.077864 
3059.233370 0.077937 
3060.197819 0.078060 
3061.162269 0.078049 
3062.126718 0.077978 
3063.091167 0.077857 
3064.055617 0.078148 
3065.020066 0.078413 
3065.984515 0.078104 
3066.948965 0.077976 
3067.913414 0.077775 
3068.877864 0.077686 
3069.842313 0.077757 
3070.806762 0.077773 
3071.771212 0.077785 
3072.735661 0.077781 
3073.700110 0.077862 
3074.664560 0.077904 
3075.629009 0.077889 
3076.593458 0.077802 
3077.557908 0.077970 
3078.522357 0.078166 
3079.486806 0.078324 
3080.451256 0.078279 
3081.415705 0.078187 
3082.380155 0.078322 
3083.344604 0.078204 
3084.309053 0.077873 
3085.273503 0.077535 
3086.237952 0.077483 
3087.202401 0.077704 
3088.166851 0.077738 
3089.131300 0.077668 
3090.095749 0.077640 
3091.060199 0.077610 
3092.024648 0.077580 
3092.989098 0.077580 
3093.953547 0.077645 
3094.917996 0.077504 
3095.882446 0.077703 
3096.846895 0.077933 
3097.811344 0.077770 
3098.775794 0.077733 
3099.740243 0.077759 
3100.704692 0.077605 
3101.669142 0.077455 
3102.633591 0.077296 
3103.598040 0.077137 
3104.562490 0.076890 
3105.526939 0.076910 
3106.491389 0.077116 
3107.455838 0.077353 
3108.420287 0.077340 
3109.384737 0.077229 
3110.349186 0.077281 
3111.313635 0.077276 
3112.278085 0.077314 
3113.242534 0.077239 
3114.206983 0.077179 
3115.171433 0.077390 
3116.135882 0.077751 
3117.100332 0.077619 
3118.064781 0.077660 
3119.029230 0.077926 
3119.993680 0.077497 
3120.958129 0.077047 
3121.922578 0.077170 
3122.887028 0.077509 
3123.851477 0.077219 
3124.815926 0.077047 
3125.780376 0.077099 
3126.744825 0.077198 
3127.709274 0.077188 
3128.673724 0.077081 
3129.638173 0.076948 
3130.602623 0.076809 
3131.567072 0.076773 
3132.531521 0.076977 
3133.495971 0.077331 
3134.460420 0.077154 
3135.424869 0.077068 
3136.389319 0.077177 
3137.353768 0.077211 
3138.318217 0.077163 
3139.282667 0.077080 
3140.247116 0.077018 
3141.211566 0.077083 
3142.176015 0.077144 
3143.140464 0.077160 
3144.104914 0.077102 
3145.069363 0.077084 
3146.033812 0.077142 
3146.998262 0.077189 
3147.962711 0.077251 
3148.927160 0.077420 
3149.891610 0.077568 
3150.856059 0.077687 
3151.820508 0.077742 
3152.784958 0.077754 
3153.749407 0.077741 
3154.713857 0.077727 
3155.678306 0.077781 
3156.642755 0.077821 
3157.607205 0.077800 
3158.571654 0.077792 
3159.536103 0.077831 
3160.500553 0.077903 
3161.465002 0.077964 
3162.429451 0.078062 
3163.393901 0.078087 
3164.358350 0.078148 
3165.322800 0.078314 
3166.287249 0.078430 
3167.251698 0.078438 
3168.216148 0.078569 
3169.180597 0.078673 
3170.145046 0.078793 
3171.109496 0.078878 
3172.073945 0.078893 
3173.038394 0.078965 
3174.002844 0.079042 
3174.967293 0.079030 
3175.931742 0.079070 
3176.896192 0.079024 
3177.860641 0.079226 
3178.825091 0.079409 
3179.789540 0.079201 
3180.753989 0.079145 
3181.718439 0.079251 
3182.682888 0.079342 
3183.647337 0.079288 
3184.611787 0.079364 
3185.576236 0.079480 
3186.540685 0.079451 
3187.505135 0.079500 
3188.469584 0.079544 
3189.434034 0.079552 
3190.398483 0.079658 
3191.362932 0.079811 
3192.327382 0.079836 
3193.291831 0.079775 
3194.256280 0.079769 
3195.220730 0.079840 
3196.185179 0.079922 
3197.149628 0.079973 
3198.114078 0.080155 
3199.078527 0.080082 
3200.042976 0.079966 
3201.007426 0.079856 
3201.971875 0.079762 
3202.936325 0.079822 
3203.900774 0.079824 
3204.865223 0.079689 
3205.829673 0.079543 
3206.794122 0.079503 
3207.758571 0.079563 
3208.723021 0.079601 
3209.687470 0.079761 
3210.651919 0.079754 
3211.616369 0.079559 
3212.580818 0.079408 
3213.545268 0.079322 
3214.509717 0.079471 
3215.474166 0.079450 
3216.438616 0.079414 
3217.403065 0.079326 
3218.367514 0.079213 
3219.331964 0.079431 
3220.296413 0.079534 
3221.260862 0.079235 
3222.225312 0.079074 
3223.189761 0.078978 
3224.154210 0.078927 
3225.118660 0.079043 
3226.083109 0.079180 
3227.047559 0.079387 
3228.012008 0.079455 
3228.976457 0.079196 
3229.940907 0.079226 
3230.905356 0.079276 
3231.869805 0.079161 
3232.834255 0.078992 
3233.798704 0.078748 
3234.763153 0.078575 
3235.727603 0.078569 
3236.692052 0.078632 
3237.656502 0.078565 
3238.620951 0.078434 
3239.585400 0.078511 
3240.549850 0.078582 
3241.514299 0.078484 
3242.478748 0.078421 
3243.443198 0.078415 
3244.407647 0.078626 
3245.372096 0.078958 
3246.336546 0.078719 
3247.300995 0.078469 
3248.265444 0.078452 
3249.229894 0.078452 
3250.194343 0.078474 
3251.158793 0.078486 
3252.123242 0.078536 
3253.087691 0.078701 
3254.052141 0.079091 
3255.016590 0.079017 
3255.981039 0.078650 
3256.945489 0.078744 
3257.909938 0.078798 
3258.874387 0.078704 
3259.838837 0.078697 
3260.803286 0.078746 
3261.767736 0.078579 
3262.732185 0.078646 
3263.696634 0.078778 
3264.661084 0.078886 
3265.625533 0.078977 
3266.589982 0.078933 
3267.554432 0.078878 
3268.518881 0.079009 
3269.483330 0.079173 
3270.447780 0.079313 
3271.412229 0.079295 
3272.376678 0.079298 
3273.341128 0.079651 
3274.305577 0.079882 
3275.270027 0.079662 
3276.234476 0.079986 
3277.198925 0.080037 
3278.163375 0.079691 
3279.127824 0.079644 
3280.092273 0.079616 
3281.056723 0.079522 
3282.021172 0.079684 
3282.985621 0.080243 
3283.950071 0.080551 
3284.914520 0.080207 
3285.878970 0.079950 
3286.843419 0.079973 
3287.807868 0.080061 
3288.772318 0.080334 
3289.736767 0.080478 
3290.701216 0.080592 
3291.665666 0.080789 
3292.630115 0.080801 
3293.594564 0.080800 
3294.559014 0.080586 
3295.523463 0.080458 
3296.487912 0.080503 
3297.452362 0.080864 
3298.416811 0.081064 
3299.381261 0.080948 
3300.345710 0.080918 
3301.310159 0.080878 
3302.274609 0.080900 
3303.239058 0.081050 
3304.203507 0.081002 
3305.167957 0.080949 
3306.132406 0.081001 
3307.096855 0.081054 
3308.061305 0.081442 
3309.025754 0.081844 
3309.990204 0.081809 
3310.954653 0.081729 
3311.919102 0.081382 
3312.883552 0.081323 
3313.848001 0.081343 
3314.812450 0.081103 
3315.776900 0.081064 
3316.741349 0.081223 
3317.705798 0.081210 
3318.670248 0.081072 
3319.634697 0.080939 
3320.599146 0.080912 
3321.563596 0.080903 
3322.528045 0.080927 
3323.492495 0.081099 
3324.456944 0.081325 
3325.421393 0.081345 
3326.385843 0.081455 
3327.350292 0.081597 
3328.314741 0.081392 
3329.279191 0.081241 
3330.243640 0.081255 
3331.208089 0.081118 
3332.172539 0.080994 
3333.136988 0.081027 
3334.101438 0.081594 
3335.065887 0.081923 
3336.030336 0.081940 
3336.994786 0.082344 
3337.959235 0.081574 
3338.923684 0.080699 
3339.888134 0.080691 
3340.852583 0.080804 
3341.817032 0.080859 
3342.781482 0.080661 
3343.745931 0.080405 
3344.710380 0.080371 
3345.674830 0.080479 
3346.639279 0.080502 
3347.603729 0.080622 
3348.568178 0.080754 
3349.532627 0.080689 
3350.497077 0.080551 
3351.461526 0.080514 
3352.425975 0.080481 
3353.390425 0.080456 
3354.354874 0.080654 
3355.319323 0.081332 
3356.283773 0.081690 
3357.248222 0.081279 
3358.212672 0.080735 
3359.177121 0.080679 
3360.141570 0.080792 
3361.106020 0.081058 
3362.070469 0.081522 
3363.034918 0.080983 
3363.999368 0.080633 
3364.963817 0.080866 
3365.928266 0.080893 
3366.892716 0.081070 
3367.857165 0.081551 
3368.821614 0.081368 
3369.786064 0.080847 
3370.750513 0.080497 
3371.714963 0.080412 
3372.679412 0.080485 
3373.643861 0.080593 
3374.608311 0.080795 
3375.572760 0.080825 
3376.537209 0.080624 
3377.501659 0.080662 
3378.466108 0.080939 
3379.430557 0.080958 
3380.395007 0.080798 
3381.359456 0.080737 
3382.323906 0.080944 
3383.288355 0.081457 
3384.252804 0.081957 
3385.217254 0.081950 
3386.181703 0.081568 
3387.146152 0.081329 
3388.110602 0.081323 
3389.075051 0.081469 
3390.039500 0.081591 
3391.003950 0.081863 
3391.968399 0.082868 
3392.932848 0.084154 
3393.897298 0.083208 
3394.861747 0.081968 
3395.826197 0.082092 
3396.790646 0.083328 
3397.755095 0.083896 
3398.719545 0.082783 
3399.683994 0.082402 
3400.648443 0.082715 
3401.612893 0.082808 
3402.577342 0.082435 
3403.541791 0.082651 
3404.506241 0.082760 
3405.470690 0.082605 
3406.435140 0.082724 
3407.399589 0.082910 
3408.364038 0.082830 
3409.328488 0.082850 
3410.292937 0.083007 
3411.257386 0.083204 
3412.221836 0.083314 
3413.186285 0.083409 
3414.150734 0.083381 
3415.115184 0.083323 
3416.079633 0.083424 
3417.044082 0.083307 
3418.008532 0.083395 
3418.972981 0.084204 
3419.937431 0.085875 
3420.901880 0.086711 
3421.866329 0.085876 
3422.830779 0.085368 
3423.795228 0.084746 
3424.759677 0.084037 
3425.724127 0.083796 
3426.688576 0.084010 
3427.653025 0.084256 
3428.617475 0.084292 
3429.581924 0.084081 
3430.546374 0.084270 
3431.510823 0.084588 
3432.475272 0.084697 
3433.439722 0.084667 
3434.404171 0.084301 
3435.368620 0.084311 
3436.333070 0.084725 
3437.297519 0.084693 
3438.261968 0.084621 
3439.226418 0.084493 
3440.190867 0.084179 
3441.155316 0.084335 
3442.119766 0.085704 
3443.084215 0.086433 
3444.048665 0.085216 
3445.013114 0.085353 
3445.977563 0.086284 
3446.942013 0.088840 
3447.906462 0.088752 
3448.870911 0.085446 
3449.835361 0.084059 
3450.799810 0.083786 
3451.764259 0.083828 
3452.728709 0.083876 
3453.693158 0.083844 
3454.657608 0.083749 
3455.622057 0.084094 
3456.586506 0.084223 
3457.550956 0.084150 
3458.515405 0.084609 
3459.479854 0.084848 
3460.444304 0.084991 
3461.408753 0.085260 
3462.373202 0.085724 
3463.337652 0.085554 
3464.302101 0.084307 
3465.266550 0.084131 
3466.231000 0.084905 
3467.195449 0.085742 
3468.159899 0.084596 
3469.124348 0.083648 
3470.088797 0.083839 
3471.053247 0.084204 
3472.017696 0.083865 
3472.982145 0.083785 
3473.946595 0.084218 
3474.911044 0.085091 
3475.875493 0.084521 
3476.839943 0.083579 
3477.804392 0.083441 
3478.768842 0.083853 
3479.733291 0.085481 
3480.697740 0.087513 
3481.662190 0.087515 
3482.626639 0.087300 
3483.591088 0.085613 
3484.555538 0.084840 
3485.519987 0.085247 
3486.484436 0.085116 
3487.448886 0.085706 
3488.413335 0.087026 
3489.377784 0.085283 
3490.342234 0.084304 
3491.306683 0.084561 
3492.271133 0.084136 
3493.235582 0.083821 
3494.200031 0.084180 
3495.164481 0.085168 
3496.128930 0.086007 
3497.093379 0.085761 
3498.057829 0.084431 
3499.022278 0.084415 
3499.986727 0.085825 
3500.951177 0.088222 
3501.915626 0.092117 
3502.880076 0.093796 
3503.844525 0.091841 
3504.808974 0.088539 
3505.773424 0.086061 
3506.737873 0.084734 
3507.702322 0.084970 
3508.666772 0.088384 
3509.631221 0.092764 
3510.595670 0.090037 
3511.560120 0.086740 
3512.524569 0.085692 
3513.489018 0.085263 
3514.453468 0.084933 
3515.417917 0.084781 
3516.382367 0.085100 
3517.346816 0.086037 
3518.311265 0.086460 
3519.275715 0.086616 
3520.240164 0.086076 
3521.204613 0.086033 
3522.169063 0.088994 
3523.133512 0.095794 
3524.097961 0.097636 
3525.062411 0.094742 
3526.026860 0.092592 
3526.991310 0.092958 
3527.955759 0.093426 
3528.920208 0.092185 
3529.884658 0.090481 
3530.849107 0.089787 
3531.813556 0.089418 
3532.778006 0.087577 
3533.742455 0.087037 
3534.706904 0.087815 
3535.671354 0.091937 
3536.635803 0.095989 
3537.600252 0.092028 
3538.564702 0.088514 
3539.529151 0.088467 
3540.493601 0.088673 
3541.458050 0.088954 
3542.422499 0.089930 
3543.386949 0.092349 
3544.351398 0.096633 
3545.315847 0.102553 
3546.280297 0.102825 
3547.244746 0.101616 
3548.209195 0.096729 
3549.173645 0.092673 
3550.138094 0.092309 
3551.102544 0.092893 
3552.066993 0.095860 
3553.031442 0.098037 
3553.995892 0.097594 
3554.960341 0.095063 
3555.924790 0.093087 
3556.889240 0.093240 
3557.853689 0.093648 
3558.818138 0.094274 
3559.782588 0.097018 
3560.747037 0.098541 
3561.711486 0.096118 
3562.675936 0.095226 
3563.640385 0.094946 
3564.604835 0.096360 
3565.569284 0.103787 
3566.533733 0.113924 
3567.498183 0.111082 
3568.462632 0.107505 
3569.427081 0.099310 
3570.391531 0.095601 
3571.355980 0.094390 
3572.320429 0.092746 
3573.284879 0.092459 
3574.249328 0.092495 
3575.213778 0.092446 
3576.178227 0.091993 
3577.142676 0.092462 
3578.107126 0.092134 
3579.071575 0.092431 
3580.036024 0.094609 
3581.000474 0.094341 
3581.964923 0.092494 
3582.929372 0.092299 
3583.893822 0.092907 
3584.858271 0.093130 
3585.822720 0.094658 
3586.787170 0.103236 
3587.751619 0.105724 
3588.716069 0.102659 
3589.680518 0.096606 
3590.644967 0.092540 
3591.609417 0.091641 
3592.573866 0.092575 
3593.538315 0.095128 
3594.502765 0.094377 
3595.467214 0.097128 
3596.431663 0.096225 
3597.396113 0.092530 
3598.360562 0.093046 
3599.325012 0.093490 
3600.289461 0.092418 
3601.253910 0.093358 
3602.218360 0.093528 
3603.182809 0.093345 
3604.147258 0.092071 
3605.111708 0.091335 
3606.076157 0.091678 
3607.040606 0.096581 
3608.005056 0.096741 
3608.969505 0.095436 
3609.933954 0.097055 
3610.898404 0.092741 
3611.862853 0.091804 
3612.827303 0.095850 
3613.791752 0.095696 
3614.756201 0.096308 
3615.720651 0.094095 
3616.685100 0.090064 
3617.649549 0.091739 
3618.613999 0.092029 
3619.578448 0.091546 
3620.542897 0.092728 
3621.507347 0.091436 
3622.471796 0.089576 
3623.436246 0.088748 
3624.400695 0.088380 
3625.365144 0.088584 
3626.329594 0.089900 
3627.294043 0.087363 
3628.258492 0.086305 
3629.222942 0.094527 
3630.187391 0.094575 
3631.151840 0.090985 
3632.116290 0.088926 
3633.080739 0.088306 
3634.045188 0.090242 
3635.009638 0.089373 
3635.974087 0.087833 
3636.938537 0.087180 
3637.902986 0.087088 
3638.867435 0.087426 
3639.831885 0.087464 
3640.796334 0.087845 
3641.760783 0.089024 
3642.725233 0.089897 
3643.689682 0.088506 
3644.654131 0.087398 
3645.618581 0.086876 
3646.583030 0.087249 
3647.547480 0.089582 
3648.511929 0.087521 
3649.476378 0.087119 
3650.440828 0.088065 
3651.405277 0.089309 
3652.369726 0.088373 
3653.334176 0.087531 
3654.298625 0.086584 
3655.263074 0.084698 
3656.227524 0.086142 
3657.191973 0.087976 
3658.156422 0.087020 
3659.120872 0.087091 
3660.085321 0.087360 
3661.049771 0.087009 
3662.014220 0.086556 
3662.978669 0.086550 
3663.943119 0.086508 
3664.907568 0.086612 
3665.872017 0.086676 
3666.836467 0.085922 
3667.800916 0.083688 
3668.765365 0.083771 
3669.729815 0.083832 
3670.694264 0.085217 
3671.658714 0.086959 
3672.623163 0.085821 
3673.587612 0.083599 
3674.552062 0.078951 
3675.516511 0.080628 
3676.480960 0.085938 
3677.445410 0.087523 
3678.409859 0.086106 
3679.374308 0.086126 
3680.338758 0.087249 
3681.303207 0.086925 
3682.267656 0.086752 
3683.232106 0.086675 
3684.196555 0.087050 
3685.161005 0.087254 
3686.125454 0.086399 
3687.089903 0.083444 
3688.054353 0.079002 
3689.018802 0.082754 
3689.983251 0.082784 
3690.947701 0.084693 
3691.912150 0.087248 
3692.876599 0.087282 
3693.841049 0.087897 
3694.805498 0.087826 
3695.769948 0.087717 
3696.734397 0.088513 
3697.698846 0.088147 
3698.663296 0.087947 
3699.627745 0.087977 
3700.592194 0.086145 
3701.556644 0.086489 
3702.521093 0.088418 
3703.485542 0.087430 
3704.449992 0.087294 
3705.414441 0.088027 
3706.378890 0.088576 
3707.343340 0.087412 
3708.307789 0.084422 
3709.272239 0.083624 
3710.236688 0.086140 
3711.201137 0.085036 
3712.165587 0.087006 
3713.130036 0.089874 
3714.094485 0.089992 
3715.058935 0.091424 
3716.023384 0.089778 
3716.987833 0.087825 
3717.952283 0.087197 
3718.916732 0.089535 
3719.881182 0.090194 
3720.845631 0.087522 
3721.810080 0.088816 
3722.774530 0.095321 
3723.738979 0.093673 
3724.703428 0.093741 
3725.667878 0.096044 
3726.632327 0.096868 
3727.596776 0.095668 
3728.561226 0.090842 
3729.525675 0.088757 
3730.490124 0.086666 
3731.454574 0.082021 
3732.419023 0.083051 
3733.383473 0.085815 
3734.347922 0.090793 
3735.312371 0.104825 
3736.276821 0.099158 
3737.241270 0.092455 
3738.205719 0.089546 
3739.170169 0.089871 
3740.134618 0.089189 
3741.099067 0.090504 
3742.063517 0.089297 
3743.027966 0.084316 
3743.992416 0.078875 
3744.956865 0.089718 
3745.921314 0.088828 
3746.885764 0.088506 
3747.850213 0.086029 
3748.814662 0.078709 
3749.779112 0.080916 
3750.743561 0.082303 
3751.708010 0.080865 
3752.672460 0.087202 
3753.636909 0.088852 
3754.601358 0.088353 
3755.565808 0.086343 
3756.530257 0.087047 
3757.494707 0.088360 
3758.459156 0.087972 
3759.423605 0.088183 
3760.388055 0.087663 
3761.352504 0.086887 
3762.316953 0.087589 
3763.281403 0.087935 
3764.245852 0.087305 
3765.210301 0.087204 
3766.174751 0.090393 
3767.139200 0.089562 
3768.103650 0.087106 
3769.068099 0.083763 
3770.032548 0.085760 
3770.996998 0.088534 
3771.961447 0.088796 
3772.925896 0.088296 
3773.890346 0.087980 
3774.854795 0.087785 
3775.819244 0.087660 
3776.783694 0.087485 
3777.748143 0.086585 
3778.712592 0.084186 
3779.677042 0.085784 
3780.641491 0.087739 
3781.605941 0.088026 
3782.570390 0.088220 
3783.534839 0.087348 
3784.499289 0.088270 
3785.463738 0.090152 
3786.428187 0.090159 
3787.392637 0.089394 
3788.357086 0.088642 
3789.321535 0.088598 
3790.285985 0.088206 
3791.250434 0.087825 
3792.214884 0.087877 
3793.179333 0.087989 
3794.143782 0.087686 
3795.108232 0.086025 
3796.072681 0.084740 
3797.037130 0.087659 
3798.001580 0.089381 
3798.966029 0.088166 
3799.930478 0.083807 
3800.894928 0.078326 
3801.859377 0.081225 
3802.823826 0.086435 
3803.788276 0.087962 
3804.752725 0.087064 
3805.717175 0.083478 
3806.681624 0.080840 
3807.646073 0.085600 
3808.610523 0.087119 
3809.574972 0.087968 
3810.539421 0.088383 
3811.503871 0.088409 
3812.468320 0.088347 
3813.432769 0.087913 
3814.397219 0.085510 
3815.361668 0.079725 
3816.326118 0.083040 
3817.290567 0.086971 
3818.255016 0.088015 
3819.219466 0.086789 
3820.183915 0.081347 
3821.148364 0.080755 
3822.112814 0.087057 
3823.077263 0.088873 
3824.041712 0.089355 
3825.006162 0.088643 
3825.970611 0.087545 
3826.935060 0.088580 
3827.899510 0.089568 
3828.863959 0.089347 
3829.828409 0.088114 
3830.792858 0.085739 
3831.757307 0.086871 
3832.721757 0.088292 
3833.686206 0.086729 
3834.650655 0.086463 
3835.615105 0.087941 
3836.579554 0.084059 
3837.544003 0.081840 
3838.508453 0.087312 
3839.472902 0.088944 
3840.437352 0.091316 
3841.401801 0.091615 
3842.366250 0.088998 
3843.330700 0.089048 
3844.295149 0.091723 
3845.259598 0.090773 
3846.224048 0.090041 
3847.188497 0.089790 
3848.152946 0.089745 
3849.117396 0.090520 
3850.081845 0.090507 
3851.046294 0.087300 
3852.010744 0.084978 
3852.975193 0.082627 
3853.939643 0.083139 
3854.904092 0.089821 
3855.868541 0.089583 
3856.832991 0.091397 
3857.797440 0.093127 
3858.761889 0.091063 
3859.726339 0.089960 
3860.690788 0.089234 
3861.655237 0.090493 
3862.619687 0.091448 
3863.584136 0.089543 
3864.548586 0.090134 
3865.513035 0.092960 
3866.477484 0.091750 
3867.441934 0.090138 
3868.406383 0.088588 
3869.370832 0.089319 
3870.335282 0.095434 
3871.299731 0.095184 
3872.264180 0.092010 
3873.228630 0.090007 
3874.193079 0.092174 
3875.157528 0.091867 
3876.121978 0.090422 
3877.086427 0.090404 
3878.050877 0.089981 
3879.015326 0.088382 
3879.979775 0.092076 
3880.944225 0.099893 
3881.908674 0.095407 
3882.873123 0.093873 
3883.837573 0.094975 
3884.802022 0.091737 
3885.766471 0.094665 
3886.730921 0.095656 
3887.695370 0.091713 
3888.659820 0.090622 
3889.624269 0.089305 
3890.588718 0.088595 
3891.553168 0.094151 
3892.517617 0.094738 
3893.482066 0.093982 
3894.446516 0.095317 
3895.410965 0.093065 
3896.375414 0.091461 
3897.339864 0.091953 
3898.304313 0.093212 
3899.268762 0.097243 
3900.233212 0.096233 
3901.197661 0.094264 
3902.162111 0.101432 
3903.126560 0.097690 
3904.091009 0.096559 
3905.055459 0.100527 
3906.019908 0.099933 
3906.984357 0.095630 
3907.948807 0.091836 
3908.913256 0.091170 
3909.877705 0.090983 
3910.842155 0.090965 
3911.806604 0.091087 
3912.771054 0.091466 
3913.735503 0.091668 
3914.699952 0.091750 
3915.664402 0.093172 
3916.628851 0.098584 
3917.593300 0.100280 
3918.557750 0.094638 
3919.522199 0.094122 
3920.486648 0.096798 
3921.451098 0.093883 
3922.415547 0.092692 
3923.379996 0.095646 
3924.344446 0.099907 
3925.308895 0.099585 
3926.273345 0.094926 
3927.237794 0.092609 
3928.202243 0.092693 
3929.166693 0.093310 
3930.131142 0.095848 
3931.095591 0.097728 
3932.060041 0.100918 
3933.024490 0.101583 
3933.988939 0.097086 
3934.953389 0.094514 
3935.917838 0.092831 
3936.882288 0.092626 
3937.846737 0.093698 
3938.811186 0.094565 
3939.775636 0.093876 
3940.740085 0.093447 
3941.704534 0.094831 
3942.668984 0.101018 
3943.633433 0.101568 
3944.597882 0.096955 
3945.562332 0.094658 
3946.526781 0.095322 
3947.491230 0.100267 
3948.455680 0.101057 
3949.420129 0.099093 
3950.384579 0.098975 
3951.349028 0.095502 
3952.313477 0.093542 
3953.277927 0.093760 
3954.242376 0.093793 
3955.206825 0.094160 
3956.171275 0.095102 
3957.135724 0.095990 
3958.100173 0.095738 
3959.064623 0.095105 
3960.029072 0.095095 
3960.993522 0.096444 
3961.957971 0.099422 
3962.922420 0.097673 
3963.886870 0.094605 
3964.851319 0.094260 
3965.815768 0.093544 
3966.780218 0.093039 
3967.744667 0.093515 
3968.709116 0.095564 
3969.673566 0.096245 
3970.638015 0.094474 
3971.602464 0.094427 
3972.566914 0.095269 
3973.531363 0.094636 
3974.495813 0.095438 
3975.460262 0.097480 
3976.424711 0.097497 
3977.389161 0.094749 
3978.353610 0.093176 
3979.318059 0.093498 
3980.282509 0.094074 
3981.246958 0.094104 
3982.211407 0.094261 
3983.175857 0.093809 
3984.140306 0.093324 
3985.104756 0.093542 
3986.069205 0.093574 
3987.033654 0.093324 
3987.998104 0.093515 
3988.962553 0.094529 
3989.927002 0.096591 
3990.891452 0.097436 
3991.855901 0.095636 
3992.820350 0.094310 
3993.784800 0.094296 
3994.749249 0.095066 
3995.713698 0.095116 
3996.678148 0.093894 
3997.642597 0.093552 
3998.607047 0.093656 
3999.571496 0.093736 
4000.535945 0.093729 