##YUNITS=Abs
399.282035 0.205194 
400.246484 0.205559 
401.210934 0.197282 
402.175383 0.191629 
403.139832 0.189084 
404.104282 0.191260 
405.068731 0.191867 
406.033181 0.188724 
406.997630 0.182686 
407.962079 0.180293 
408.926529 0.181211 
409.890978 0.176111 
410.855427 0.170083 
411.819877 0.166757 
412.784326 0.163493 
413.748775 0.157613 
414.713225 0.154167 
415.677674 0.152969 
416.642124 0.151222 
417.606573 0.144051 
418.571022 0.124262 
419.535472 0.119678 
420.499921 0.129016 
421.464370 0.138407 
422.428820 0.147032 
423.393269 0.148938 
424.357718 0.143798 
425.322168 0.140348 
426.286617 0.138922 
427.251066 0.140313 
428.215516 0.141567 
429.179965 0.144623 
430.144415 0.145776 
431.108864 0.143705 
432.073313 0.147136 
433.037763 0.152413 
434.002212 0.156163 
434.966661 0.159020 
435.931111 0.162320 
436.895560 0.166647 
437.860009 0.168194 
438.824459 0.172066 
439.788908 0.177428 
440.753358 0.180554 
441.717807 0.179498 
442.682256 0.187384 
443.646706 0.194914 
444.611155 0.196672 
445.575604 0.200980 
446.540054 0.204211 
447.504503 0.204640 
448.468952 0.203891 
449.433402 0.203219 
450.397851 0.201063 
451.362300 0.196790 
452.326750 0.193052 
453.291199 0.189076 
454.255649 0.185382 
455.220098 0.184100 
456.184547 0.178338 
457.148997 0.172106 
458.113446 0.174542 
459.077895 0.177112 
460.042345 0.176788 
461.006794 0.177521 
461.971243 0.175525 
462.935693 0.172446 
463.900142 0.170829 
464.864592 0.169487 
465.829041 0.171572 
466.793490 0.175613 
467.757940 0.184145 
468.722389 0.190260 
469.686838 0.190782 
470.651288 0.192672 
471.615737 0.192699 
472.580186 0.194646 
473.544636 0.204531 
474.509085 0.207818 
475.473534 0.207687 
476.437984 0.207117 
477.402433 0.205866 
478.366883 0.204122 
479.331332 0.201211 
480.295781 0.198842 
481.260231 0.197524 
482.224680 0.193223 
483.189129 0.185981 
484.153579 0.179083 
485.118028 0.176684 
486.082477 0.172949 
487.046927 0.164084 
488.011376 0.156359 
488.975826 0.149426 
489.940275 0.140742 
490.904724 0.132789 
491.869174 0.125782 
492.833623 0.118377 
493.798072 0.113041 
494.762522 0.107957 
495.726971 0.102148 
496.691420 0.097885 
497.655870 0.094408 
498.620319 0.091974 
499.584768 0.090236 
500.549218 0.087519 
501.513667 0.084157 
502.478117 0.080558 
503.442566 0.079770 
504.407015 0.078818 
505.371465 0.076229 
506.335914 0.072992 
507.300363 0.071114 
508.264813 0.071641 
509.229262 0.071700 
510.193711 0.072014 
511.158161 0.071504 
512.122610 0.069970 
513.087060 0.069498 
514.051509 0.069214 
515.015958 0.068201 
515.980408 0.066952 
516.944857 0.066242 
517.909306 0.066926 
518.873756 0.068167 
519.838205 0.069208 
520.802654 0.069453 
521.767104 0.070502 
522.731553 0.071794 
523.696002 0.073617 
524.660452 0.075433 
525.624901 0.075469 
526.589351 0.080429 
527.553800 0.085921 
528.518249 0.089730 
529.482699 0.092576 
530.447148 0.095616 
531.411597 0.097289 
532.376047 0.098011 
533.340496 0.098808 
534.304945 0.098200 
535.269395 0.095104 
536.233844 0.089630 
537.198294 0.084740 
538.162743 0.081328 
539.127192 0.078281 
540.091642 0.075556 
541.056091 0.073149 
542.020540 0.071690 
542.984990 0.071125 
543.949439 0.069861 
544.913888 0.067797 
545.878338 0.066505 
546.842787 0.066483 
547.807236 0.066655 
548.771686 0.066232 
549.736135 0.067220 
550.700585 0.069183 
551.665034 0.071856 
552.629483 0.075655 
553.593933 0.079652 
554.558382 0.081913 
555.522831 0.081071 
556.487281 0.077796 
557.451730 0.073621 
558.416179 0.070419 
559.380629 0.068272 
560.345078 0.067205 
561.309528 0.066469 
562.273977 0.065938 
563.238426 0.065625 
564.202876 0.066173 
565.167325 0.066652 
566.131774 0.066488 
567.096224 0.065628 
568.060673 0.065860 
569.025122 0.065986 
569.989572 0.066272 
570.954021 0.066725 
571.918470 0.066087 
572.882920 0.064762 
573.847369 0.063622 
574.811819 0.062931 
575.776268 0.062158 
576.740717 0.061038 
577.705167 0.059963 
578.669616 0.058897 
579.634065 0.057824 
580.598515 0.057281 
581.562964 0.056124 
582.527413 0.055024 
583.491863 0.054270 
584.456312 0.054169 
585.420762 0.053966 
586.385211 0.053196 
587.349660 0.052551 
588.314110 0.052150 
589.278559 0.052338 
590.243008 0.052009 
591.207458 0.051063 
592.171907 0.051107 
593.136356 0.051914 
594.100806 0.052380 
595.065255 0.052594 
596.029704 0.053254 
596.994154 0.053779 
597.958603 0.054348 
598.923053 0.055257 
599.887502 0.056914 
600.851951 0.057813 
601.816401 0.058259 
602.780850 0.059130 
603.745299 0.059927 
604.709749 0.060472 
605.674198 0.060673 
606.638647 0.061480 
607.603097 0.062421 
608.567546 0.063635 
609.531996 0.065674 
610.496445 0.068859 
611.460894 0.073005 
612.425344 0.078088 
613.389793 0.085000 
614.354242 0.092577 
615.318692 0.098448 
616.283141 0.103889 
617.247590 0.110309 
618.212040 0.112618 
619.176489 0.112389 
620.140938 0.114703 
621.105388 0.117928 
622.069837 0.120927 
623.034287 0.124624 
623.998736 0.129518 
624.963185 0.133965 
625.927635 0.136936 
626.892084 0.139569 
627.856533 0.143661 
628.820983 0.148935 
629.785432 0.152422 
630.749881 0.152042 
631.714331 0.143820 
632.678780 0.126789 
633.643230 0.106869 
634.607679 0.091244 
635.572128 0.081294 
636.536578 0.074566 
637.501027 0.069585 
638.465476 0.066321 
639.429926 0.065073 
640.394375 0.063894 
641.358824 0.063017 
642.323274 0.063105 
643.287723 0.062794 
644.252172 0.062042 
645.216622 0.063222 
646.181071 0.064729 
647.145521 0.064955 
648.109970 0.066504 
649.074419 0.068163 
650.038869 0.067657 
651.003318 0.068179 
651.967767 0.069095 
652.932217 0.069160 
653.896666 0.069982 
654.861115 0.070746 
655.825565 0.071874 
656.790014 0.073663 
657.754464 0.074088 
658.718913 0.075409 
659.683362 0.076888 
660.647812 0.077040 
661.612261 0.077302 
662.576710 0.077519 
663.541160 0.077938 
664.505609 0.078665 
665.470058 0.079141 
666.434508 0.080045 
667.398957 0.087263 
668.363406 0.121622 
669.327856 0.106595 
670.292305 0.092126 
671.256755 0.086803 
672.221204 0.086348 
673.185653 0.087325 
674.150103 0.089643 
675.114552 0.091684 
676.079001 0.093538 
677.043451 0.094312 
678.007900 0.095385 
678.972349 0.097972 
679.936799 0.100882 
680.901248 0.104054 
681.865698 0.107062 
682.830147 0.109981 
683.794596 0.112607 
684.759046 0.115824 
685.723495 0.118821 
686.687944 0.123166 
687.652394 0.128003 
688.616843 0.133775 
689.581292 0.138739 
690.545742 0.143169 
691.510191 0.147788 
692.474640 0.152767 
693.439090 0.157375 
694.403539 0.162266 
695.367989 0.167845 
696.332438 0.174822 
697.296887 0.182509 
698.261337 0.189987 
699.225786 0.196638 
700.190235 0.203798 
701.154685 0.212261 
702.119134 0.221854 
703.083583 0.232017 
704.048033 0.242664 
705.012482 0.253170 
705.976932 0.264568 
706.941381 0.277630 
707.905830 0.292934 
708.870280 0.309837 
709.834729 0.327635 
710.799178 0.346429 
711.763628 0.368139 
712.728077 0.393344 
713.692526 0.420960 
714.656976 0.449737 
715.621425 0.481578 
716.585874 0.518522 
717.550324 0.559837 
718.514773 0.604709 
719.479223 0.654761 
720.443672 0.711713 
721.408121 0.770778 
722.372571 0.833548 
723.337020 0.907318 
724.301469 0.991652 
725.265919 1.089118 
726.230368 1.201124 
727.194817 1.333270 
728.159267 1.490830 
729.123716 1.679359 
730.088166 1.910948 
731.052615 2.252042 
732.017064 2.579987 
732.981514 2.431531 
733.945963 2.281047 
734.910412 2.213685 
735.874862 2.155966 
736.839311 2.154923 
737.803760 2.162426 
738.768210 2.166102 
739.732659 2.163967 
740.697108 2.167897 
741.661558 2.169027 
742.626007 2.166282 
743.590457 2.149217 
744.554906 2.166640 
745.519355 2.179421 
746.483805 2.183192 
747.448254 2.180247 
748.412703 2.188303 
749.377153 2.178228 
750.341602 2.170131 
751.306051 2.165595 
752.270501 2.169829 
753.234950 2.163667 
754.199400 2.165704 
755.163849 2.163536 
756.128298 2.158797 
757.092748 2.150213 
758.057197 2.156160 
759.021646 2.151860 
759.986096 2.153528 
760.950545 2.153231 
761.914994 2.158654 
762.879444 2.155717 
763.843893 2.160042 
764.808342 2.159019 
765.772792 2.159192 
766.737241 2.161040 
767.701691 2.165217 
768.666140 2.165002 
769.630589 2.170465 
770.595039 2.162119 
771.559488 2.155072 
772.523937 2.160062 
773.488387 2.173052 
774.452836 2.174930 
775.417285 2.182608 
776.381735 2.181319 
777.346184 2.179661 
778.310634 2.163775 
779.275083 2.154435 
780.239532 2.159539 
781.203982 2.153508 
782.168431 2.155375 
783.132880 2.169213 
784.097330 2.167267 
785.061779 2.174385 
786.026228 2.173529 
786.990678 2.166000 
787.955127 2.159872 
788.919576 2.159178 
789.884026 2.160064 
790.848475 2.168181 
791.812925 2.169552 
792.777374 2.174722 
793.741823 2.174707 
794.706273 2.165618 
795.670722 2.158799 
796.635171 2.164525 
797.599621 2.160480 
798.564070 2.158577 
799.528519 2.161867 
800.492969 2.162954 
801.457418 2.166521 
802.421868 2.165884 
803.386317 2.160568 
804.350766 2.174832 
805.315216 2.173292 
806.279665 2.169832 
807.244114 2.166497 
808.208564 2.171342 
809.173013 2.171375 
810.137462 2.168471 
811.101912 2.172174 
812.066361 2.189982 
813.030810 2.229558 
813.995260 2.329505 
814.959709 2.489179 
815.924159 2.492698 
816.888608 2.124464 
817.853057 1.862476 
818.817507 1.653404 
819.781956 1.484929 
820.746405 1.340621 
821.710855 1.220134 
822.675304 1.114387 
823.639753 1.022158 
824.604203 0.940849 
825.568652 0.867513 
826.533102 0.802717 
827.497551 0.746161 
828.462000 0.692288 
829.426450 0.645399 
830.390899 0.605573 
831.355348 0.567364 
832.319798 0.531791 
833.284247 0.503488 
834.248696 0.477649 
835.213146 0.449316 
836.177595 0.422956 
837.142044 0.404380 
838.106494 0.389573 
839.070943 0.372819 
840.035393 0.355044 
840.999842 0.342423 
841.964291 0.336362 
842.928741 0.332309 
843.893190 0.323303 
844.857639 0.305296 
845.822089 0.283068 
846.786538 0.265471 
847.750987 0.252682 
848.715437 0.240157 
849.679886 0.226546 
850.644336 0.214743 
851.608785 0.207101 
852.573234 0.203191 
853.537684 0.199433 
854.502133 0.193741 
855.466582 0.185979 
856.431032 0.178375 
857.395481 0.173324 
858.359930 0.171896 
859.324380 0.172494 
860.288829 0.172693 
861.253278 0.171323 
862.217728 0.168690 
863.182177 0.164812 
864.146627 0.160073 
865.111076 0.156319 
866.075525 0.154707 
867.039975 0.153673 
868.004424 0.151667 
868.968873 0.147946 
869.933323 0.143205 
870.897772 0.138422 
871.862221 0.134945 
872.826671 0.133059 
873.791120 0.131903 
874.755570 0.130257 
875.720019 0.127428 
876.684468 0.123430 
877.648918 0.118784 
878.613367 0.114321 
879.577816 0.111099 
880.542266 0.109613 
881.506715 0.110196 
882.471164 0.112043 
883.435614 0.114342 
884.400063 0.116665 
885.364512 0.118951 
886.328962 0.120906 
887.293411 0.123137 
888.257861 0.125472 
889.222310 0.126118 
890.186759 0.123173 
891.151209 0.117837 
892.115658 0.112471 
893.080107 0.108198 
894.044557 0.104479 
895.009006 0.100784 
895.973455 0.096941 
896.937905 0.093358 
897.902354 0.090404 
898.866804 0.088429 
899.831253 0.087550 
900.795702 0.087483 
901.760152 0.087674 
902.724601 0.087933 
903.689050 0.087750 
904.653500 0.087329 
905.617949 0.086708 
906.582398 0.086349 
907.546848 0.085878 
908.511297 0.084263 
909.475746 0.081274 
910.440196 0.078343 
911.404645 0.076680 
912.369095 0.075971 
913.333544 0.075351 
914.297993 0.074478 
915.262443 0.073380 
916.226892 0.072243 
917.191341 0.070886 
918.155791 0.069723 
919.120240 0.069167 
920.084689 0.069523 
921.049139 0.070694 
922.013588 0.072387 
922.978038 0.074509 
923.942487 0.077083 
924.906936 0.079142 
925.871386 0.080324 
926.835835 0.080824 
927.800284 0.081491 
928.764734 0.083074 
929.729183 0.085645 
930.693632 0.088849 
931.658082 0.092595 
932.622531 0.095483 
933.586980 0.095848 
934.551430 0.093315 
935.515879 0.089402 
936.480329 0.086026 
937.444778 0.084086 
938.409227 0.082849 
939.373677 0.081859 
940.338126 0.081154 
941.302575 0.080975 
942.267025 0.081220 
943.231474 0.082204 
944.195923 0.083752 
945.160373 0.085927 
946.124822 0.088539 
947.089272 0.091504 
948.053721 0.094389 
949.018170 0.097233 
949.982620 0.100263 
950.947069 0.103848 
951.911518 0.107818 
952.875968 0.112534 
953.840417 0.118438 
954.804866 0.126020 
955.769316 0.135367 
956.733765 0.146551 
957.698214 0.159123 
958.662664 0.173272 
959.627113 0.188728 
960.591563 0.204389 
961.556012 0.218527 
962.520461 0.229248 
963.484911 0.235862 
964.449360 0.240794 
965.413809 0.246679 
966.378259 0.255674 
967.342708 0.268453 
968.307157 0.284898 
969.271607 0.304161 
970.236056 0.324384 
971.200506 0.341157 
972.164955 0.349383 
973.129404 0.347760 
974.093854 0.341722 
975.058303 0.336190 
976.022752 0.332992 
976.987202 0.331146 
977.951651 0.329515 
978.916100 0.327144 
979.880550 0.324099 
980.844999 0.319979 
981.809448 0.315015 
982.773898 0.308825 
983.738347 0.301651 
984.702797 0.294002 
985.667246 0.286839 
986.631695 0.280225 
987.596145 0.274492 
988.560594 0.269646 
989.525043 0.266216 
990.489493 0.263943 
991.453942 0.262865 
992.418391 0.263098 
993.382841 0.265232 
994.347290 0.269282 
995.311740 0.275068 
996.276189 0.282259 
997.240638 0.290815 
998.205088 0.300125 
999.169537 0.310141 
1000.133986 0.319943 
1001.098436 0.329059 
1002.062885 0.337025 
1003.027334 0.343641 
1003.991784 0.348417 
1004.956233 0.351074 
1005.920682 0.351413 
1006.885132 0.349635 
1007.849581 0.345605 
1008.814031 0.339712 
1009.778480 0.332093 
1010.742929 0.323586 
1011.707379 0.314186 
1012.671828 0.304286 
1013.636277 0.293986 
1014.600727 0.283496 
1015.565176 0.272676 
1016.529625 0.261585 
1017.494075 0.249719 
1018.458524 0.236417 
1019.422974 0.221842 
1020.387423 0.208131 
1021.351872 0.196898 
1022.316322 0.190067 
1023.280771 0.188115 
1024.245220 0.187828 
1025.209670 0.181856 
1026.174119 0.168094 
1027.138568 0.152708 
1028.103018 0.141032 
1029.067467 0.133297 
1030.031916 0.128490 
1030.996366 0.125786 
1031.960815 0.124440 
1032.925265 0.122528 
1033.889714 0.119071 
1034.854163 0.114975 
1035.818613 0.112041 
1036.783062 0.110784 
1037.747511 0.111007 
1038.711961 0.112408 
1039.676410 0.114933 
1040.640859 0.118468 
1041.605309 0.122844 
1042.569758 0.127593 
1043.534208 0.132406 
1044.498657 0.136948 
1045.463106 0.141291 
1046.427556 0.145196 
1047.392005 0.149073 
1048.356454 0.153165 
1049.320904 0.157868 
1050.285353 0.162854 
1051.249802 0.168064 
1052.214252 0.173685 
1053.178701 0.180284 
1054.143150 0.187736 
1055.107600 0.195804 
1056.072049 0.204114 
1057.036499 0.212703 
1058.000948 0.221463 
1058.965397 0.230297 
1059.929847 0.239013 
1060.894296 0.248063 
1061.858745 0.257541 
1062.823195 0.267684 
1063.787644 0.277755 
1064.752093 0.286970 
1065.716543 0.293922 
1066.680992 0.297565 
1067.645442 0.296186 
1068.609891 0.289378 
1069.574340 0.277689 
1070.538790 0.262870 
1071.503239 0.246503 
1072.467688 0.230142 
1073.432138 0.214701 
1074.396587 0.200854 
1075.361036 0.188509 
1076.325486 0.177632 
1077.289935 0.167993 
1078.254384 0.159599 
1079.218834 0.152199 
1080.183283 0.145803 
1081.147733 0.140332 
1082.112182 0.136048 
1083.076631 0.132788 
1084.041081 0.130591 
1085.005530 0.129113 
1085.969979 0.128122 
1086.934429 0.127227 
1087.898878 0.126320 
1088.863327 0.125313 
1089.827777 0.124434 
1090.792226 0.123761 
1091.756676 0.123408 
1092.721125 0.123458 
1093.685574 0.124158 
1094.650024 0.125495 
1095.614473 0.127649 
1096.578922 0.130621 
1097.543372 0.134223 
1098.507821 0.138428 
1099.472270 0.143266 
1100.436720 0.148305 
1101.401169 0.153338 
1102.365618 0.158069 
1103.330068 0.162286 
1104.294517 0.165587 
1105.258967 0.168066 
1106.223416 0.169822 
1107.187865 0.171317 
1108.152315 0.172693 
1109.116764 0.174301 
1110.081213 0.176036 
1111.045663 0.177790 
1112.010112 0.179329 
1112.974561 0.180736 
1113.939011 0.181674 
1114.903460 0.182309 
1115.867910 0.182657 
1116.832359 0.182774 
1117.796808 0.181664 
1118.761258 0.178011 
1119.725707 0.171098 
1120.690156 0.162342 
1121.654606 0.153564 
1122.619055 0.146307 
1123.583504 0.140792 
1124.547954 0.136826 
1125.512403 0.133850 
1126.476852 0.131737 
1127.441302 0.130072 
1128.405751 0.128799 
1129.370201 0.127427 
1130.334650 0.126017 
1131.299099 0.124429 
1132.263549 0.122813 
1133.227998 0.120860 
1134.192447 0.118499 
1135.156897 0.115766 
1136.121346 0.112881 
1137.085795 0.109902 
1138.050245 0.107123 
1139.014694 0.104740 
1139.979144 0.102900 
1140.943593 0.101245 
1141.908042 0.099702 
1142.872492 0.098087 
1143.836941 0.096323 
1144.801390 0.094347 
1145.765840 0.092227 
1146.730289 0.090020 
1147.694738 0.087882 
1148.659188 0.085966 
1149.623637 0.084451 
1150.588086 0.083256 
1151.552536 0.082469 
1152.516985 0.081984 
1153.481435 0.081796 
1154.445884 0.081786 
1155.410333 0.082050 
1156.374783 0.082275 
1157.339232 0.082420 
1158.303681 0.082247 
1159.268131 0.081938 
1160.232580 0.081296 
1161.197029 0.080454 
1162.161479 0.079402 
1163.125928 0.078292 
1164.090378 0.076872 
1165.054827 0.075461 
1166.019276 0.074832 
1166.983726 0.074879 
1167.948175 0.075171 
1168.912624 0.075831 
1169.877074 0.076731 
1170.841523 0.077687 
1171.805972 0.078277 
1172.770422 0.078482 
1173.734871 0.078341 
1174.699320 0.078193 
1175.663770 0.078362 
1176.628219 0.078821 
1177.592669 0.079560 
1178.557118 0.080623 
1179.521567 0.081926 
1180.486017 0.083483 
1181.450466 0.085115 
1182.414915 0.087267 
1183.379365 0.089884 
1184.343814 0.092879 
1185.308263 0.096013 
1186.272713 0.099287 
1187.237162 0.102783 
1188.201612 0.106457 
1189.166061 0.110260 
1190.130510 0.114231 
1191.094960 0.118327 
1192.059409 0.122707 
1193.023858 0.127397 
1193.988308 0.132484 
1194.952757 0.137929 
1195.917206 0.143697 
1196.881656 0.149749 
1197.846105 0.156249 
1198.810554 0.163082 
1199.775004 0.170046 
1200.739453 0.177216 
1201.703903 0.184655 
1202.668352 0.192123 
1203.632801 0.199526 
1204.597251 0.206648 
1205.561700 0.213737 
1206.526149 0.220639 
1207.490599 0.227714 
1208.455048 0.234807 
1209.419497 0.242095 
1210.383947 0.249119 
1211.348396 0.255957 
1212.312846 0.262489 
1213.277295 0.268867 
1214.241744 0.275273 
1215.206194 0.282153 
1216.170643 0.289123 
1217.135092 0.295625 
1218.099542 0.300968 
1219.063991 0.304954 
1220.028440 0.306978 
1220.992890 0.306534 
1221.957339 0.302772 
1222.921788 0.296478 
1223.886238 0.288638 
1224.850687 0.280413 
1225.815137 0.272237 
1226.779586 0.264753 
1227.744035 0.258180 
1228.708485 0.252955 
1229.672934 0.248879 
1230.637383 0.245942 
1231.601833 0.244054 
1232.566282 0.243144 
1233.530731 0.243071 
1234.495181 0.244035 
1235.459630 0.245786 
1236.424080 0.248550 
1237.388529 0.252192 
1238.352978 0.256981 
1239.317428 0.262585 
1240.281877 0.269171 
1241.246326 0.276395 
1242.210776 0.284196 
1243.175225 0.291986 
1244.139674 0.300050 
1245.104124 0.308312 
1246.068573 0.316230 
1247.033022 0.323395 
1247.997472 0.329907 
1248.961921 0.335283 
1249.926371 0.339580 
1250.890820 0.343106 
1251.855269 0.346181 
1252.819719 0.348193 
1253.784168 0.348389 
1254.748617 0.345478 
1255.713067 0.340011 
1256.677516 0.332459 
1257.641965 0.323603 
1258.606415 0.312969 
1259.570864 0.300686 
1260.535314 0.286718 
1261.499763 0.272256 
1262.464212 0.256587 
1263.428662 0.240298 
1264.393111 0.223982 
1265.357560 0.208379 
1266.322010 0.194171 
1267.286459 0.181816 
1268.250908 0.171299 
1269.215358 0.162602 
1270.179807 0.154727 
1271.144256 0.147137 
1272.108706 0.140264 
1273.073155 0.134622 
1274.037605 0.128856 
1275.002054 0.123404 
1275.966503 0.118338 
1276.930953 0.113819 
1277.895402 0.109537 
1278.859851 0.105731 
1279.824301 0.102176 
1280.788750 0.098888 
1281.753199 0.095660 
1282.717649 0.092692 
1283.682098 0.089667 
1284.646548 0.087010 
1285.610997 0.084428 
1286.575446 0.082172 
1287.539896 0.080266 
1288.504345 0.078606 
1289.468794 0.076887 
1290.433244 0.075709 
1291.397693 0.074460 
1292.362142 0.073543 
1293.326592 0.072892 
1294.291041 0.072474 
1295.255490 0.072082 
1296.219940 0.071980 
1297.184389 0.071637 
1298.148839 0.071254 
1299.113288 0.070966 
1300.077737 0.070840 
1301.042187 0.070784 
1302.006636 0.071047 
1302.971085 0.071509 
1303.935535 0.072445 
1304.899984 0.073891 
1305.864433 0.075962 
1306.828883 0.078659 
1307.793332 0.082131 
1308.757782 0.086226 
1309.722231 0.090520 
1310.686680 0.093850 
1311.651130 0.094975 
1312.615579 0.093101 
1313.580028 0.089390 
1314.544478 0.086258 
1315.508927 0.083149 
1316.473376 0.080070 
1317.437826 0.077485 
1318.402275 0.074370 
1319.366724 0.072435 
1320.331174 0.072213 
1321.295623 0.072239 
1322.260073 0.071691 
1323.224522 0.071682 
1324.188971 0.071657 
1325.153421 0.071744 
1326.117870 0.071877 
1327.082319 0.072093 
1328.046769 0.072046 
1329.011218 0.071818 
1329.975667 0.071341 
1330.940117 0.071005 
1331.904566 0.070763 
1332.869016 0.070990 
1333.833465 0.071454 
1334.797914 0.072588 
1335.762364 0.074272 
1336.726813 0.077257 
1337.691262 0.079207 
1338.655712 0.078261 
1339.620161 0.075836 
1340.584610 0.074215 
1341.549060 0.075093 
1342.513509 0.076621 
1343.477958 0.078811 
1344.442408 0.082242 
1345.406857 0.086490 
1346.371307 0.090049 
1347.335756 0.089773 
1348.300205 0.084679 
1349.264655 0.077541 
1350.229104 0.073360 
1351.193553 0.071576 
1352.158003 0.070800 
1353.122452 0.070655 
1354.086901 0.070871 
1355.051351 0.071837 
1356.015800 0.073911 
1356.980250 0.075885 
1357.944699 0.078122 
1358.909148 0.079944 
1359.873598 0.081414 
1360.838047 0.082163 
1361.802496 0.082079 
1362.766946 0.080068 
1363.731395 0.083289 
1364.695844 0.086524 
1365.660294 0.087009 
1366.624743 0.086459 
1367.589192 0.084649 
1368.553642 0.081985 
1369.518091 0.082072 
1370.482541 0.082137 
1371.446990 0.081104 
1372.411439 0.079002 
1373.375889 0.074444 
1374.340338 0.070292 
1375.304787 0.071267 
1376.269237 0.075476 
1377.233686 0.077158 
1378.198135 0.077147 
1379.162585 0.076603 
1380.127034 0.076330 
1381.091484 0.076531 
1382.055933 0.076999 
1383.020382 0.077488 
1383.984832 0.077905 
1384.949281 0.077767 
1385.913730 0.075892 
1386.878180 0.071829 
1387.842629 0.071294 
1388.807078 0.074833 
1389.771528 0.075580 
1390.735977 0.075488 
1391.700426 0.074965 
1392.664876 0.073607 
1393.629325 0.068995 
1394.593775 0.062591 
1395.558224 0.063464 
1396.522673 0.067877 
1397.487123 0.069289 
1398.451572 0.064244 
1399.416021 0.061197 
1400.380471 0.067344 
1401.344920 0.070067 
1402.309369 0.070296 
1403.273819 0.069523 
1404.238268 0.065997 
1405.202718 0.063775 
1406.167167 0.067784 
1407.131616 0.069302 
1408.096066 0.069407 
1409.060515 0.069041 
1410.024964 0.068978 
1410.989414 0.068919 
1411.953863 0.069036 
1412.918312 0.069685 
1413.882762 0.070842 
1414.847211 0.071469 
1415.811660 0.072009 
1416.776110 0.071727 
1417.740559 0.070366 
1418.705009 0.063190 
1419.669458 0.063924 
1420.633907 0.076968 
1421.598357 0.081484 
1422.562806 0.080122 
1423.527255 0.074455 
1424.491705 0.076270 
1425.456154 0.081488 
1426.420603 0.083141 
1427.385053 0.084517 
1428.349502 0.084813 
1429.313952 0.080908 
1430.278401 0.079662 
1431.242850 0.085531 
1432.207300 0.086438 
1433.171749 0.085500 
1434.136198 0.083784 
1435.100648 0.080529 
1436.065097 0.071536 
1437.029546 0.068141 
1437.993996 0.077021 
1438.958445 0.082094 
1439.922894 0.084359 
1440.887344 0.087148 
1441.851793 0.090025 
1442.816243 0.095019 
1443.780692 0.101641 
1444.745141 0.111932 
1445.709591 0.124611 
1446.674040 0.139138 
1447.638489 0.154694 
1448.602939 0.181717 
1449.567388 0.194847 
1450.531837 0.198958 
1451.496287 0.199556 
1452.460736 0.196992 
1453.425186 0.177213 
1454.389635 0.145648 
1455.354084 0.112461 
1456.318534 0.086047 
1457.282983 0.063523 
1458.247432 0.061419 
1459.211882 0.072573 
1460.176331 0.084800 
1461.140780 0.090103 
1462.105230 0.091623 
1463.069679 0.091284 
1464.034128 0.084683 
1464.998578 0.080043 
1465.963027 0.092260 
1466.927477 0.095305 
1467.891926 0.091736 
1468.856375 0.087848 
1469.820825 0.084527 
1470.785274 0.077465 
1471.749723 0.061506 
1472.714173 0.053875 
1473.678622 0.065825 
1474.643071 0.077625 
1475.607521 0.076718 
1476.571970 0.077835 
1477.536420 0.086616 
1478.500869 0.090242 
1479.465318 0.091901 
1480.429768 0.091290 
1481.394217 0.091469 
1482.358666 0.096116 
1483.323116 0.099457 
1484.287565 0.101382 
1485.252014 0.102955 
1486.216464 0.100509 
1487.180913 0.094235 
1488.145362 0.099573 
1489.109812 0.101526 
1490.074261 0.095474 
1491.038711 0.107777 
1492.003160 0.123103 
1492.967609 0.130324 
1493.932059 0.134611 
1494.896508 0.134425 
1495.860957 0.127297 
1496.825407 0.135254 
1497.789856 0.143232 
1498.754305 0.144494 
1499.718755 0.160190 
1500.683204 0.171405 
1501.647654 0.177954 
1502.612103 0.184923 
1503.576552 0.189091 
1504.541002 0.184405 
1505.505451 0.164101 
1506.469900 0.144537 
1507.434350 0.178644 
1508.398799 0.205258 
1509.363248 0.223043 
1510.327698 0.239609 
1511.292147 0.246251 
1512.256596 0.251211 
1513.221046 0.262105 
1514.185495 0.267584 
1515.149945 0.270171 
1516.114394 0.267313 
1517.078843 0.259312 
1518.043293 0.281035 
1519.007742 0.293455 
1519.972191 0.288830 
1520.936641 0.275632 
1521.901090 0.281560 
1522.865539 0.301747 
1523.829989 0.321316 
1524.794438 0.324788 
1525.758888 0.333530 
1526.723337 0.347412 
1527.687786 0.355068 
1528.652236 0.366258 
1529.616685 0.383284 
1530.581134 0.395272 
1531.545584 0.404658 
1532.510033 0.406560 
1533.474482 0.406748 
1534.438932 0.440863 
1535.403381 0.467086 
1536.367830 0.484621 
1537.332280 0.494172 
1538.296729 0.488609 
1539.261179 0.473956 
1540.225628 0.509979 
1541.190077 0.540816 
1542.154527 0.562617 
1543.118976 0.594478 
1544.083425 0.612030 
1545.047875 0.627705 
1546.012324 0.647630 
1546.976773 0.659615 
1547.941223 0.665503 
1548.905672 0.666522 
1549.870122 0.663490 
1550.834571 0.666962 
1551.799020 0.665385 
1552.763470 0.658321 
1553.727919 0.643282 
1554.692368 0.627052 
1555.656818 0.620682 
1556.621267 0.606466 
1557.585716 0.570590 
1558.550166 0.511708 
1559.514615 0.501542 
1560.479064 0.518290 
1561.443514 0.525319 
1562.407963 0.519748 
1563.372413 0.505067 
1564.336862 0.483102 
1565.301311 0.464531 
1566.265761 0.458986 
1567.230210 0.448263 
1568.194659 0.430069 
1569.159109 0.400766 
1570.123558 0.391676 
1571.088007 0.401030 
1572.052457 0.400245 
1573.016906 0.394385 
1573.981356 0.386961 
1574.945805 0.373253 
1575.910254 0.349606 
1576.874704 0.352966 
1577.839153 0.368155 
1578.803602 0.373963 
1579.768052 0.374146 
1580.732501 0.372500 
1581.696950 0.369931 
1582.661400 0.366947 
1583.625849 0.363352 
1584.590298 0.358714 
1585.554748 0.353186 
1586.519197 0.346659 
1587.483647 0.339064 
1588.448096 0.330246 
1589.412545 0.320221 
1590.376995 0.309979 
1591.341444 0.299710 
1592.305893 0.289116 
1593.270343 0.277858 
1594.234792 0.263813 
1595.199241 0.252300 
1596.163691 0.242422 
1597.128140 0.232008 
1598.092590 0.221546 
1599.057039 0.210453 
1600.021488 0.199096 
1600.985938 0.187322 
1601.950387 0.177306 
1602.914836 0.167120 
1603.879286 0.159131 
1604.843735 0.153582 
1605.808184 0.146209 
1606.772634 0.137066 
1607.737083 0.130895 
1608.701532 0.124974 
1609.665982 0.118208 
1610.630431 0.117491 
1611.594881 0.115246 
1612.559330 0.111112 
1613.523779 0.106293 
1614.488229 0.099961 
1615.452678 0.087086 
1616.417127 0.063557 
1617.381577 0.066568 
1618.346026 0.081793 
1619.310475 0.086127 
1620.274925 0.085038 
1621.239374 0.081644 
1622.203824 0.072240 
1623.168273 0.055945 
1624.132722 0.060329 
1625.097172 0.071205 
1626.061621 0.072087 
1627.026070 0.063760 
1627.990520 0.055550 
1628.954969 0.063440 
1629.919418 0.067653 
1630.883868 0.067315 
1631.848317 0.065710 
1632.812766 0.063296 
1633.777216 0.055396 
1634.741665 0.033548 
1635.706115 0.015854 
1636.670564 0.034009 
1637.635013 0.041542 
1638.599463 0.053482 
1639.563912 0.057912 
1640.528361 0.057901 
1641.492811 0.057837 
1642.457260 0.056987 
1643.421709 0.056190 
1644.386159 0.051702 
1645.350608 0.037250 
1646.315058 0.019426 
1647.279507 0.017074 
1648.243956 0.025887 
1649.208406 0.043153 
1650.172855 0.047825 
1651.137304 0.039153 
1652.101754 0.014986 
1653.066203 -0.038882 
1654.030652 -0.006171 
1654.995102 0.031477 
1655.959551 0.046533 
1656.924000 0.051090 
1657.888450 0.052701 
1658.852899 0.052941 
1659.817349 0.052569 
1660.781798 0.050217 
1661.746247 0.042447 
1662.710697 0.031799 
1663.675146 0.041115 
1664.639595 0.050071 
1665.604045 0.052316 
1666.568494 0.052035 
1667.532943 0.047381 
1668.497393 0.033213 
1669.461842 0.024898 
1670.426292 0.035401 
1671.390741 0.037444 
1672.355190 0.045489 
1673.319640 0.050406 
1674.284089 0.043393 
1675.248538 0.031257 
1676.212988 0.043948 
1677.177437 0.052397 
1678.141886 0.054025 
1679.106336 0.051008 
1680.070785 0.046112 
1681.035234 0.047836 
1681.999684 0.045194 
1682.964133 0.027727 
1683.928583 -0.009559 
1684.893032 0.001377 
1685.857481 0.035170 
1686.821931 0.046904 
1687.786380 0.048744 
1688.750829 0.048055 
1689.715279 0.046574 
1690.679728 0.048961 
1691.644177 0.054262 
1692.608627 0.055383 
1693.573076 0.054232 
1694.537526 0.046509 
1695.501975 0.029271 
1696.466424 0.032183 
1697.430874 0.046558 
1698.395323 0.051592 
1699.359772 0.041102 
1700.324222 0.016690 
1701.288671 0.062834 
1702.253120 0.082210 
1703.217570 0.090302 
1704.182019 0.091761 
1705.146468 0.098393 
1706.110918 0.103186 
1707.075367 0.120019 
1708.039817 0.139504 
1709.004266 0.149406 
1709.968715 0.156429 
1710.933165 0.169183 
1711.897614 0.183880 
1712.862063 0.194732 
1713.826513 0.201211 
1714.790962 0.209090 
1715.755411 0.226196 
1716.719861 0.227613 
1717.684310 0.209755 
1718.648760 0.208164 
1719.613209 0.215706 
1720.577658 0.210568 
1721.542108 0.198315 
1722.506557 0.184173 
1723.471006 0.167831 
1724.435456 0.153669 
1725.399905 0.139405 
1726.364354 0.124142 
1727.328804 0.110656 
1728.293253 0.099733 
1729.257702 0.087059 
1730.222152 0.075838 
1731.186601 0.074312 
1732.151051 0.068489 
1733.115500 0.051886 
1734.079949 0.030106 
1735.044399 0.044787 
1736.008848 0.058475 
1736.973297 0.061321 
1737.937747 0.059328 
1738.902196 0.050803 
1739.866645 0.039631 
1740.831095 0.049418 
1741.795544 0.055112 
1742.759994 0.050813 
1743.724443 0.049544 
1744.688892 0.053432 
1745.653342 0.052610 
1746.617791 0.048590 
1747.582240 0.043887 
1748.546690 0.040287 
1749.511139 0.045276 
1750.475588 0.046856 
1751.440038 0.044432 
1752.404487 0.051303 
1753.368936 0.054176 
1754.333386 0.054608 
1755.297835 0.052788 
1756.262285 0.047765 
1757.226734 0.046763 
1758.191183 0.051625 
1759.155633 0.052973 
1760.120082 0.051845 
1761.084531 0.044788 
1762.048981 0.041047 
1763.013430 0.049391 
1763.977879 0.053505 
1764.942329 0.054316 
1765.906778 0.054345 
1766.871228 0.052415 
1767.835677 0.048465 
1768.800126 0.048424 
1769.764576 0.047700 
1770.729025 0.037042 
1771.693474 0.021017 
1772.657924 0.018896 
1773.622373 0.036827 
1774.586822 0.043981 
1775.551272 0.044010 
1776.515721 0.047007 
1777.480170 0.049743 
1778.444620 0.049741 
1779.409069 0.047410 
1780.373519 0.042332 
1781.337968 0.044846 
1782.302417 0.049332 
1783.266867 0.049699 
1784.231316 0.048391 
1785.195765 0.048679 
1786.160215 0.049851 
1787.124664 0.050120 
1788.089113 0.050030 
1789.053563 0.049732 
1790.018012 0.047218 
1790.982462 0.041690 
1791.946911 0.033932 
1792.911360 0.033166 
1793.875810 0.044749 
1794.840259 0.048353 
1795.804708 0.047836 
1796.769158 0.050000 
1797.733607 0.051566 
1798.698056 0.047316 
1799.662506 0.042105 
1800.626955 0.047407 
1801.591404 0.051273 
1802.555854 0.052025 
1803.520303 0.053510 
1804.484753 0.053829 
1805.449202 0.053808 
1806.413651 0.054005 
1807.378101 0.053473 
1808.342550 0.053594 
1809.306999 0.052319 
1810.271449 0.047278 
1811.235898 0.047970 
1812.200347 0.052624 
1813.164797 0.054157 
1814.129246 0.054407 
1815.093696 0.054326 
1816.058145 0.054284 
1817.022594 0.054193 
1817.987044 0.054336 
1818.951493 0.054071 
1819.915942 0.054013 
1820.880392 0.053911 
1821.844841 0.053816 
1822.809290 0.053583 
1823.773740 0.052108 
1824.738189 0.046961 
1825.702638 0.047752 
1826.667088 0.052755 
1827.631537 0.052748 
1828.595987 0.045854 
1829.560436 0.035095 
1830.524885 0.040971 
1831.489335 0.050940 
1832.453784 0.053889 
1833.418233 0.054499 
1834.382683 0.054254 
1835.347132 0.053838 
1836.311581 0.052561 
1837.276031 0.051565 
1838.240480 0.053359 
1839.204930 0.054600 
1840.169379 0.054775 
1841.133828 0.054755 
1842.098278 0.054213 
1843.062727 0.049213 
1844.027176 0.039474 
1844.991626 0.044949 
1845.956075 0.052612 
1846.920524 0.053519 
1847.884974 0.052962 
1848.849423 0.054906 
1849.813872 0.055712 
1850.778322 0.055750 
1851.742771 0.055682 
1852.707221 0.055822 
1853.671670 0.056129 
1854.636119 0.056435 
1855.600569 0.056539 
1856.565018 0.056672 
1857.529467 0.056636 
1858.493917 0.056580 
1859.458366 0.056695 
1860.422815 0.056828 
1861.387265 0.056800 
1862.351714 0.056463 
1863.316164 0.056069 
1864.280613 0.055766 
1865.245062 0.054042 
1866.209512 0.050673 
1867.173961 0.046772 
1868.138410 0.042736 
1869.102860 0.041377 
1870.067309 0.047572 
1871.031758 0.052960 
1871.996208 0.054099 
1872.960657 0.054111 
1873.925106 0.054009 
1874.889556 0.053866 
1875.854005 0.053556 
1876.818455 0.053238 
1877.782904 0.052981 
1878.747353 0.052878 
1879.711803 0.052597 
1880.676252 0.052180 
1881.640701 0.051921 
1882.605151 0.051736 
1883.569600 0.051090 
1884.534049 0.050481 
1885.498499 0.051113 
1886.462948 0.051676 
1887.427398 0.051616 
1888.391847 0.049549 
1889.356296 0.045481 
1890.320746 0.047766 
1891.285195 0.051325 
1892.249644 0.051979 
1893.214094 0.051905 
1894.178543 0.050444 
1895.142992 0.048664 
1896.107442 0.050074 
1897.071891 0.051634 
1898.036340 0.051801 
1899.000790 0.051852 
1899.965239 0.051883 
1900.929689 0.052065 
1901.894138 0.052183 
1902.858587 0.052216 
1903.823037 0.051788 
1904.787486 0.051822 
1905.751935 0.052194 
1906.716385 0.051897 
1907.680834 0.050796 
1908.645283 0.050341 
1909.609733 0.049072 
1910.574182 0.049508 
1911.538632 0.051145 
1912.503081 0.051435 
1913.467530 0.051292 
1914.431980 0.051230 
1915.396429 0.051106 
1916.360878 0.050173 
1917.325328 0.046304 
1918.289777 0.044718 
1919.254226 0.049175 
1920.218676 0.050989 
1921.183125 0.050585 
1922.147574 0.048268 
1923.112024 0.046858 
1924.076473 0.049209 
1925.040923 0.050735 
1926.005372 0.050750 
1926.969821 0.050586 
1927.934271 0.050573 
1928.898720 0.050532 
1929.863169 0.050459 
1930.827619 0.050515 
1931.792068 0.050611 
1932.756517 0.050783 
1933.720967 0.050985 
1934.685416 0.051217 
1935.649866 0.051416 
1936.614315 0.051618 
1937.578764 0.051778 
1938.543214 0.051826 
1939.507663 0.051846 
1940.472112 0.051712 
1941.436562 0.049826 
1942.401011 0.046187 
1943.365460 0.048208 
1944.329910 0.050629 
1945.294359 0.050054 
1946.258808 0.049844 
1947.223258 0.050900 
1948.187707 0.051811 
1949.152157 0.052113 
1950.116606 0.052195 
1951.081055 0.052192 
1952.045505 0.052352 
1953.009954 0.052458 
1953.974403 0.052385 
1954.938853 0.052135 
1955.903302 0.052344 
1956.867751 0.052733 
1957.832201 0.053000 
1958.796650 0.051788 
1959.761100 0.051178 
1960.725549 0.051878 
1961.689998 0.052242 
1962.654448 0.052530 
1963.618897 0.052685 
1964.583346 0.052800 
1965.547796 0.052419 
1966.512245 0.051457 
1967.476694 0.051287 
1968.441144 0.052825 
1969.405593 0.053738 
1970.370042 0.053897 
1971.334492 0.053867 
1972.298941 0.053816 
1973.263391 0.053790 
1974.227840 0.053766 
1975.192289 0.053705 
1976.156739 0.053623 
1977.121188 0.053773 
1978.085637 0.053888 
1979.050087 0.053981 
1980.014536 0.054118 
1980.978985 0.054338 
1981.943435 0.054578 
1982.907884 0.054768 
1983.872334 0.054851 
1984.836783 0.054980 
1985.801232 0.055063 
1986.765682 0.055058 
1987.730131 0.054710 
1988.694580 0.054647 
1989.659030 0.054985 
1990.623479 0.054483 
1991.587928 0.052863 
1992.552378 0.053331 
1993.516827 0.055005 
1994.481276 0.055737 
1995.445726 0.056079 
1996.410175 0.056310 
1997.374625 0.056534 
1998.339074 0.056540 
1999.303523 0.056704 
2000.267973 0.057109 
2001.232422 0.057296 
2002.196871 0.057358 
2003.161321 0.057341 
2004.125770 0.057259 
2005.090219 0.057245 
2006.054669 0.057191 
2007.019118 0.057100 
2007.983568 0.056994 
2008.948017 0.056920 
2009.912466 0.056904 
2010.876916 0.056988 
2011.841365 0.056995 
2012.805814 0.057068 
2013.770264 0.057047 
2014.734713 0.057035 
2015.699162 0.056585 
2016.663612 0.055949 
2017.628061 0.056283 
2018.592510 0.056606 
2019.556960 0.056477 
2020.521409 0.056346 
2021.485859 0.056064 
2022.450308 0.055767 
2023.414757 0.055566 
2024.379207 0.055370 
2025.343656 0.055156 
2026.308105 0.055027 
2027.272555 0.055123 
2028.237004 0.055256 
2029.201453 0.054876 
2030.165903 0.054930 
2031.130352 0.055180 
2032.094802 0.055186 
2033.059251 0.055098 
2034.023700 0.054990 
2034.988150 0.054836 
2035.952599 0.054659 
2036.917048 0.054469 
2037.881498 0.054289 
2038.845947 0.054114 
2039.810396 0.053988 
2040.774846 0.053876 
2041.739295 0.053921 
2042.703744 0.053958 
2043.668194 0.053905 
2044.632643 0.054044 
2045.597093 0.054265 
2046.561542 0.054333 
2047.525991 0.054341 
2048.490441 0.054332 
2049.454890 0.054260 
2050.419339 0.054110 
2051.383789 0.053937 
2052.348238 0.053770 
2053.312687 0.053606 
2054.277137 0.053409 
2055.241586 0.053347 
2056.206036 0.053228 
2057.170485 0.053195 
2058.134934 0.053194 
2059.099384 0.053197 
2060.063833 0.053170 
2061.028282 0.053212 
2061.992732 0.053226 
2062.957181 0.053122 
2063.921630 0.052904 
2064.886080 0.052709 
2065.850529 0.052670 
2066.814978 0.052447 
2067.779428 0.052196 
2068.743877 0.052042 
2069.708327 0.051823 
2070.672776 0.051598 
2071.637225 0.051466 
2072.601675 0.051502 
2073.566124 0.051541 
2074.530573 0.051507 
2075.495023 0.051587 
2076.459472 0.051748 
2077.423921 0.051922 
2078.388371 0.051943 
2079.352820 0.051819 
2080.317270 0.051766 
2081.281719 0.051809 
2082.246168 0.051785 
2083.210618 0.051505 
2084.175067 0.051308 
2085.139516 0.051280 
2086.103966 0.051337 
2087.068415 0.051298 
2088.032864 0.051162 
2088.997314 0.051126 
2089.961763 0.051328 
2090.926212 0.051578 
2091.890662 0.051475 
2092.855111 0.051536 
2093.819561 0.051682 
2094.784010 0.051850 
2095.748459 0.051650 
2096.712909 0.051454 
2097.677358 0.051408 
2098.641807 0.051482 
2099.606257 0.051288 
2100.570706 0.050910 
2101.535155 0.050806 
2102.499605 0.050993 
2103.464054 0.051137 
2104.428504 0.050876 
2105.392953 0.050816 
2106.357402 0.051006 
2107.321852 0.051400 
2108.286301 0.051386 
2109.250750 0.051256 
2110.215200 0.051349 
2111.179649 0.051673 
2112.144098 0.051642 
2113.108548 0.051372 
2114.072997 0.051308 
2115.037446 0.051557 
2116.001896 0.051548 
2116.966345 0.051181 
2117.930795 0.051007 
2118.895244 0.051215 
2119.859693 0.051424 
2120.824143 0.051332 
2121.788592 0.051295 
2122.753041 0.051539 
2123.717491 0.051886 
2124.681940 0.051938 
2125.646389 0.051929 
2126.610839 0.052161 
2127.575288 0.052388 
2128.539738 0.052250 
2129.504187 0.052016 
2130.468636 0.051975 
2131.433086 0.052034 
2132.397535 0.051872 
2133.361984 0.051620 
2134.326434 0.051603 
2135.290883 0.051736 
2136.255332 0.051807 
2137.219782 0.051715 
2138.184231 0.051789 
2139.148680 0.051969 
2140.113130 0.052084 
2141.077579 0.052070 
2142.042029 0.052119 
2143.006478 0.052082 
2143.970927 0.052072 
2144.935377 0.052033 
2145.899826 0.052016 
2146.864275 0.051948 
2147.828725 0.051867 
2148.793174 0.051763 
2149.757623 0.051824 
2150.722073 0.051892 
2151.686522 0.051888 
2152.650972 0.051857 
2153.615421 0.051986 
2154.579870 0.052129 
2155.544320 0.052139 
2156.508769 0.052097 
2157.473218 0.052299 
2158.437668 0.052391 
2159.402117 0.052208 
2160.366566 0.052045 
2161.331016 0.052189 
2162.295465 0.052163 
2163.259914 0.051832 
2164.224364 0.051707 
2165.188813 0.051980 
2166.153263 0.051961 
2167.117712 0.051739 
2168.082161 0.051901 
2169.046611 0.052293 
2170.011060 0.052242 
2170.975509 0.052164 
2171.939959 0.052539 
2172.904408 0.052883 
2173.868857 0.052724 
2174.833307 0.052630 
2175.797756 0.052864 
2176.762206 0.052878 
2177.726655 0.052482 
2178.691104 0.052330 
2179.655554 0.052382 
2180.620003 0.052179 
2181.584452 0.051969 
2182.548902 0.052163 
2183.513351 0.052252 
2184.477800 0.052076 
2185.442250 0.052163 
2186.406699 0.052543 
2187.371148 0.052556 
2188.335598 0.052444 
2189.300047 0.052653 
2190.264497 0.052805 
2191.228946 0.052547 
2192.193395 0.052429 
2193.157845 0.052537 
2194.122294 0.052434 
2195.086743 0.052241 
2196.051193 0.052367 
2197.015642 0.052411 
2197.980091 0.052317 
2198.944541 0.052370 
2199.908990 0.052548 
2200.873440 0.052506 
2201.837889 0.052537 
2202.802338 0.052741 
2203.766788 0.052800 
2204.731237 0.052736 
2205.695686 0.052865 
2206.660136 0.052894 
2207.624585 0.052775 
2208.589034 0.052628 
2209.553484 0.052593 
2210.517933 0.052470 
2211.482382 0.052412 
2212.446832 0.052402 
2213.411281 0.052389 
2214.375731 0.052359 
2215.340180 0.052501 
2216.304629 0.052637 
2217.269079 0.052780 
2218.233528 0.052980 
2219.197977 0.053153 
2220.162427 0.053228 
2221.126876 0.053419 
2222.091325 0.053544 
2223.055775 0.053621 
2224.020224 0.053635 
2224.984674 0.053702 
2225.949123 0.053782 
2226.913572 0.053895 
2227.878022 0.054001 
2228.842471 0.054168 
2229.806920 0.054380 
2230.771370 0.054767 
2231.735819 0.055054 
2232.700268 0.055279 
2233.664718 0.055479 
2234.629167 0.055747 
2235.593616 0.055956 
2236.558066 0.056135 
2237.522515 0.056284 
2238.486965 0.056387 
2239.451414 0.056528 
2240.415863 0.056628 
2241.380313 0.056777 
2242.344762 0.056937 
2243.309211 0.057170 
2244.273661 0.057405 
2245.238110 0.057648 
2246.202559 0.057982 
2247.167009 0.058388 
2248.131458 0.058851 
2249.095908 0.059271 
2250.060357 0.059797 
2251.024806 0.060244 
2251.989256 0.060788 
2252.953705 0.061164 
2253.918154 0.061602 
2254.882604 0.061965 
2255.847053 0.062435 
2256.811502 0.062750 
2257.775952 0.063188 
2258.740401 0.063561 
2259.704850 0.064062 
2260.669300 0.064540 
2261.633749 0.065139 
2262.598199 0.065667 
2263.562648 0.066356 
2264.527097 0.066976 
2265.491547 0.067665 
2266.455996 0.068277 
2267.420445 0.068989 
2268.384895 0.069546 
2269.349344 0.070150 
2270.313793 0.070600 
2271.278243 0.071069 
2272.242692 0.071582 
2273.207142 0.072087 
2274.171591 0.072501 
2275.136040 0.073049 
2276.100490 0.073535 
2277.064939 0.074136 
2278.029388 0.074666 
2278.993838 0.075284 
2279.958287 0.075980 
2280.922736 0.076546 
2281.887186 0.077181 
2282.851635 0.077667 
2283.816084 0.078193 
2284.780534 0.078933 
2285.744983 0.079256 
2286.709433 0.079963 
2287.673882 0.080306 
2288.638331 0.080849 
2289.602781 0.081515 
2290.567230 0.081476 
2291.531679 0.082409 
2292.496129 0.082396 
2293.460578 0.083403 
2294.425027 0.083793 
2295.389477 0.084133 
2296.353926 0.085238 
2297.318376 0.084948 
2298.282825 0.086584 
2299.247274 0.086043 
2300.211724 0.087384 
2301.176173 0.087439 
2302.140622 0.087577 
2303.105072 0.088417 
2304.069521 0.087941 
2305.033970 0.090021 
2305.998420 0.089539 
2306.962869 0.092233 
2307.927318 0.091297 
2308.891768 0.093362 
2309.856217 0.092988 
2310.820667 0.094298 
2311.785116 0.094486 
2312.749565 0.094009 
2313.714015 0.094327 
2314.678464 0.092133 
2315.642913 0.092658 
2316.607363 0.092115 
2317.571812 0.093661 
2318.536261 0.093719 
2319.500711 0.095798 
2320.465160 0.095557 
2321.429610 0.097044 
2322.394059 0.095764 
2323.358508 0.096611 
2324.322958 0.094582 
2325.287407 0.093149 
2326.251856 0.091509 
2327.216306 0.091954 
2328.180755 0.091577 
2329.145204 0.092190 
2330.109654 0.092018 
2331.074103 0.092017 
2332.038552 0.090292 
2333.003002 0.088811 
2333.967451 0.086645 
2334.931901 0.085075 
2335.896350 0.085391 
2336.860799 0.085849 
2337.825249 0.083561 
2338.789698 0.083360 
2339.754147 0.084107 
2340.718597 0.084222 
2341.683046 0.084214 
2342.647495 0.085113 
2343.611945 0.086749 
2344.576394 0.088544 
2345.540844 0.088950 
2346.505293 0.087572 
2347.469742 0.085328 
2348.434192 0.084550 
2349.398641 0.085545 
2350.363090 0.087415 
2351.327540 0.087420 
2352.291989 0.086764 
2353.256438 0.085897 
2354.220888 0.087379 
2355.185337 0.088136 
2356.149786 0.087816 
2357.114236 0.087567 
2358.078685 0.088673 
2359.043135 0.088469 
2360.007584 0.087943 
2360.972033 0.087125 
2361.936483 0.087271 
2362.900932 0.086879 
2363.865381 0.086755 
2364.829831 0.086318 
2365.794280 0.085686 
2366.758729 0.084987 
2367.723179 0.084778 
2368.687628 0.084292 
2369.652078 0.083816 
2370.616527 0.083136 
2371.580976 0.082532 
2372.545426 0.081881 
2373.509875 0.081425 
2374.474324 0.080904 
2375.438774 0.080364 
2376.403223 0.079676 
2377.367672 0.078913 
2378.332122 0.077848 
2379.296571 0.076431 
2380.261020 0.074497 
2381.225470 0.072210 
2382.189919 0.069641 
2383.154369 0.067032 
2384.118818 0.064644 
2385.083267 0.062600 
2386.047717 0.060963 
2387.012166 0.059703 
2387.976615 0.058803 
2388.941065 0.058128 
2389.905514 0.057711 
2390.869963 0.057457 
2391.834413 0.057317 
2392.798862 0.057154 
2393.763312 0.057039 
2394.727761 0.056957 
2395.692210 0.056924 
2396.656660 0.056759 
2397.621109 0.056611 
2398.585558 0.056450 
2399.550008 0.056355 
2400.514457 0.056222 
2401.478906 0.056096 
2402.443356 0.055977 
2403.407805 0.055929 
2404.372254 0.055896 
2405.336704 0.055952 
2406.301153 0.055973 
2407.265603 0.055971 
2408.230052 0.055962 
2409.194501 0.056012 
2410.158951 0.055971 
2411.123400 0.055918 
2412.087849 0.055814 
2413.052299 0.055770 
2414.016748 0.055684 
2414.981197 0.055574 
2415.945647 0.055392 
2416.910096 0.055267 
2417.874546 0.055177 
2418.838995 0.055173 
2419.803444 0.055136 
2420.767894 0.055205 
2421.732343 0.055267 
2422.696792 0.055353 
2423.661242 0.055392 
2424.625691 0.055416 
2425.590140 0.055436 
2426.554590 0.055446 
2427.519039 0.055353 
2428.483488 0.055229 
2429.447938 0.055148 
2430.412387 0.055077 
2431.376837 0.054914 
2432.341286 0.054796 
2433.305735 0.054750 
2434.270185 0.054751 
2435.234634 0.054695 
2436.199083 0.054699 
2437.163533 0.054700 
2438.127982 0.054790 
2439.092431 0.054864 
2440.056881 0.054914 
2441.021330 0.054955 
2441.985780 0.054975 
2442.950229 0.054934 
2443.914678 0.054933 
2444.879128 0.054923 
2445.843577 0.054921 
2446.808026 0.054831 
2447.772476 0.054752 
2448.736925 0.054686 
2449.701374 0.054672 
2450.665824 0.054687 
2451.630273 0.054704 
2452.594722 0.054697 
2453.559172 0.054858 
2454.523621 0.055023 
2455.488071 0.055119 
2456.452520 0.055184 
2457.416969 0.055258 
2458.381419 0.055328 
2459.345868 0.055400 
2460.310317 0.055362 
2461.274767 0.055339 
2462.239216 0.055331 
2463.203665 0.055306 
2464.168115 0.055234 
2465.132564 0.055276 
2466.097014 0.055275 
2467.061463 0.055313 
2468.025912 0.055336 
2468.990362 0.055409 
2469.954811 0.055519 
2470.919260 0.055740 
2471.883710 0.055841 
2472.848159 0.055911 
2473.812608 0.056022 
2474.777058 0.056136 
2475.741507 0.056171 
2476.705956 0.056135 
2477.670406 0.056090 
2478.634855 0.055997 
2479.599305 0.055847 
2480.563754 0.055799 
2481.528203 0.055731 
2482.492653 0.055709 
2483.457102 0.055755 
2484.421551 0.055842 
2485.386001 0.055855 
2486.350450 0.055909 
2487.314899 0.056016 
2488.279349 0.056123 
2489.243798 0.056185 
2490.208248 0.056224 
2491.172697 0.056229 
2492.137146 0.056237 
2493.101596 0.056201 
2494.066045 0.056160 
2495.030494 0.056144 
2495.994944 0.056182 
2496.959393 0.056196 
2497.923842 0.056222 
2498.888292 0.056233 
2499.852741 0.056290 
2500.817190 0.056350 
2501.781640 0.056418 
2502.746089 0.056455 
2503.710539 0.056555 
2504.674988 0.056643 
2505.639437 0.056710 
2506.603887 0.056718 
2507.568336 0.056735 
2508.532785 0.056741 
2509.497235 0.056750 
2510.461684 0.056649 
2511.426133 0.056601 
2512.390583 0.056640 
2513.355032 0.056722 
2514.319482 0.056756 
2515.283931 0.056795 
2516.248380 0.056840 
2517.212830 0.056996 
2518.177279 0.057186 
2519.141728 0.057302 
2520.106178 0.057385 
2521.070627 0.057404 
2522.035076 0.057373 
2522.999526 0.057377 
2523.963975 0.057307 
2524.928424 0.057243 
2525.892874 0.057153 
2526.857323 0.057126 
2527.821773 0.057027 
2528.786222 0.057063 
2529.750671 0.057005 
2530.715121 0.057056 
2531.679570 0.057080 
2532.644019 0.057195 
2533.608469 0.057305 
2534.572918 0.057416 
2535.537367 0.057396 
2536.501817 0.057388 
2537.466266 0.057330 
2538.430716 0.057347 
2539.395165 0.057293 
2540.359614 0.057277 
2541.324064 0.057183 
2542.288513 0.057059 
2543.252962 0.056995 
2544.217412 0.057007 
2545.181861 0.057025 
2546.146310 0.057009 
2547.110760 0.057030 
2548.075209 0.057119 
2549.039658 0.057244 
2550.004108 0.057337 
2550.968557 0.057387 
2551.933007 0.057475 
2552.897456 0.057510 
2553.861905 0.057499 
2554.826355 0.057452 
2555.790804 0.057402 
2556.755253 0.057368 
2557.719703 0.057358 
2558.684152 0.057334 
2559.648601 0.057290 
2560.613051 0.057310 
2561.577500 0.057388 
2562.541950 0.057492 
2563.506399 0.057553 
2564.470848 0.057598 
2565.435298 0.057736 
2566.399747 0.057860 
2567.364196 0.057902 
2568.328646 0.057943 
2569.293095 0.058013 
2570.257544 0.058081 
2571.221994 0.058117 
2572.186443 0.058083 
2573.150892 0.058056 
2574.115342 0.058058 
2575.079791 0.058047 
2576.044241 0.058101 
2577.008690 0.058165 
2577.973139 0.058222 
2578.937589 0.058317 
2579.902038 0.058484 
2580.866487 0.058671 
2581.830937 0.058774 
2582.795386 0.058872 
2583.759835 0.059005 
2584.724285 0.059109 
2585.688734 0.059191 
2586.653184 0.059261 
2587.617633 0.059251 
2588.582082 0.059231 
2589.546532 0.059288 
2590.510981 0.059373 
2591.475430 0.059504 
2592.439880 0.059600 
2593.404329 0.059636 
2594.368778 0.059752 
2595.333228 0.059903 
2596.297677 0.060018 
2597.262126 0.060136 
2598.226576 0.060173 
2599.191025 0.060226 
2600.155475 0.060296 
2601.119924 0.060333 
2602.084373 0.060407 
2603.048823 0.060497 
2604.013272 0.060589 
2604.977721 0.060689 
2605.942171 0.060667 
2606.906620 0.060659 
2607.871069 0.060744 
2608.835519 0.060798 
2609.799968 0.060867 
2610.764418 0.060961 
2611.728867 0.061009 
2612.693316 0.061049 
2613.657766 0.061176 
2614.622215 0.061275 
2615.586664 0.061313 
2616.551114 0.061354 
2617.515563 0.061388 
2618.480012 0.061339 
2619.444462 0.061289 
2620.408911 0.061239 
2621.373360 0.061174 
2622.337810 0.061141 
2623.302259 0.061134 
2624.266709 0.061163 
2625.231158 0.061268 
2626.195607 0.061346 
2627.160057 0.061414 
2628.124506 0.061543 
2629.088955 0.061672 
2630.053405 0.061724 
2631.017854 0.061766 
2631.982303 0.061816 
2632.946753 0.061861 
2633.911202 0.061945 
2634.875652 0.062041 
2635.840101 0.062083 
2636.804550 0.062183 
2637.769000 0.062381 
2638.733449 0.062519 
2639.697898 0.062615 
2640.662348 0.062806 
2641.626797 0.063068 
2642.591246 0.063331 
2643.555696 0.063546 
2644.520145 0.063774 
2645.484594 0.063960 
2646.449044 0.064197 
2647.413493 0.064434 
2648.377943 0.064620 
2649.342392 0.064852 
2650.306841 0.065103 
2651.271291 0.065283 
2652.235740 0.065458 
2653.200189 0.065646 
2654.164639 0.065891 
2655.129088 0.066143 
2656.093537 0.066495 
2657.057987 0.066925 
2658.022436 0.067328 
2658.986886 0.067673 
2659.951335 0.067939 
2660.915784 0.068082 
2661.880234 0.068163 
2662.844683 0.068269 
2663.809132 0.068406 
2664.773582 0.068561 
2665.738031 0.068840 
2666.702480 0.069237 
2667.666930 0.069519 
2668.631379 0.069559 
2669.595828 0.069332 
2670.560278 0.068977 
2671.524727 0.068575 
2672.489177 0.068091 
2673.453626 0.067577 
2674.418075 0.067094 
2675.382525 0.066675 
2676.346974 0.066394 
2677.311423 0.066106 
2678.275873 0.065769 
2679.240322 0.065421 
2680.204771 0.065140 
2681.169221 0.064915 
2682.133670 0.064715 
2683.098120 0.064518 
2684.062569 0.064347 
2685.027018 0.064303 
2685.991468 0.064260 
2686.955917 0.064130 
2687.920366 0.063998 
2688.884816 0.063980 
2689.849265 0.063958 
2690.813714 0.063868 
2691.778164 0.063759 
2692.742613 0.063766 
2693.707062 0.063781 
2694.671512 0.063736 
2695.635961 0.063704 
2696.600411 0.063663 
2697.564860 0.063667 
2698.529309 0.063633 
2699.493759 0.063559 
2700.458208 0.063557 
2701.422657 0.063570 
2702.387107 0.063634 
2703.351556 0.063742 
2704.316005 0.063794 
2705.280455 0.063844 
2706.244904 0.063935 
2707.209354 0.063954 
2708.173803 0.063945 
2709.138252 0.063971 
2710.102702 0.063995 
2711.067151 0.063975 
2712.031600 0.063906 
2712.996050 0.063861 
2713.960499 0.063848 
2714.924948 0.063832 
2715.889398 0.063765 
2716.853847 0.063658 
2717.818296 0.063576 
2718.782746 0.063582 
2719.747195 0.063618 
2720.711645 0.063647 
2721.676094 0.063677 
2722.640543 0.063759 
2723.604993 0.063864 
2724.569442 0.064017 
2725.533891 0.064083 
2726.498341 0.064033 
2727.462790 0.064021 
2728.427239 0.064047 
2729.391689 0.064133 
2730.356138 0.064125 
2731.320588 0.064088 
2732.285037 0.064087 
2733.249486 0.064091 
2734.213936 0.064122 
2735.178385 0.064235 
2736.142834 0.064373 
2737.107284 0.064448 
2738.071733 0.064472 
2739.036182 0.064528 
2740.000632 0.064715 
2740.965081 0.064832 
2741.929530 0.064922 
2742.893980 0.065067 
2743.858429 0.065210 
2744.822879 0.065364 
2745.787328 0.065478 
2746.751777 0.065504 
2747.716227 0.065495 
2748.680676 0.065612 
2749.645125 0.065718 
2750.609575 0.065805 
2751.574024 0.065974 
2752.538473 0.066184 
2753.502923 0.066386 
2754.467372 0.066598 
2755.431822 0.066785 
2756.396271 0.066956 
2757.360720 0.067146 
2758.325170 0.067330 
2759.289619 0.067414 
2760.254068 0.067349 
2761.218518 0.067385 
2762.182967 0.067523 
2763.147416 0.067646 
2764.111866 0.067723 
2765.076315 0.067819 
2766.040764 0.068012 
2767.005214 0.068259 
2767.969663 0.068529 
2768.934113 0.068816 
2769.898562 0.069127 
2770.863011 0.069439 
2771.827461 0.069755 
2772.791910 0.070076 
2773.756359 0.070319 
2774.720809 0.070344 
2775.685258 0.070429 
2776.649707 0.070572 
2777.614157 0.070608 
2778.578606 0.070563 
2779.543056 0.070557 
2780.507505 0.070646 
2781.471954 0.070769 
2782.436404 0.070886 
2783.400853 0.070989 
2784.365302 0.071163 
2785.329752 0.071428 
2786.294201 0.071754 
2787.258650 0.072083 
2788.223100 0.072490 
2789.187549 0.072957 
2790.151998 0.073532 
2791.116448 0.074112 
2792.080897 0.074546 
2793.045347 0.074817 
2794.009796 0.074896 
2794.974245 0.074850 
2795.938695 0.074720 
2796.903144 0.074536 
2797.867593 0.074310 
2798.832043 0.074031 
2799.796492 0.073808 
2800.760941 0.073659 
2801.725391 0.073498 
2802.689840 0.073442 
2803.654290 0.073475 
2804.618739 0.073639 
2805.583188 0.073891 
2806.547638 0.074114 
2807.512087 0.074341 
2808.476536 0.074691 
2809.440986 0.074994 
2810.405435 0.075200 
2811.369884 0.075378 
2812.334334 0.075622 
2813.298783 0.075917 
2814.263232 0.076276 
2815.227682 0.076699 
2816.192131 0.077187 
2817.156581 0.077794 
2818.121030 0.078506 
2819.085479 0.079270 
2820.049929 0.080033 
2821.014378 0.080846 
2821.978827 0.081775 
2822.943277 0.082791 
2823.907726 0.083794 
2824.872175 0.084730 
2825.836625 0.085746 
2826.801074 0.086815 
2827.765524 0.087927 
2828.729973 0.089040 
2829.694422 0.090145 
2830.658872 0.091427 
2831.623321 0.092865 
2832.587770 0.094431 
2833.552220 0.096151 
2834.516669 0.098183 
2835.481118 0.100500 
2836.445568 0.103176 
2837.410017 0.106099 
2838.374466 0.109361 
2839.338916 0.113162 
2840.303365 0.117612 
2841.267815 0.122578 
2842.232264 0.128186 
2843.196713 0.134516 
2844.161163 0.141746 
2845.125612 0.149824 
2846.090061 0.158886 
2847.054511 0.168730 
2848.018960 0.179538 
2848.983409 0.191340 
2849.947859 0.204284 
2850.912308 0.218161 
2851.876758 0.233155 
2852.841207 0.248835 
2853.805656 0.264828 
2854.770106 0.279909 
2855.734555 0.292996 
2856.699004 0.302397 
2857.663454 0.307395 
2858.627903 0.307159 
2859.592352 0.302244 
2860.556802 0.293349 
2861.521251 0.282015 
2862.485700 0.269253 
2863.450150 0.256552 
2864.414599 0.244370 
2865.379049 0.232995 
2866.343498 0.222011 
2867.307947 0.211471 
2868.272397 0.201300 
2869.236846 0.191772 
2870.201295 0.182977 
2871.165745 0.175169 
2872.130194 0.168338 
2873.094643 0.162602 
2874.059093 0.157847 
2875.023542 0.154166 
2875.987992 0.151164 
2876.952441 0.148834 
2877.916890 0.146975 
2878.881340 0.145495 
2879.845789 0.144257 
2880.810238 0.143265 
2881.774688 0.142469 
2882.739137 0.141973 
2883.703586 0.141854 
2884.668036 0.142243 
2885.632485 0.143005 
2886.596934 0.144228 
2887.561384 0.145901 
2888.525833 0.148104 
2889.490283 0.150607 
2890.454732 0.153360 
2891.419181 0.156312 
2892.383631 0.159476 
2893.348080 0.162791 
2894.312529 0.166518 
2895.276979 0.170584 
2896.241428 0.175267 
2897.205877 0.180220 
2898.170327 0.185052 
2899.134776 0.189273 
2900.099226 0.193093 
2901.063675 0.196853 
2902.028124 0.201236 
2902.992574 0.206351 
2903.957023 0.212091 
2904.921472 0.217807 
2905.885922 0.222663 
2906.850371 0.225751 
2907.814820 0.227328 
2908.779270 0.228402 
2909.743719 0.230275 
2910.708168 0.233302 
2911.672618 0.238024 
2912.637067 0.244005 
2913.601517 0.251114 
2914.565966 0.259050 
2915.530415 0.267905 
2916.494865 0.277476 
2917.459314 0.288677 
2918.423763 0.301385 
2919.388213 0.316054 
2920.352662 0.332650 
2921.317111 0.351651 
2922.281561 0.372721 
2923.246010 0.395631 
2924.210460 0.418877 
2925.174909 0.442123 
2926.139358 0.464270 
2927.103808 0.486134 
2928.068257 0.507197 
2929.032706 0.527944 
2929.997156 0.547521 
2930.961605 0.565592 
2931.926054 0.579489 
2932.890504 0.589263 
2933.854953 0.593955 
2934.819402 0.594392 
2935.783852 0.589445 
2936.748301 0.580547 
2937.712751 0.567187 
2938.677200 0.550661 
2939.641649 0.530669 
2940.606099 0.508462 
2941.570548 0.483783 
2942.534997 0.457956 
2943.499447 0.431321 
2944.463896 0.405368 
2945.428345 0.379682 
2946.392795 0.354713 
2947.357244 0.330908 
2948.321694 0.308906 
2949.286143 0.288253 
2950.250592 0.269320 
2951.215042 0.251830 
2952.179491 0.236187 
2953.143940 0.222335 
2954.108390 0.210292 
2955.072839 0.199648 
2956.037288 0.190337 
2957.001738 0.182086 
2957.966187 0.175031 
2958.930636 0.168979 
2959.895086 0.163691 
2960.859535 0.158827 
2961.823985 0.154420 
2962.788434 0.150109 
2963.752883 0.145990 
2964.717333 0.141861 
2965.681782 0.137845 
2966.646231 0.133914 
2967.610681 0.130026 
2968.575130 0.126172 
2969.539579 0.122539 
2970.504029 0.119030 
2971.468478 0.115631 
2972.432928 0.112219 
2973.397377 0.109040 
2974.361826 0.106105 
2975.326276 0.103407 
2976.290725 0.100902 
2977.255174 0.098527 
2978.219624 0.096362 
2979.184073 0.094555 
2980.148522 0.092918 
2981.112972 0.091274 
2982.077421 0.089726 
2983.041870 0.088334 
2984.006320 0.087019 
2984.970769 0.085845 
2985.935219 0.084699 
2986.899668 0.083551 
2987.864117 0.082593 
2988.828567 0.081777 
2989.793016 0.081015 
2990.757465 0.080349 
2991.721915 0.079688 
2992.686364 0.079056 
2993.650813 0.078410 
2994.615263 0.077788 
2995.579712 0.077416 
2996.544162 0.077119 
2997.508611 0.076602 
2998.473060 0.075994 
2999.437510 0.075570 
3000.401959 0.075133 
3001.366408 0.074746 
3002.330858 0.074389 
3003.295307 0.073918 
3004.259756 0.073565 
3005.224206 0.073497 
3006.188655 0.073391 
3007.153104 0.073187 
3008.117554 0.072986 
3009.082003 0.072808 
3010.046453 0.072608 
3011.010902 0.072493 
3011.975351 0.072212 
3012.939801 0.072025 
3013.904250 0.072155 
3014.868699 0.072002 
3015.833149 0.071716 
3016.797598 0.071594 
3017.762047 0.071528 
3018.726497 0.071583 
3019.690946 0.071612 
3020.655396 0.071543 
3021.619845 0.071413 
3022.584294 0.071404 
3023.548744 0.071486 
3024.513193 0.071289 
3025.477642 0.070981 
3026.442092 0.070951 
3027.406541 0.071048 
3028.370990 0.071059 
3029.335440 0.070893 
3030.299889 0.070205 
3031.264338 0.069663 
3032.228788 0.069954 
3033.193237 0.070349 
3034.157687 0.070151 
3035.122136 0.070012 
3036.086585 0.070079 
3037.051035 0.070181 
3038.015484 0.070206 
3038.979933 0.070250 
3039.944383 0.070354 
3040.908832 0.070395 
3041.873281 0.070391 
3042.837731 0.070249 
3043.802180 0.070181 
3044.766630 0.070132 
3045.731079 0.070028 
3046.695528 0.069840 
3047.659978 0.069505 
3048.624427 0.069191 
3049.588876 0.069331 
3050.553326 0.069617 
3051.517775 0.069608 
3052.482224 0.069638 
3053.446674 0.069771 
3054.411123 0.069672 
3055.375572 0.069237 
3056.340022 0.068883 
3057.304471 0.069119 
3058.268921 0.069493 
3059.233370 0.069511 
3060.197819 0.069386 
3061.162269 0.069423 
3062.126718 0.069497 
3063.091167 0.069229 
3064.055617 0.068582 
3065.020066 0.068699 
3065.984515 0.069028 
3066.948965 0.068751 
3067.913414 0.068990 
3068.877864 0.069386 
3069.842313 0.069498 
3070.806762 0.069574 
3071.771212 0.069600 
3072.735661 0.069646 
3073.700110 0.069822 
3074.664560 0.070042 
3075.629009 0.070236 
3076.593458 0.070375 
3077.557908 0.070400 
3078.522357 0.070363 
3079.486806 0.070345 
3080.451256 0.070579 
3081.415705 0.070840 
3082.380155 0.071241 
3083.344604 0.071744 
3084.309053 0.071860 
3085.273503 0.071579 
3086.237952 0.071353 
3087.202401 0.071269 
3088.166851 0.071251 
3089.131300 0.071292 
3090.095749 0.071206 
3091.060199 0.070887 
3092.024648 0.070595 
3092.989098 0.070286 
3093.953547 0.069978 
3094.917996 0.069460 
3095.882446 0.068916 
3096.846895 0.069294 
3097.811344 0.069978 
3098.775794 0.070078 
3099.740243 0.069731 
3100.704692 0.069185 
3101.669142 0.069068 
3102.633591 0.069410 
3103.598040 0.069754 
3104.562490 0.070079 
3105.526939 0.070280 
3106.491389 0.070444 
3107.455838 0.070596 
3108.420287 0.070752 
3109.384737 0.070537 
3110.349186 0.070298 
3111.313635 0.070211 
3112.278085 0.070239 
3113.242534 0.070444 
3114.206983 0.070556 
3115.171433 0.070273 
3116.135882 0.070144 
3117.100332 0.070573 
3118.064781 0.070679 
3119.029230 0.070736 
3119.993680 0.071114 
3120.958129 0.071096 
3121.922578 0.070337 
3122.887028 0.070081 
3123.851477 0.070744 
3124.815926 0.071045 
3125.780376 0.070750 
3126.744825 0.070609 
3127.709274 0.071084 
3128.673724 0.071617 
3129.638173 0.071743 
3130.602623 0.071637 
3131.567072 0.071369 
3132.531521 0.070727 
3133.495971 0.070731 
3134.460420 0.071598 
3135.424869 0.072046 
3136.389319 0.072320 
3137.353768 0.072604 
3138.318217 0.072768 
3139.282667 0.072771 
3140.247116 0.072595 
3141.211566 0.072485 
3142.176015 0.072484 
3143.140464 0.072452 
3144.104914 0.072530 
3145.069363 0.072687 
3146.033812 0.072810 
3146.998262 0.072937 
3147.962711 0.073058 
3148.927160 0.073273 
3149.891610 0.073528 
3150.856059 0.073804 
3151.820508 0.074048 
3152.784958 0.074108 
3153.749407 0.074023 
3154.713857 0.074030 
3155.678306 0.074026 
3156.642755 0.073962 
3157.607205 0.073952 
3158.571654 0.073982 
3159.536103 0.074010 
3160.500553 0.074019 
3161.465002 0.074080 
3162.429451 0.074204 
3163.393901 0.074285 
3164.358350 0.074307 
3165.322800 0.074391 
3166.287249 0.074475 
3167.251698 0.074568 
3168.216148 0.074674 
3169.180597 0.074717 
3170.145046 0.074721 
3171.109496 0.074755 
3172.073945 0.074819 
3173.038394 0.074925 
3174.002844 0.074989 
3174.967293 0.074973 
3175.931742 0.074925 
3176.896192 0.074585 
3177.860641 0.073922 
3178.825091 0.074196 
3179.789540 0.075081 
3180.753989 0.075493 
3181.718439 0.075654 
3182.682888 0.075743 
3183.647337 0.075725 
3184.611787 0.075496 
3185.576236 0.075513 
3186.540685 0.076017 
3187.505135 0.076458 
3188.469584 0.076532 
3189.434034 0.076547 
3190.398483 0.076614 
3191.362932 0.076730 
3192.327382 0.076776 
3193.291831 0.076891 
3194.256280 0.077018 
3195.220730 0.076948 
3196.185179 0.076710 
3197.149628 0.076517 
3198.114078 0.076684 
3199.078527 0.077356 
3200.042976 0.077811 
3201.007426 0.078069 
3201.971875 0.078267 
3202.936325 0.078418 
3203.900774 0.078568 
3204.865223 0.078686 
3205.829673 0.078677 
3206.794122 0.078698 
3207.758571 0.078713 
3208.723021 0.078529 
3209.687470 0.078233 
3210.651919 0.078727 
3211.616369 0.079411 
3212.580818 0.079450 
3213.545268 0.078859 
3214.509717 0.078821 
3215.474166 0.079614 
3216.438616 0.080027 
3217.403065 0.080235 
3218.367514 0.080183 
3219.331964 0.079794 
3220.296413 0.079961 
3221.260862 0.080379 
3222.225312 0.080629 
3223.189761 0.080955 
3224.154210 0.081237 
3225.118660 0.081288 
3226.083109 0.081288 
3227.047559 0.081335 
3228.012008 0.081580 
3228.976457 0.081754 
3229.940907 0.081869 
3230.905356 0.082275 
3231.869805 0.082443 
3232.834255 0.082338 
3233.798704 0.082527 
3234.763153 0.082858 
3235.727603 0.082801 
3236.692052 0.082705 
3237.656502 0.083000 
3238.620951 0.083282 
3239.585400 0.083311 
3240.549850 0.083393 
3241.514299 0.083648 
3242.478748 0.083851 
3243.443198 0.083811 
3244.407647 0.083289 
3245.372096 0.083255 
3246.336546 0.084176 
3247.300995 0.084763 
3248.265444 0.085019 
3249.229894 0.085174 
3250.194343 0.085269 
3251.158793 0.085371 
3252.123242 0.085481 
3253.087691 0.085224 
3254.052141 0.084831 
3255.016590 0.085176 
3255.981039 0.085633 
3256.945489 0.085631 
3257.909938 0.085799 
3258.874387 0.086002 
3259.838837 0.086020 
3260.803286 0.086184 
3261.767736 0.086576 
3262.732185 0.086846 
3263.696634 0.086976 
3264.661084 0.086973 
3265.625533 0.087071 
3266.589982 0.087279 
3267.554432 0.087418 
3268.518881 0.087492 
3269.483330 0.087442 
3270.447780 0.087380 
3271.412229 0.087338 
3272.376678 0.087161 
3273.341128 0.086719 
3274.305577 0.086911 
3275.270027 0.087442 
3276.234476 0.087355 
3277.198925 0.087631 
3278.163375 0.088258 
3279.127824 0.088459 
3280.092273 0.088348 
3281.056723 0.088474 
3282.021172 0.088680 
3282.985621 0.088714 
3283.950071 0.088773 
3284.914520 0.088852 
3285.878970 0.088891 
3286.843419 0.088864 
3287.807868 0.088803 
3288.772318 0.088806 
3289.736767 0.089049 
3290.701216 0.089022 
3291.665666 0.088741 
3292.630115 0.088824 
3293.594564 0.089311 
3294.559014 0.089692 
3295.523463 0.089945 
3296.487912 0.089916 
3297.452362 0.089749 
3298.416811 0.089945 
3299.381261 0.090167 
3300.345710 0.090260 
3301.310159 0.090352 
3302.274609 0.090436 
3303.239058 0.090457 
3304.203507 0.090466 
3305.167957 0.090578 
3306.132406 0.090654 
3307.096855 0.090571 
3308.061305 0.090222 
3309.025754 0.090259 
3309.990204 0.090970 
3310.954653 0.091409 
3311.919102 0.091311 
3312.883552 0.091047 
3313.848001 0.091238 
3314.812450 0.091728 
3315.776900 0.091907 
3316.741349 0.091977 
3317.705798 0.092008 
3318.670248 0.092004 
3319.634697 0.092172 
3320.599146 0.092335 
3321.563596 0.092415 
3322.528045 0.092422 
3323.492495 0.092545 
3324.456944 0.092731 
3325.421393 0.092794 
3326.385843 0.092960 
3327.350292 0.093213 
3328.314741 0.093398 
3329.279191 0.093515 
3330.243640 0.093625 
3331.208089 0.093621 
3332.172539 0.093606 
3333.136988 0.093727 
3334.101438 0.093889 
3335.065887 0.094030 
3336.030336 0.093896 
3336.994786 0.093910 
3337.959235 0.094183 
3338.923684 0.094405 
3339.888134 0.094604 
3340.852583 0.094833 
3341.817032 0.095053 
3342.781482 0.095086 
3343.745931 0.095183 
3344.710380 0.095327 
3345.674830 0.095413 
3346.639279 0.095561 
3347.603729 0.095739 
3348.568178 0.095859 
3349.532627 0.095870 
3350.497077 0.095787 
3351.461526 0.095792 
3352.425975 0.095907 
3353.390425 0.096060 
3354.354874 0.096184 
3355.319323 0.096167 
3356.283773 0.096314 
3357.248222 0.096524 
3358.212672 0.096675 
3359.177121 0.096750 
3360.141570 0.096725 
3361.106020 0.096725 
3362.070469 0.096914 
3363.034918 0.097007 
3363.999368 0.096736 
3364.963817 0.096427 
3365.928266 0.096409 
3366.892716 0.096841 
3367.857165 0.097271 
3368.821614 0.097470 
3369.786064 0.097678 
3370.750513 0.097960 
3371.714963 0.098168 
3372.679412 0.098250 
3373.643861 0.098377 
3374.608311 0.098545 
3375.572760 0.098643 
3376.537209 0.098672 
3377.501659 0.098693 
3378.466108 0.098807 
3379.430557 0.098795 
3380.395007 0.098731 
3381.359456 0.098873 
3382.323906 0.098931 
3383.288355 0.098789 
3384.252804 0.098621 
3385.217254 0.098682 
3386.181703 0.099036 
3387.146152 0.099511 
3388.110602 0.099773 
3389.075051 0.099932 
3390.039500 0.099950 
3391.003950 0.099792 
3391.968399 0.099339 
3392.932848 0.099200 
3393.897298 0.099768 
3394.861747 0.100088 
3395.826197 0.099945 
3396.790646 0.099612 
3397.755095 0.099663 
3398.719545 0.100025 
3399.683994 0.100270 
3400.648443 0.100405 
3401.612893 0.100467 
3402.577342 0.100452 
3403.541791 0.100544 
3404.506241 0.100785 
3405.470690 0.101071 
3406.435140 0.101208 
3407.399589 0.101291 
3408.364038 0.101270 
3409.328488 0.101263 
3410.292937 0.101445 
3411.257386 0.101518 
3412.221836 0.101409 
3413.186285 0.101372 
3414.150734 0.101438 
3415.115184 0.101448 
3416.079633 0.101427 
3417.044082 0.101357 
3418.008532 0.101224 
3418.972981 0.100898 
3419.937431 0.100217 
3420.901880 0.099873 
3421.866329 0.100100 
3422.830779 0.100627 
3423.795228 0.101047 
3424.759677 0.100916 
3425.724127 0.100687 
3426.688576 0.100670 
3427.653025 0.100628 
3428.617475 0.100610 
3429.581924 0.100526 
3430.546374 0.100055 
3431.510823 0.099876 
3432.475272 0.100149 
3433.439722 0.100518 
3434.404171 0.100665 
3435.368620 0.100733 
3436.333070 0.100815 
3437.297519 0.100725 
3438.261968 0.100521 
3439.226418 0.100303 
3440.190867 0.100211 
3441.155316 0.099870 
3442.119766 0.099134 
3443.084215 0.099187 
3444.048665 0.099849 
3445.013114 0.099996 
3445.977563 0.098895 
3446.942013 0.097098 
3447.906462 0.097727 
3448.870911 0.099657 
3449.835361 0.100457 
3450.799810 0.100626 
3451.764259 0.100607 
3452.728709 0.100697 
3453.693158 0.100760 
3454.657608 0.100700 
3455.622057 0.100620 
3456.586506 0.100758 
3457.550956 0.100973 
3458.515405 0.101193 
3459.479854 0.101060 
3460.444304 0.100616 
3461.408753 0.100124 
3462.373202 0.099952 
3463.337652 0.100555 
3464.302101 0.101122 
3465.266550 0.101241 
3466.231000 0.101029 
3467.195449 0.101069 
3468.159899 0.101395 
3469.124348 0.101508 
3470.088797 0.101604 
3471.053247 0.101706 
3472.017696 0.101683 
3472.982145 0.101619 
3473.946595 0.101292 
3474.911044 0.100826 
3475.875493 0.100969 
3476.839943 0.101421 
3477.804392 0.101614 
3478.768842 0.101606 
3479.733291 0.101465 
3480.697740 0.100978 
3481.662190 0.099603 
3482.626639 0.099448 
3483.591088 0.100843 
3484.555538 0.101499 
3485.519987 0.101471 
3486.484436 0.101026 
3487.448886 0.100194 
3488.413335 0.099937 
3489.377784 0.100478 
3490.342234 0.100839 
3491.306683 0.100770 
3492.271133 0.100503 
3493.235582 0.100268 
3494.200031 0.099862 
3495.164481 0.099253 
3496.128930 0.098571 
3497.093379 0.098481 
3498.057829 0.099057 
3499.022278 0.099362 
3499.986727 0.099422 
3500.951177 0.099185 
3501.915626 0.098160 
3502.880076 0.095656 
3503.844525 0.094630 
3504.808974 0.095842 
3505.773424 0.096844 
3506.737873 0.097175 
3507.702322 0.096714 
3508.666772 0.095425 
3509.631221 0.094860 
3510.595670 0.095373 
3511.560120 0.095335 
3512.524569 0.095273 
3513.489018 0.095364 
3514.453468 0.095431 
3515.417917 0.095310 
3516.382367 0.095142 
3517.346816 0.094709 
3518.311265 0.093870 
3519.275715 0.093278 
3520.240164 0.093379 
3521.204613 0.092743 
3522.169063 0.090912 
3523.133512 0.090416 
3524.097961 0.091905 
3525.062411 0.092288 
3526.026860 0.090869 
3526.991310 0.088423 
3527.955759 0.087338 
3528.920208 0.087266 
3529.884658 0.088153 
3530.849107 0.089206 
3531.813556 0.090077 
3532.778006 0.090420 
3533.742455 0.090291 
3534.706904 0.089745 
3535.671354 0.088860 
3536.635803 0.088525 
3537.600252 0.088725 
3538.564702 0.088526 
3539.529151 0.088199 
3540.493601 0.087900 
3541.458050 0.087387 
3542.422499 0.085983 
3543.386949 0.084448 
3544.351398 0.083584 
3545.315847 0.084268 
3546.280297 0.084678 
3547.244746 0.084510 
3548.209195 0.084069 
3549.173645 0.084299 
3550.138094 0.084437 
3551.102544 0.082220 
3552.066993 0.079462 
3553.031442 0.080738 
3553.995892 0.083351 
3554.960341 0.084121 
3555.924790 0.083608 
3556.889240 0.082637 
3557.853689 0.082605 
3558.818138 0.082694 
3559.782588 0.082018 
3560.747037 0.081569 
3561.711486 0.081038 
3562.675936 0.079303 
3563.640385 0.076991 
3564.604835 0.076438 
3565.569284 0.073659 
3566.533733 0.069672 
3567.498183 0.070300 
3568.462632 0.074186 
3569.427081 0.077970 
3570.391531 0.079638 
3571.355980 0.080534 
3572.320429 0.080703 
3573.284879 0.079798 
3574.249328 0.078292 
3575.213778 0.078264 
3576.178227 0.078335 
3577.142676 0.077797 
3578.107126 0.078393 
3579.071575 0.078486 
3580.036024 0.078533 
3581.000474 0.079418 
3581.964923 0.079113 
3582.929372 0.077642 
3583.893822 0.076976 
3584.858271 0.076830 
3585.822720 0.073497 
3586.787170 0.069075 
3587.751619 0.068751 
3588.716069 0.072584 
3589.680518 0.077233 
3590.644967 0.079131 
3591.609417 0.079353 
3592.573866 0.077193 
3593.538315 0.076045 
3594.502765 0.075825 
3595.467214 0.075520 
3596.431663 0.077294 
3597.396113 0.078022 
3598.360562 0.077053 
3599.325012 0.077210 
3600.289461 0.076525 
3601.253910 0.078065 
3602.218360 0.082480 
3603.182809 0.085897 
3604.147258 0.088364 
3605.111708 0.089788 
3606.076157 0.088269 
3607.040606 0.086723 
3608.005056 0.088113 
3608.969505 0.090056 
3609.933954 0.096261 
3610.898404 0.100043 
3611.862853 0.098182 
3612.827303 0.097322 
3613.791752 0.101156 
3614.756201 0.105325 
3615.720651 0.112287 
3616.685100 0.115637 
3617.649549 0.114135 
3618.613999 0.113523 
3619.578448 0.116217 
3620.542897 0.123881 
3621.507347 0.131406 
3622.471796 0.136092 
3623.436246 0.137287 
3624.400695 0.136171 
3625.365144 0.132075 
3626.329594 0.125638 
3627.294043 0.116534 
3628.258492 0.101234 
3629.222942 0.087140 
3630.187391 0.093953 
3631.151840 0.099092 
3632.116290 0.098937 
3633.080739 0.093360 
3634.045188 0.088021 
3635.009638 0.088303 
3635.974087 0.088392 
3636.938537 0.085232 
3637.902986 0.080930 
3638.867435 0.080039 
3639.831885 0.080769 
3640.796334 0.079609 
3641.760783 0.077113 
3642.725233 0.075478 
3643.689682 0.075738 
3644.654131 0.074438 
3645.618581 0.068381 
3646.583030 0.055825 
3647.547480 0.045783 
3648.511929 0.044399 
3649.476378 0.040217 
3650.440828 0.036956 
3651.405277 0.048547 
3652.369726 0.063638 
3653.334176 0.069496 
3654.298625 0.069555 
3655.263074 0.063809 
3656.227524 0.057095 
3657.191973 0.062373 
3658.156422 0.068542 
3659.120872 0.070023 
3660.085321 0.069672 
3661.049771 0.070202 
3662.014220 0.070667 
3662.978669 0.070833 
3663.943119 0.070689 
3664.907568 0.070416 
3665.872017 0.069830 
3666.836467 0.068006 
3667.800916 0.061543 
3668.765365 0.051137 
3669.729815 0.042884 
3670.694264 0.042372 
3671.658714 0.054575 
3672.623163 0.061654 
3673.587612 0.057283 
3674.552062 0.038094 
3675.516511 0.017446 
3676.480960 0.038423 
3677.445410 0.054913 
3678.409859 0.059434 
3679.374308 0.058552 
3680.338758 0.062193 
3681.303207 0.068041 
3682.267656 0.070363 
3683.232106 0.070032 
3684.196555 0.068722 
3685.161005 0.068371 
3686.125454 0.067312 
3687.089903 0.060255 
3688.054353 0.046214 
3689.018802 0.043350 
3689.983251 0.046781 
3690.947701 0.045774 
3691.912150 0.055284 
3692.876599 0.064981 
3693.841049 0.068366 
3694.805498 0.069585 
3695.769948 0.069538 
3696.734397 0.069796 
3697.698846 0.070860 
3698.663296 0.071573 
3699.627745 0.071022 
3700.592194 0.066515 
3701.556644 0.059086 
3702.521093 0.061035 
3703.485542 0.067887 
3704.449992 0.070409 
3705.414441 0.070122 
3706.378890 0.069964 
3707.343340 0.068958 
3708.307789 0.062823 
3709.272239 0.053200 
3710.236688 0.050659 
3711.201137 0.046240 
3712.165587 0.041676 
3713.130036 0.055356 
3714.094485 0.064633 
3715.058935 0.068312 
3716.023384 0.069392 
3716.987833 0.069102 
3717.952283 0.066743 
3718.916732 0.064103 
3719.881182 0.065748 
3720.845631 0.065499 
3721.810080 0.059513 
3722.774530 0.059033 
3723.738979 0.064137 
3724.703428 0.065037 
3725.667878 0.063323 
3726.632327 0.063064 
3727.596776 0.066273 
3728.561226 0.068496 
3729.525675 0.067925 
3730.490124 0.063152 
3731.454574 0.052349 
3732.419023 0.045593 
3733.383473 0.049678 
3734.347922 0.046658 
3735.312371 0.041198 
3736.276821 0.045846 
3737.241270 0.051229 
3738.205719 0.053690 
3739.170169 0.058722 
3740.134618 0.060115 
3741.099067 0.057157 
3742.063517 0.057713 
3743.027966 0.054483 
3743.992416 0.040663 
3744.956865 0.035593 
3745.921314 0.048200 
3746.885764 0.052090 
3747.850213 0.049266 
3748.814662 0.038510 
3749.779112 0.031942 
3750.743561 0.033509 
3751.708010 0.029525 
3752.672460 0.038012 
3753.636909 0.053013 
3754.601358 0.060002 
3755.565808 0.059606 
3756.530257 0.056343 
3757.494707 0.058504 
3758.459156 0.057735 
3759.423605 0.050326 
3760.388055 0.053400 
3761.352504 0.062575 
3762.316953 0.065965 
3763.281403 0.066116 
3764.245852 0.064128 
3765.210301 0.059038 
3766.174751 0.058636 
3767.139200 0.063851 
3768.103650 0.064160 
3769.068099 0.056641 
3770.032548 0.050680 
3770.996998 0.058505 
3771.961447 0.065632 
3772.925896 0.068142 
3773.890346 0.068765 
3774.854795 0.068901 
3775.819244 0.068839 
3776.783694 0.068025 
3777.748143 0.064995 
3778.712592 0.057758 
3779.677042 0.053485 
3780.641491 0.060942 
3781.605941 0.066718 
3782.570390 0.067872 
3783.534839 0.065585 
3784.499289 0.061029 
3785.463738 0.061479 
3786.428187 0.066091 
3787.392637 0.068303 
3788.357086 0.068642 
3789.321535 0.068597 
3790.285985 0.068561 
3791.250434 0.068542 
3792.214884 0.068470 
3793.179333 0.068403 
3794.143782 0.067511 
3795.108232 0.063106 
3796.072681 0.054441 
3797.037130 0.052563 
3798.001580 0.059033 
3798.966029 0.060849 
3799.930478 0.053215 
3800.894928 0.036563 
3801.859377 0.030166 
3802.823826 0.044424 
3803.788276 0.057015 
3804.752725 0.061756 
3805.717175 0.056520 
3806.681624 0.045286 
3807.646073 0.048712 
3808.610523 0.060260 
3809.574972 0.065710 
3810.539421 0.067102 
3811.503871 0.067278 
3812.468320 0.067121 
3813.432769 0.065843 
3814.397219 0.060343 
3815.361668 0.047775 
3816.326118 0.040496 
3817.290567 0.052045 
3818.255016 0.057863 
3819.219466 0.053933 
3820.183915 0.039292 
3821.148364 0.024725 
3822.112814 0.040112 
3823.077263 0.055406 
3824.041712 0.060850 
3825.006162 0.061536 
3825.970611 0.057936 
3826.935060 0.055236 
3827.899510 0.059539 
3828.863959 0.064274 
3829.828409 0.064534 
3830.792858 0.058570 
3831.757307 0.053062 
3832.721757 0.058142 
3833.686206 0.059425 
3834.650655 0.053281 
3835.615105 0.051516 
3836.579554 0.050384 
3837.544003 0.041827 
3838.508453 0.041018 
3839.472902 0.045195 
3840.437352 0.046185 
3841.401801 0.053364 
3842.366250 0.058670 
3843.330700 0.056035 
3844.295149 0.057245 
3845.259598 0.063645 
3846.224048 0.067057 
3847.188497 0.067662 
3848.152946 0.066683 
3849.117396 0.063420 
3850.081845 0.059865 
3851.046294 0.053018 
3852.010744 0.039555 
3852.975193 0.024683 
3853.939643 0.024251 
3854.904092 0.046229 
3855.868541 0.054951 
3856.832991 0.057544 
3857.797440 0.061511 
3858.761889 0.066177 
3859.726339 0.067432 
3860.690788 0.064505 
3861.655237 0.059682 
3862.619687 0.058892 
3863.584136 0.056321 
3864.548586 0.049892 
3865.513035 0.053067 
3866.477484 0.062660 
3867.441934 0.065411 
3868.406383 0.059855 
3869.370832 0.046906 
3870.335282 0.045584 
3871.299731 0.057968 
3872.264180 0.063480 
3873.228630 0.059591 
3874.193079 0.053575 
3875.157528 0.060296 
3876.121978 0.067353 
3877.086427 0.069462 
3878.050877 0.069047 
3879.015326 0.064739 
3879.979775 0.056510 
3880.944225 0.056644 
3881.908674 0.063689 
3882.873123 0.065520 
3883.837573 0.064739 
3884.802022 0.060652 
3885.766471 0.056745 
3886.730921 0.062727 
3887.695370 0.067787 
3888.659820 0.069174 
3889.624269 0.067020 
3890.588718 0.060614 
3891.553168 0.056030 
3892.517617 0.060857 
3893.482066 0.065840 
3894.446516 0.068816 
3895.410965 0.070107 
3896.375414 0.070014 
3897.339864 0.067645 
3898.304313 0.062251 
3899.268762 0.059164 
3900.233212 0.061714 
3901.197661 0.060721 
3902.162111 0.059778 
3903.126560 0.058671 
3904.091009 0.057217 
3905.055459 0.059141 
3906.019908 0.063038 
3906.984357 0.067621 
3907.948807 0.070241 
3908.913256 0.070867 
3909.877705 0.070833 
3910.842155 0.070840 
3911.806604 0.071010 
3912.771054 0.071022 
3913.735503 0.070775 
3914.699952 0.070043 
3915.664402 0.068134 
3916.628851 0.065928 
3917.593300 0.067127 
3918.557750 0.068201 
3919.522199 0.066930 
3920.486648 0.067214 
3921.451098 0.069142 
3922.415547 0.069476 
3923.379996 0.067678 
3924.344446 0.065352 
3925.308895 0.065758 
3926.273345 0.068708 
3927.237794 0.070241 
3928.202243 0.069129 
3929.166693 0.066513 
3930.131142 0.066399 
3931.095591 0.067421 
3932.060041 0.067281 
3933.024490 0.068299 
3933.988939 0.069190 
3934.953389 0.069644 
3935.917838 0.070010 
3936.882288 0.070320 
3937.846737 0.070382 
3938.811186 0.070494 
3939.775636 0.070491 
3940.740085 0.070179 
3941.704534 0.068393 
3942.668984 0.067352 
3943.633433 0.068735 
3944.597882 0.070212 
3945.562332 0.070625 
3946.526781 0.070314 
3947.491230 0.070225 
3948.455680 0.069926 
3949.420129 0.068721 
3950.384579 0.068500 
3951.349028 0.069214 
3952.313477 0.069191 
3953.277927 0.068869 
3954.242376 0.069789 
3955.206825 0.070605 
3956.171275 0.070620 
3957.135724 0.070651 
3958.100173 0.070776 
3959.064623 0.070840 
3960.029072 0.070894 
3960.993522 0.070781 
3961.957971 0.071036 
3962.922420 0.071186 
3963.886870 0.071193 
3964.851319 0.071216 
3965.815768 0.071009 
3966.780218 0.070880 
3967.744667 0.070914 
3968.709116 0.071024 
3969.673566 0.071309 
3970.638015 0.071192 
3971.602464 0.070783 
3972.566914 0.070335 
3973.531363 0.070166 
3974.495813 0.070622 
3975.460262 0.071493 
3976.424711 0.071760 
3977.389161 0.071510 
3978.353610 0.071407 
3979.318059 0.071537 
3980.282509 0.071535 
3981.246958 0.071377 
3982.211407 0.071133 
3983.175857 0.071013 
3984.140306 0.071280 
3985.104756 0.071458 
3986.069205 0.071530 
3987.033654 0.071614 
3987.998104 0.071841 
3988.962553 0.072115 
3989.927002 0.072271 
3990.891452 0.072374 
3991.855901 0.072282 
3992.820350 0.072147 
3993.784800 0.071942 
3994.749249 0.071706 
3995.713698 0.071816 
3996.678148 0.071942 
3997.642597 0.071965 
3998.607047 0.072114 
3999.571496 0.072154 
4000.535945 0.072114 
