##YUNITS=Abs
399.282035 0.203542 
400.246484 0.176219 
401.210934 0.153120 
402.175383 0.143511 
403.139832 0.142252 
404.104282 0.137358 
405.068731 0.132342 
406.033181 0.130992 
406.997630 0.128623 
407.962079 0.122798 
408.926529 0.123015 
409.890978 0.121018 
410.855427 0.118122 
411.819877 0.114690 
412.784326 0.114253 
413.748775 0.116285 
414.713225 0.113647 
415.677674 0.110260 
416.642124 0.115456 
417.606573 0.137739 
418.571022 0.162732 
419.535472 0.142263 
420.499921 0.115847 
421.464370 0.107567 
422.428820 0.115495 
423.393269 0.114684 
424.357718 0.106074 
425.322168 0.107274 
426.286617 0.096087 
427.251066 0.090324 
428.215516 0.089425 
429.179965 0.089438 
430.144415 0.090325 
431.108864 0.090889 
432.073313 0.089444 
433.037763 0.088108 
434.002212 0.089481 
434.966661 0.092280 
435.931111 0.096128 
436.895560 0.096111 
437.860009 0.089050 
438.824459 0.086658 
439.788908 0.080724 
440.753358 0.078306 
441.717807 0.083210 
442.682256 0.086527 
443.646706 0.091974 
444.611155 0.092296 
445.575604 0.091314 
446.540054 0.096775 
447.504503 0.092988 
448.468952 0.085516 
449.433402 0.082396 
450.397851 0.082867 
451.362300 0.084129 
452.326750 0.089894 
453.291199 0.088954 
454.255649 0.079043 
455.220098 0.075835 
456.184547 0.077545 
457.148997 0.086744 
458.113446 0.089302 
459.077895 0.078214 
460.042345 0.075625 
461.006794 0.080702 
461.971243 0.078785 
462.935693 0.071276 
463.900142 0.070346 
464.864592 0.069937 
465.829041 0.068800 
466.793490 0.071923 
467.757940 0.083190 
468.722389 0.083452 
469.686838 0.073924 
470.651288 0.071603 
471.615737 0.077282 
472.580186 0.084723 
473.544636 0.074442 
474.509085 0.069332 
475.473534 0.071176 
476.437984 0.073348 
477.402433 0.070077 
478.366883 0.066772 
479.331332 0.065070 
480.295781 0.065710 
481.260231 0.066191 
482.224680 0.065127 
483.189129 0.066774 
484.153579 0.067537 
485.118028 0.065100 
486.082477 0.064355 
487.046927 0.060152 
488.011376 0.056889 
488.975826 0.056223 
489.940275 0.056396 
490.904724 0.059966 
491.869174 0.063285 
492.833623 0.055588 
493.798072 0.050528 
494.762522 0.049338 
495.726971 0.048786 
496.691420 0.048689 
497.655870 0.048454 
498.620319 0.047102 
499.584768 0.045883 
500.549218 0.046437 
501.513667 0.052493 
502.478117 0.054633 
503.442566 0.048417 
504.407015 0.047268 
505.371465 0.045681 
506.335914 0.046486 
507.300363 0.046329 
508.264813 0.042641 
509.229262 0.042473 
510.193711 0.045348 
511.158161 0.044398 
512.122610 0.041725 
513.087060 0.041508 
514.051509 0.042484 
515.015958 0.042782 
515.980408 0.044700 
516.944857 0.051101 
517.909306 0.049693 
518.873756 0.048555 
519.838205 0.049108 
520.802654 0.043200 
521.767104 0.040552 
522.731553 0.040221 
523.696002 0.040450 
524.660452 0.042019 
525.624901 0.046551 
526.589351 0.046216 
527.553800 0.043353 
528.518249 0.044026 
529.482699 0.044746 
530.447148 0.044328 
531.411597 0.044159 
532.376047 0.044447 
533.340496 0.044384 
534.304945 0.044874 
535.269395 0.043867 
536.233844 0.043538 
537.198294 0.042666 
538.162743 0.041119 
539.127192 0.040347 
540.091642 0.040196 
541.056091 0.039681 
542.020540 0.039430 
542.984990 0.039319 
543.949439 0.040109 
544.913888 0.041017 
545.878338 0.041298 
546.842787 0.040866 
547.807236 0.041336 
548.771686 0.040576 
549.736135 0.042736 
550.700585 0.042216 
551.665034 0.039058 
552.629483 0.038016 
553.593933 0.037712 
554.558382 0.038042 
555.522831 0.037665 
556.487281 0.037719 
557.451730 0.038069 
558.416179 0.038483 
559.380629 0.038123 
560.345078 0.037828 
561.309528 0.037898 
562.273977 0.037860 
563.238426 0.038353 
564.202876 0.039003 
565.167325 0.039312 
566.131774 0.040003 
567.096224 0.040994 
568.060673 0.040345 
569.025122 0.040483 
569.989572 0.040083 
570.954021 0.040056 
571.918470 0.040025 
572.882920 0.038857 
573.847369 0.038673 
574.811819 0.039717 
575.776268 0.044192 
576.740717 0.043116 
577.705167 0.038704 
578.669616 0.037763 
579.634065 0.039804 
580.598515 0.043649 
581.562964 0.040979 
582.527413 0.037979 
583.491863 0.038082 
584.456312 0.039812 
585.420762 0.039074 
586.385211 0.037328 
587.349660 0.038305 
588.314110 0.039168 
589.278559 0.038535 
590.243008 0.038243 
591.207458 0.041913 
592.171907 0.043301 
593.136356 0.039034 
594.100806 0.038646 
595.065255 0.039360 
596.029704 0.038515 
596.994154 0.038040 
597.958603 0.038290 
598.923053 0.039596 
599.887502 0.043014 
600.851951 0.041356 
601.816401 0.039079 
602.780850 0.038831 
603.745299 0.039069 
604.709749 0.039337 
605.674198 0.039168 
606.638647 0.039165 
607.603097 0.039239 
608.567546 0.039392 
609.531996 0.039558 
610.496445 0.039794 
611.460894 0.040083 
612.425344 0.040644 
613.389793 0.041275 
614.354242 0.041924 
615.318692 0.042741 
616.283141 0.043649 
617.247590 0.044080 
618.212040 0.044355 
619.176489 0.044773 
620.140938 0.045988 
621.105388 0.046598 
622.069837 0.046739 
623.034287 0.047356 
623.998736 0.048452 
624.963185 0.050076 
625.927635 0.050892 
626.892084 0.050985 
627.856533 0.051568 
628.820983 0.052304 
629.785432 0.052654 
630.749881 0.052458 
631.714331 0.051781 
632.678780 0.050231 
633.643230 0.048035 
634.607679 0.046560 
635.572128 0.045963 
636.536578 0.043836 
637.501027 0.042158 
638.465476 0.041565 
639.429926 0.041820 
640.394375 0.041587 
641.358824 0.040660 
642.323274 0.040966 
643.287723 0.041090 
644.252172 0.040741 
645.216622 0.040810 
646.181071 0.040724 
647.145521 0.040336 
648.109970 0.040463 
649.074419 0.040641 
650.038869 0.040184 
651.003318 0.040473 
651.967767 0.040858 
652.932217 0.040353 
653.896666 0.040111 
654.861115 0.039944 
655.825565 0.040021 
656.790014 0.040317 
657.754464 0.040024 
658.718913 0.040687 
659.683362 0.041271 
660.647812 0.040988 
661.612261 0.041007 
662.576710 0.041186 
663.541160 0.041516 
664.505609 0.041927 
665.470058 0.041891 
666.434508 0.040557 
667.398957 0.032133 
668.363406 0.042040 
669.327856 0.046408 
670.292305 0.044163 
671.256755 0.042973 
672.221204 0.042418 
673.185653 0.042296 
674.150103 0.042870 
675.114552 0.043103 
676.079001 0.043389 
677.043451 0.043447 
678.007900 0.043728 
678.972349 0.044315 
679.936799 0.044920 
680.901248 0.045596 
681.865698 0.046110 
682.830147 0.046529 
683.794596 0.046810 
684.759046 0.047389 
685.723495 0.047826 
686.687944 0.048727 
687.652394 0.050398 
688.616843 0.052316 
689.581292 0.053171 
690.545742 0.053527 
691.510191 0.054095 
692.474640 0.055053 
693.439090 0.056323 
694.403539 0.057399 
695.367989 0.058431 
696.332438 0.059760 
697.296887 0.061301 
698.261337 0.062582 
699.225786 0.063451 
700.190235 0.064605 
701.154685 0.066186 
702.119134 0.067825 
703.083583 0.069621 
704.048033 0.071598 
705.012482 0.073667 
705.976932 0.075483 
706.941381 0.076980 
707.905830 0.078671 
708.870280 0.080532 
709.834729 0.082849 
710.799178 0.085649 
711.763628 0.088816 
712.728077 0.092605 
713.692526 0.096829 
714.656976 0.100162 
715.621425 0.104202 
716.585874 0.109047 
717.550324 0.114826 
718.514773 0.122653 
719.479223 0.131786 
720.443672 0.140620 
721.408121 0.149177 
722.372571 0.156246 
723.337020 0.167776 
724.301469 0.181452 
725.265919 0.196846 
726.230368 0.213769 
727.194817 0.233344 
728.159267 0.255918 
729.123716 0.281165 
730.088166 0.308904 
731.052615 0.340839 
732.017064 0.377813 
732.981514 0.420850 
733.945963 0.471375 
734.910412 0.531971 
735.874862 0.604261 
736.839311 0.690641 
737.803760 0.793732 
738.768210 0.915051 
739.732659 1.056580 
740.697108 1.225306 
741.661558 1.426589 
742.626007 1.674664 
743.590457 1.986626 
744.554906 2.395164 
745.519355 2.405314 
746.483805 2.257514 
747.448254 2.172593 
748.412703 2.155902 
749.377153 2.139151 
750.341602 2.132203 
751.306051 2.123767 
752.270501 2.126997 
753.234950 2.120398 
754.199400 2.126546 
755.163849 2.122841 
756.128298 2.136957 
757.092748 2.136634 
758.057197 2.137970 
759.021646 2.136467 
759.986096 2.132083 
760.950545 2.121318 
761.914994 2.136091 
762.879444 2.133966 
763.843893 2.127922 
764.808342 2.109570 
765.772792 2.112540 
766.737241 2.104296 
767.701691 2.101784 
768.666140 2.107312 
769.630589 2.111634 
770.595039 2.105164 
771.559488 2.109963 
772.523937 2.100244 
773.488387 2.103027 
774.452836 2.102387 
775.417285 2.113802 
776.381735 2.108012 
777.346184 2.109147 
778.310634 2.104684 
779.275083 2.111524 
780.239532 2.113112 
781.203982 2.111902 
782.168431 2.105242 
783.132880 2.111594 
784.097330 2.101897 
785.061779 2.104756 
786.026228 2.111326 
786.990678 2.126562 
787.955127 2.113684 
788.919576 2.109456 
789.884026 2.100598 
790.848475 2.108420 
791.812925 2.109219 
792.777374 2.106240 
793.741823 2.103805 
794.706273 2.117949 
795.670722 2.114751 
796.635171 2.110915 
797.599621 2.104314 
798.564070 2.109720 
799.528519 2.108663 
800.492969 2.114106 
801.457418 2.113009 
802.421868 2.140799 
803.386317 2.246868 
804.350766 2.412031 
805.315216 1.886175 
806.279665 1.506030 
807.244114 1.235940 
808.208564 1.039779 
809.173013 0.893532 
810.137462 0.778747 
811.101912 0.679913 
812.066361 0.592619 
813.030810 0.516779 
813.995260 0.453928 
814.959709 0.404036 
815.924159 0.366151 
816.888608 0.337587 
817.853057 0.314784 
818.817507 0.294885 
819.781956 0.276493 
820.746405 0.258574 
821.710855 0.240801 
822.675304 0.222905 
823.639753 0.205289 
824.604203 0.188581 
825.568652 0.172994 
826.533102 0.158829 
827.497551 0.146501 
828.462000 0.136041 
829.426450 0.127488 
830.390899 0.120758 
831.355348 0.115518 
832.319798 0.111414 
833.284247 0.108408 
834.248696 0.106158 
835.213146 0.104331 
836.177595 0.102766 
837.142044 0.101380 
838.106494 0.100120 
839.070943 0.098934 
840.035393 0.097497 
840.999842 0.095819 
841.964291 0.094292 
842.928741 0.092732 
843.893190 0.090679 
844.857639 0.088149 
845.822089 0.085389 
846.786538 0.082678 
847.750987 0.080187 
848.715437 0.077851 
849.679886 0.075464 
850.644336 0.073199 
851.608785 0.071183 
852.573234 0.069285 
853.537684 0.067244 
854.502133 0.065168 
855.466582 0.063152 
856.431032 0.061384 
857.395481 0.059735 
858.359930 0.058266 
859.324380 0.056993 
860.288829 0.055853 
861.253278 0.054979 
862.217728 0.054222 
863.182177 0.053502 
864.146627 0.052945 
865.111076 0.052614 
866.075525 0.052415 
867.039975 0.052262 
868.004424 0.052195 
868.968873 0.052323 
869.933323 0.052390 
870.897772 0.052213 
871.862221 0.051986 
872.826671 0.051957 
873.791120 0.052095 
874.755570 0.052162 
875.720019 0.052252 
876.684468 0.052267 
877.648918 0.052213 
878.613367 0.052061 
879.577816 0.051896 
880.542266 0.051833 
881.506715 0.051786 
882.471164 0.051921 
883.435614 0.051978 
884.400063 0.051807 
885.364512 0.051750 
886.328962 0.051758 
887.293411 0.051748 
888.257861 0.051553 
889.222310 0.051361 
890.186759 0.051178 
891.151209 0.050990 
892.115658 0.050742 
893.080107 0.050493 
894.044557 0.050261 
895.009006 0.050019 
895.973455 0.049737 
896.937905 0.049536 
897.902354 0.049441 
898.866804 0.049270 
899.831253 0.049125 
900.795702 0.048977 
901.760152 0.048803 
902.724601 0.048741 
903.689050 0.048627 
904.653500 0.048210 
905.617949 0.047680 
906.582398 0.047268 
907.546848 0.046897 
908.511297 0.046469 
909.475746 0.045907 
910.440196 0.045265 
911.404645 0.044794 
912.369095 0.044492 
913.333544 0.044184 
914.297993 0.043811 
915.262443 0.043491 
916.226892 0.043343 
917.191341 0.043313 
918.155791 0.043343 
919.120240 0.043447 
920.084689 0.043582 
921.049139 0.043644 
922.013588 0.043582 
922.978038 0.043418 
923.942487 0.043098 
924.906936 0.042726 
925.871386 0.042577 
926.835835 0.042652 
927.800284 0.043030 
928.764734 0.043569 
929.729183 0.044223 
930.693632 0.044905 
931.658082 0.045540 
932.622531 0.046387 
933.586980 0.047151 
934.551430 0.046574 
935.515879 0.045207 
936.480329 0.044429 
937.444778 0.044164 
938.409227 0.044044 
939.373677 0.043905 
940.338126 0.043874 
941.302575 0.044000 
942.267025 0.044261 
943.231474 0.044522 
944.195923 0.044698 
945.160373 0.044938 
946.124822 0.045180 
947.089272 0.045459 
948.053721 0.045938 
949.018170 0.046463 
949.982620 0.046906 
950.947069 0.047443 
951.911518 0.048011 
952.875968 0.048602 
953.840417 0.049244 
954.804866 0.050050 
955.769316 0.050952 
956.733765 0.051843 
957.698214 0.052818 
958.662664 0.053907 
959.627113 0.055000 
960.591563 0.056123 
961.556012 0.057390 
962.520461 0.058747 
963.484911 0.060112 
964.449360 0.061610 
965.413809 0.063128 
966.378259 0.064756 
967.342708 0.066508 
968.307157 0.068314 
969.271607 0.070136 
970.236056 0.071888 
971.200506 0.073611 
972.164955 0.075327 
973.129404 0.077090 
974.093854 0.078635 
975.058303 0.079847 
976.022752 0.080866 
976.987202 0.081728 
977.951651 0.082235 
978.916100 0.082293 
979.880550 0.082162 
980.844999 0.081849 
981.809448 0.081329 
982.773898 0.080471 
983.738347 0.079391 
984.702797 0.078319 
985.667246 0.077337 
986.631695 0.076292 
987.596145 0.075239 
988.560594 0.074362 
989.525043 0.073768 
990.489493 0.073504 
991.453942 0.073296 
992.418391 0.073149 
993.382841 0.073413 
994.347290 0.074039 
995.311740 0.074844 
996.276189 0.075691 
997.240638 0.076755 
998.205088 0.078060 
999.169537 0.079469 
1000.133986 0.080684 
1001.098436 0.081749 
1002.062885 0.082886 
1003.027334 0.083863 
1003.991784 0.084441 
1004.956233 0.084683 
1005.920682 0.084623 
1006.885132 0.084364 
1007.849581 0.083774 
1008.814031 0.082727 
1009.778480 0.081351 
1010.742929 0.079858 
1011.707379 0.078191 
1012.671828 0.076330 
1013.636277 0.074338 
1014.600727 0.072294 
1015.565176 0.070209 
1016.529625 0.068010 
1017.494075 0.065682 
1018.458524 0.063402 
1019.422974 0.061217 
1020.387423 0.059182 
1021.351872 0.057206 
1022.316322 0.055370 
1023.280771 0.053801 
1024.245220 0.052553 
1025.209670 0.051426 
1026.174119 0.050339 
1027.138568 0.049431 
1028.103018 0.048794 
1029.067467 0.048219 
1030.031916 0.047615 
1030.996366 0.047189 
1031.960815 0.046912 
1032.925265 0.046735 
1033.889714 0.046575 
1034.854163 0.046334 
1035.818613 0.046196 
1036.783062 0.046127 
1037.747511 0.046145 
1038.711961 0.046200 
1039.676410 0.046234 
1040.640859 0.046347 
1041.605309 0.046499 
1042.569758 0.046588 
1043.534208 0.046678 
1044.498657 0.046894 
1045.463106 0.047169 
1046.427556 0.047381 
1047.392005 0.047590 
1048.356454 0.047852 
1049.320904 0.048151 
1050.285353 0.048464 
1051.249802 0.048777 
1052.214252 0.049174 
1053.178701 0.049599 
1054.143150 0.050015 
1055.107600 0.050485 
1056.072049 0.051016 
1057.036499 0.051536 
1058.000948 0.051994 
1058.965397 0.052531 
1059.929847 0.053102 
1060.894296 0.053564 
1061.858745 0.053974 
1062.823195 0.054390 
1063.787644 0.054799 
1064.752093 0.055134 
1065.716543 0.055470 
1066.680992 0.055612 
1067.645442 0.055567 
1068.609891 0.055557 
1069.574340 0.055527 
1070.538790 0.055370 
1071.503239 0.055043 
1072.467688 0.054742 
1073.432138 0.054437 
1074.396587 0.054052 
1075.361036 0.053568 
1076.325486 0.053197 
1077.289935 0.052912 
1078.254384 0.052592 
1079.218834 0.052285 
1080.183283 0.051968 
1081.147733 0.051583 
1082.112182 0.051111 
1083.076631 0.050637 
1084.041081 0.050339 
1085.005530 0.050155 
1085.969979 0.049966 
1086.934429 0.049718 
1087.898878 0.049449 
1088.863327 0.049254 
1089.827777 0.049201 
1090.792226 0.049139 
1091.756676 0.049002 
1092.721125 0.048864 
1093.685574 0.048833 
1094.650024 0.048841 
1095.614473 0.048787 
1096.578922 0.048766 
1097.543372 0.048787 
1098.507821 0.048919 
1099.472270 0.049025 
1100.436720 0.049132 
1101.401169 0.049277 
1102.365618 0.049428 
1103.330068 0.049546 
1104.294517 0.049635 
1105.258967 0.049787 
1106.223416 0.049905 
1107.187865 0.049913 
1108.152315 0.049862 
1109.116764 0.049843 
1110.081213 0.049793 
1111.045663 0.049765 
1112.010112 0.049582 
1112.974561 0.049245 
1113.939011 0.048883 
1114.903460 0.048464 
1115.867910 0.047926 
1116.832359 0.047327 
1117.796808 0.046690 
1118.761258 0.046120 
1119.725707 0.045634 
1120.690156 0.045179 
1121.654606 0.044677 
1122.619055 0.044249 
1123.583504 0.044037 
1124.547954 0.043831 
1125.512403 0.043608 
1126.476852 0.043500 
1127.441302 0.043545 
1128.405751 0.043612 
1129.370201 0.043585 
1130.334650 0.043407 
1131.299099 0.043239 
1132.263549 0.043147 
1133.227998 0.043100 
1134.192447 0.043057 
1135.156897 0.043238 
1136.121346 0.043350 
1137.085795 0.043215 
1138.050245 0.043251 
1139.014694 0.043336 
1139.979144 0.043445 
1140.943593 0.043547 
1141.908042 0.043553 
1142.872492 0.043585 
1143.836941 0.043690 
1144.801390 0.043942 
1145.765840 0.044164 
1146.730289 0.044333 
1147.694738 0.044526 
1148.659188 0.044729 
1149.623637 0.044943 
1150.588086 0.044998 
1151.552536 0.045102 
1152.516985 0.045138 
1153.481435 0.044918 
1154.445884 0.044763 
1155.410333 0.044742 
1156.374783 0.044842 
1157.339232 0.044951 
1158.303681 0.045043 
1159.268131 0.045280 
1160.232580 0.045537 
1161.197029 0.045814 
1162.161479 0.046216 
1163.125928 0.046605 
1164.090378 0.046648 
1165.054827 0.046283 
1166.019276 0.045961 
1166.983726 0.045940 
1167.948175 0.046068 
1168.912624 0.046234 
1169.877074 0.046415 
1170.841523 0.046515 
1171.805972 0.046633 
1172.770422 0.046822 
1173.734871 0.047281 
1174.699320 0.047554 
1175.663770 0.047279 
1176.628219 0.047356 
1177.592669 0.047733 
1178.557118 0.048215 
1179.521567 0.048737 
1180.486017 0.049149 
1181.450466 0.049256 
1182.414915 0.049185 
1183.379365 0.049214 
1184.343814 0.049453 
1185.308263 0.049824 
1186.272713 0.050510 
1187.237162 0.051163 
1188.201612 0.051292 
1189.166061 0.051723 
1190.130510 0.052386 
1191.094960 0.053008 
1192.059409 0.053604 
1193.023858 0.054235 
1193.988308 0.055017 
1194.952757 0.055796 
1195.917206 0.056537 
1196.881656 0.057365 
1197.846105 0.058390 
1198.810554 0.059265 
1199.775004 0.059934 
1200.739453 0.060720 
1201.703903 0.061639 
1202.668352 0.062603 
1203.632801 0.063570 
1204.597251 0.064413 
1205.561700 0.065314 
1206.526149 0.066268 
1207.490599 0.067229 
1208.455048 0.068117 
1209.419497 0.069005 
1210.383947 0.069966 
1211.348396 0.071152 
1212.312846 0.072202 
1213.277295 0.072319 
1214.241744 0.072558 
1215.206194 0.073044 
1216.170643 0.073430 
1217.135092 0.073641 
1218.099542 0.073774 
1219.063991 0.073541 
1220.028440 0.072995 
1220.992890 0.072490 
1221.957339 0.071956 
1222.921788 0.071501 
1223.886238 0.071056 
1224.850687 0.070788 
1225.815137 0.069894 
1226.779586 0.068587 
1227.744035 0.067711 
1228.708485 0.067062 
1229.672934 0.066681 
1230.637383 0.066475 
1231.601833 0.066481 
1232.566282 0.066544 
1233.530731 0.066735 
1234.495181 0.067059 
1235.459630 0.067544 
1236.424080 0.068240 
1237.388529 0.069031 
1238.352978 0.070049 
1239.317428 0.071218 
1240.281877 0.072325 
1241.246326 0.073449 
1242.210776 0.074697 
1243.175225 0.076225 
1244.139674 0.077752 
1245.104124 0.078757 
1246.068573 0.079599 
1247.033022 0.080604 
1247.997472 0.081442 
1248.961921 0.082080 
1249.926371 0.082494 
1250.890820 0.082877 
1251.855269 0.083214 
1252.819719 0.083348 
1253.784168 0.083319 
1254.748617 0.083092 
1255.713067 0.082726 
1256.677516 0.082081 
1257.641965 0.081240 
1258.606415 0.080149 
1259.570864 0.079209 
1260.535314 0.077929 
1261.499763 0.074807 
1262.464212 0.071912 
1263.428662 0.069527 
1264.393111 0.067140 
1265.357560 0.065100 
1266.322010 0.063567 
1267.286459 0.061720 
1268.250908 0.060445 
1269.215358 0.059834 
1270.179807 0.059059 
1271.144256 0.057798 
1272.108706 0.057101 
1273.073155 0.055423 
1274.037605 0.054045 
1275.002054 0.053193 
1275.966503 0.052618 
1276.930953 0.051978 
1277.895402 0.051380 
1278.859851 0.050962 
1279.824301 0.051053 
1280.788750 0.050535 
1281.753199 0.049591 
1282.717649 0.048988 
1283.682098 0.048660 
1284.646548 0.048493 
1285.610997 0.048305 
1286.575446 0.049042 
1287.539896 0.050820 
1288.504345 0.050487 
1289.468794 0.048852 
1290.433244 0.048640 
1291.397693 0.047883 
1292.362142 0.047036 
1293.326592 0.046925 
1294.291041 0.046787 
1295.255490 0.046917 
1296.219940 0.047842 
1297.184389 0.047841 
1298.148839 0.046718 
1299.113288 0.046427 
1300.077737 0.046281 
1301.042187 0.046278 
1302.006636 0.046182 
1302.971085 0.046083 
1303.935535 0.045948 
1304.899984 0.045994 
1305.864433 0.045967 
1306.828883 0.046062 
1307.793332 0.046511 
1308.757782 0.046444 
1309.722231 0.045828 
1310.686680 0.045782 
1311.651130 0.046765 
1312.615579 0.048811 
1313.580028 0.048096 
1314.544478 0.047610 
1315.508927 0.046912 
1316.473376 0.047505 
1317.437826 0.048005 
1318.402275 0.047792 
1319.366724 0.048345 
1320.331174 0.047155 
1321.295623 0.046268 
1322.260073 0.045523 
1323.224522 0.045731 
1324.188971 0.045486 
1325.153421 0.045206 
1326.117870 0.045134 
1327.082319 0.045165 
1328.046769 0.045160 
1329.011218 0.045333 
1329.975667 0.045557 
1330.940117 0.045240 
1331.904566 0.044927 
1332.869016 0.044944 
1333.833465 0.044994 
1334.797914 0.045097 
1335.762364 0.046295 
1336.726813 0.049026 
1337.691262 0.050380 
1338.655712 0.055876 
1339.620161 0.060742 
1340.584610 0.056470 
1341.549060 0.047157 
1342.513509 0.045203 
1343.477958 0.045262 
1344.442408 0.045304 
1345.406857 0.045189 
1346.371307 0.045157 
1347.335756 0.045074 
1348.300205 0.045341 
1349.264655 0.045675 
1350.229104 0.045527 
1351.193553 0.045475 
1352.158003 0.045597 
1353.122452 0.045627 
1354.086901 0.046495 
1355.051351 0.047399 
1356.015800 0.046323 
1356.980250 0.046022 
1357.944699 0.046720 
1358.909148 0.046487 
1359.873598 0.046556 
1360.838047 0.049224 
1361.802496 0.051839 
1362.766946 0.055984 
1363.731395 0.053167 
1364.695844 0.046978 
1365.660294 0.046194 
1366.624743 0.046144 
1367.589192 0.047013 
1368.553642 0.048653 
1369.518091 0.048345 
1370.482541 0.047192 
1371.446990 0.047442 
1372.411439 0.048266 
1373.375889 0.050639 
1374.340338 0.052628 
1375.304787 0.049626 
1376.269237 0.047993 
1377.233686 0.048554 
1378.198135 0.050000 
1379.162585 0.049581 
1380.127034 0.048849 
1381.091484 0.048099 
1382.055933 0.048173 
1383.020382 0.048032 
1383.984832 0.047907 
1384.949281 0.048095 
1385.913730 0.049893 
1386.878180 0.054326 
1387.842629 0.053164 
1388.807078 0.048961 
1389.771528 0.048018 
1390.735977 0.048482 
1391.700426 0.048217 
1392.664876 0.047799 
1393.629325 0.048668 
1394.593775 0.052529 
1395.558224 0.053426 
1396.522673 0.050848 
1397.487123 0.052531 
1398.451572 0.053155 
1399.416021 0.050192 
1400.380471 0.048553 
1401.344920 0.047611 
1402.309369 0.047586 
1403.273819 0.047790 
1404.238268 0.049032 
1405.202718 0.050876 
1406.167167 0.048643 
1407.131616 0.047428 
1408.096066 0.047466 
1409.060515 0.047854 
1410.024964 0.048656 
1410.989414 0.049138 
1411.953863 0.049438 
1412.918312 0.047863 
1413.882762 0.047238 
1414.847211 0.047729 
1415.811660 0.049860 
1416.776110 0.053776 
1417.740559 0.055163 
1418.705009 0.052680 
1419.669458 0.052390 
1420.633907 0.048801 
1421.598357 0.047729 
1422.562806 0.047688 
1423.527255 0.051056 
1424.491705 0.052606 
1425.456154 0.048359 
1426.420603 0.047514 
1427.385053 0.048056 
1428.349502 0.048739 
1429.313952 0.048448 
1430.278401 0.048543 
1431.242850 0.048396 
1432.207300 0.049158 
1433.171749 0.050528 
1434.136198 0.049080 
1435.100648 0.049092 
1436.065097 0.051947 
1437.029546 0.052240 
1437.993996 0.048821 
1438.958445 0.047668 
1439.922894 0.047494 
1440.887344 0.047573 
1441.851793 0.047619 
1442.816243 0.047317 
1443.780692 0.047524 
1444.745141 0.048151 
1445.709591 0.048429 
1446.674040 0.048424 
1447.638489 0.050292 
1448.602939 0.050610 
1449.567388 0.048876 
1450.531837 0.048649 
1451.496287 0.050711 
1452.460736 0.051972 
1453.425186 0.050433 
1454.389635 0.051793 
1455.354084 0.054895 
1456.318534 0.052829 
1457.282983 0.052697 
1458.247432 0.053351 
1459.211882 0.053126 
1460.176331 0.051216 
1461.140780 0.050007 
1462.105230 0.049819 
1463.069679 0.049571 
1464.034128 0.048562 
1464.998578 0.049079 
1465.963027 0.050563 
1466.927477 0.050773 
1467.891926 0.051124 
1468.856375 0.050932 
1469.820825 0.051272 
1470.785274 0.052005 
1471.749723 0.054023 
1472.714173 0.056018 
1473.678622 0.057481 
1474.643071 0.055395 
1475.607521 0.054812 
1476.571970 0.057523 
1477.536420 0.054693 
1478.500869 0.053089 
1479.465318 0.053210 
1480.429768 0.054453 
1481.394217 0.056439 
1482.358666 0.055270 
1483.323116 0.054179 
1484.287565 0.054442 
1485.252014 0.056107 
1486.216464 0.058045 
1487.180913 0.057709 
1488.145362 0.059475 
1489.109812 0.067577 
1490.074261 0.070523 
1491.038711 0.062945 
1492.003160 0.061249 
1492.967609 0.060765 
1493.932059 0.061385 
1494.896508 0.061933 
1495.860957 0.062692 
1496.825407 0.064827 
1497.789856 0.064770 
1498.754305 0.065050 
1499.718755 0.067648 
1500.683204 0.069266 
1501.647654 0.071543 
1502.612103 0.071247 
1503.576552 0.070347 
1504.541002 0.067785 
1505.505451 0.064308 
1506.469900 0.074910 
1507.434350 0.099549 
1508.398799 0.095801 
1509.363248 0.092741 
1510.327698 0.090858 
1511.292147 0.084313 
1512.256596 0.084641 
1513.221046 0.083392 
1514.185495 0.083783 
1515.149945 0.088644 
1516.114394 0.092509 
1517.078843 0.092265 
1518.043293 0.088154 
1519.007742 0.087967 
1519.972191 0.089608 
1520.936641 0.092433 
1521.901090 0.090785 
1522.865539 0.091059 
1523.829989 0.093365 
1524.794438 0.095561 
1525.758888 0.097378 
1526.723337 0.098761 
1527.687786 0.101122 
1528.652236 0.099914 
1529.616685 0.099667 
1530.581134 0.101345 
1531.545584 0.105887 
1532.510033 0.106219 
1533.474482 0.106219 
1534.438932 0.111336 
1535.403381 0.114723 
1536.367830 0.114983 
1537.332280 0.114913 
1538.296729 0.113169 
1539.261179 0.111375 
1540.225628 0.118138 
1541.190077 0.122036 
1542.154527 0.126349 
1543.118976 0.136347 
1544.083425 0.143243 
1545.047875 0.148265 
1546.012324 0.143532 
1546.976773 0.138789 
1547.941223 0.139568 
1548.905672 0.141444 
1549.870122 0.151274 
1550.834571 0.146960 
1551.799020 0.139158 
1552.763470 0.137174 
1553.727919 0.136608 
1554.692368 0.138304 
1555.656818 0.134699 
1556.621267 0.129615 
1557.585716 0.122653 
1558.550166 0.122261 
1559.514615 0.123327 
1560.479064 0.121818 
1561.443514 0.121208 
1562.407963 0.119793 
1563.372413 0.117319 
1564.336862 0.113686 
1565.301311 0.112253 
1566.265761 0.111421 
1567.230210 0.109159 
1568.194659 0.106047 
1569.159109 0.101879 
1570.123558 0.101271 
1571.088007 0.102525 
1572.052457 0.102289 
1573.016906 0.101561 
1573.981356 0.099912 
1574.945805 0.095389 
1575.910254 0.088537 
1576.874704 0.095529 
1577.839153 0.099593 
1578.803602 0.098623 
1579.768052 0.097593 
1580.732501 0.096759 
1581.696950 0.096346 
1582.661400 0.096038 
1583.625849 0.095471 
1584.590298 0.094533 
1585.554748 0.093461 
1586.519197 0.092468 
1587.483647 0.091379 
1588.448096 0.090021 
1589.412545 0.088893 
1590.376995 0.087474 
1591.341444 0.085695 
1592.305893 0.083997 
1593.270343 0.082138 
1594.234792 0.080604 
1595.199241 0.079153 
1596.163691 0.077580 
1597.128140 0.075752 
1598.092590 0.073742 
1599.057039 0.072097 
1600.021488 0.070950 
1600.985938 0.070125 
1601.950387 0.069374 
1602.914836 0.068637 
1603.879286 0.067388 
1604.843735 0.065921 
1605.808184 0.064910 
1606.772634 0.064884 
1607.737083 0.063867 
1608.701532 0.062142 
1609.665982 0.061809 
1610.630431 0.060589 
1611.594881 0.059558 
1612.559330 0.058965 
1613.523779 0.057852 
1614.488229 0.056370 
1615.452678 0.052099 
1616.417127 0.045053 
1617.381577 0.049507 
1618.346026 0.053978 
1619.310475 0.055184 
1620.274925 0.055511 
1621.239374 0.054962 
1622.203824 0.053592 
1623.168273 0.050190 
1624.132722 0.050866 
1625.097172 0.052298 
1626.061621 0.051831 
1627.026070 0.050093 
1627.990520 0.049033 
1628.954969 0.049982 
1629.919418 0.049867 
1630.883868 0.049493 
1631.848317 0.049349 
1632.812766 0.049059 
1633.777216 0.047615 
1634.741665 0.040933 
1635.706115 0.041157 
1636.670564 0.047114 
1637.635013 0.048491 
1638.599463 0.049351 
1639.563912 0.049247 
1640.528361 0.049437 
1641.492811 0.049227 
1642.457260 0.049363 
1643.421709 0.048882 
1644.386159 0.048018 
1645.350608 0.045569 
1646.315058 0.045739 
1647.279507 0.047374 
1648.243956 0.047796 
1649.208406 0.048345 
1650.172855 0.048190 
1651.137304 0.045928 
1652.101754 0.036025 
1653.066203 0.028980 
1654.030652 0.046499 
1654.995102 0.048811 
1655.959551 0.048981 
1656.924000 0.049162 
1657.888450 0.048808 
1658.852899 0.048174 
1659.817349 0.048248 
1660.781798 0.048830 
1661.746247 0.048071 
1662.710697 0.046054 
1663.675146 0.047405 
1664.639595 0.048201 
1665.604045 0.048466 
1666.568494 0.048468 
1667.532943 0.049011 
1668.497393 0.049114 
1669.461842 0.047580 
1670.426292 0.047410 
1671.390741 0.048397 
1672.355190 0.049311 
1673.319640 0.048857 
1674.284089 0.047224 
1675.248538 0.047087 
1676.212988 0.049511 
1677.177437 0.049496 
1678.141886 0.049560 
1679.106336 0.051044 
1680.070785 0.058196 
1681.035234 0.056329 
1681.999684 0.050545 
1682.964133 0.048849 
1683.928583 0.049443 
1684.893032 0.047925 
1685.857481 0.048902 
1686.821931 0.050227 
1687.786380 0.053586 
1688.750829 0.055207 
1689.715279 0.051556 
1690.679728 0.050805 
1691.644177 0.050075 
1692.608627 0.049907 
1693.573076 0.049725 
1694.537526 0.048504 
1695.501975 0.045427 
1696.466424 0.050015 
1697.430874 0.051105 
1698.395323 0.050205 
1699.359772 0.046260 
1700.324222 0.044150 
1701.288671 0.049722 
1702.253120 0.051388 
1703.217570 0.051259 
1704.182019 0.050679 
1705.146468 0.050177 
1706.110918 0.049108 
1707.075367 0.050398 
1708.039817 0.050504 
1709.004266 0.050217 
1709.968715 0.051259 
1710.933165 0.051066 
1711.897614 0.050677 
1712.862063 0.051368 
1713.826513 0.052063 
1714.790962 0.053975 
1715.755411 0.054455 
1716.719861 0.050880 
1717.684310 0.049699 
1718.648760 0.050863 
1719.613209 0.050386 
1720.577658 0.050039 
1721.542108 0.050328 
1722.506557 0.050622 
1723.471006 0.051493 
1724.435456 0.050707 
1725.399905 0.049511 
1726.364354 0.049340 
1727.328804 0.049394 
1728.293253 0.049502 
1729.257702 0.051243 
1730.222152 0.055856 
1731.186601 0.051859 
1732.151051 0.050608 
1733.115500 0.050690 
1734.079949 0.051307 
1735.044399 0.049495 
1736.008848 0.049378 
1736.973297 0.049864 
1737.937747 0.050134 
1738.902196 0.048606 
1739.866645 0.047625 
1740.831095 0.048460 
1741.795544 0.049188 
1742.759994 0.051600 
1743.724443 0.057327 
1744.688892 0.053766 
1745.653342 0.051151 
1746.617791 0.051435 
1747.582240 0.052187 
1748.546690 0.052846 
1749.511139 0.054255 
1750.475588 0.053446 
1751.440038 0.056071 
1752.404487 0.052806 
1753.368936 0.050403 
1754.333386 0.049459 
1755.297835 0.049248 
1756.262285 0.050275 
1757.226734 0.051954 
1758.191183 0.051536 
1759.155633 0.050575 
1760.120082 0.049675 
1761.084531 0.049762 
1762.048981 0.050784 
1763.013430 0.050111 
1763.977879 0.049388 
1764.942329 0.049450 
1765.906778 0.049613 
1766.871228 0.050356 
1767.835677 0.053088 
1768.800126 0.053055 
1769.764576 0.050090 
1770.729025 0.048620 
1771.693474 0.046610 
1772.657924 0.046470 
1773.622373 0.049084 
1774.586822 0.050270 
1775.551272 0.051677 
1776.515721 0.051262 
1777.480170 0.050481 
1778.444620 0.051542 
1779.409069 0.051936 
1780.373519 0.051875 
1781.337968 0.052357 
1782.302417 0.051523 
1783.266867 0.050927 
1784.231316 0.052114 
1785.195765 0.054018 
1786.160215 0.051953 
1787.124664 0.051038 
1788.089113 0.051589 
1789.053563 0.052363 
1790.018012 0.054185 
1790.982462 0.056846 
1791.946911 0.053654 
1792.911360 0.051858 
1793.875810 0.052496 
1794.840259 0.053846 
1795.804708 0.058648 
1796.769158 0.057894 
1797.733607 0.053343 
1798.698056 0.051193 
1799.662506 0.051848 
1800.626955 0.055064 
1801.591404 0.059082 
1802.555854 0.059213 
1803.520303 0.054483 
1804.484753 0.052183 
1805.449202 0.052149 
1806.413651 0.052521 
1807.378101 0.054928 
1808.342550 0.055191 
1809.306999 0.052797 
1810.271449 0.053097 
1811.235898 0.055509 
1812.200347 0.056706 
1813.164797 0.054702 
1814.129246 0.052421 
1815.093696 0.052329 
1816.058145 0.052717 
1817.022594 0.054962 
1817.987044 0.055149 
1818.951493 0.052758 
1819.915942 0.052079 
1820.880392 0.052220 
1821.844841 0.052753 
1822.809290 0.053419 
1823.773740 0.052805 
1824.738189 0.053360 
1825.702638 0.054865 
1826.667088 0.052872 
1827.631537 0.051942 
1828.595987 0.051826 
1829.560436 0.052430 
1830.524885 0.052826 
1831.489335 0.052267 
1832.453784 0.052490 
1833.418233 0.053157 
1834.382683 0.052406 
1835.347132 0.051870 
1836.311581 0.052390 
1837.276031 0.053339 
1838.240480 0.052584 
1839.204930 0.051888 
1840.169379 0.051742 
1841.133828 0.052339 
1842.098278 0.053713 
1843.062727 0.053099 
1844.027176 0.052308 
1844.991626 0.054333 
1845.956075 0.053642 
1846.920524 0.053231 
1847.884974 0.055229 
1848.849423 0.053406 
1849.813872 0.051594 
1850.778322 0.051068 
1851.742771 0.051005 
1852.707221 0.051026 
1853.671670 0.050960 
1854.636119 0.050929 
1855.600569 0.050905 
1856.565018 0.050954 
1857.529467 0.051295 
1858.493917 0.052017 
1859.458366 0.051826 
1860.422815 0.051741 
1861.387265 0.052218 
1862.351714 0.051629 
1863.316164 0.051126 
1864.280613 0.051184 
1865.245062 0.051109 
1866.209512 0.051704 
1867.173961 0.052190 
1868.138410 0.052899 
1869.102860 0.053442 
1870.067309 0.053176 
1871.031758 0.052447 
1871.996208 0.051116 
1872.960657 0.050459 
1873.925106 0.050368 
1874.889556 0.050343 
1875.854005 0.050365 
1876.818455 0.050396 
1877.782904 0.050458 
1878.747353 0.050942 
1879.711803 0.051143 
1880.676252 0.050668 
1881.640701 0.050496 
1882.605151 0.050559 
1883.569600 0.050678 
1884.534049 0.051117 
1885.498499 0.051202 
1886.462948 0.050923 
1887.427398 0.050889 
1888.391847 0.051127 
1889.356296 0.052507 
1890.320746 0.052578 
1891.285195 0.051431 
1892.249644 0.051319 
1893.214094 0.051468 
1894.178543 0.051916 
1895.142992 0.052937 
1896.107442 0.052429 
1897.071891 0.051698 
1898.036340 0.051637 
1899.000790 0.051522 
1899.965239 0.051572 
1900.929689 0.051748 
1901.894138 0.051988 
1902.858587 0.051847 
1903.823037 0.051866 
1904.787486 0.051894 
1905.751935 0.051839 
1906.716385 0.052079 
1907.680834 0.053081 
1908.645283 0.053301 
1909.609733 0.053542 
1910.574182 0.053513 
1911.538632 0.052472 
1912.503081 0.052236 
1913.467530 0.052246 
1914.431980 0.052450 
1915.396429 0.052517 
1916.360878 0.052442 
1917.325328 0.052799 
1918.289777 0.053988 
1919.254226 0.053331 
1920.218676 0.052727 
1921.183125 0.053162 
1922.147574 0.055603 
1923.112024 0.057860 
1924.076473 0.054248 
1925.040923 0.052784 
1926.005372 0.052575 
1926.969821 0.052589 
1927.934271 0.052633 
1928.898720 0.052582 
1929.863169 0.052560 
1930.827619 0.052536 
1931.792068 0.052656 
1932.756517 0.052977 
1933.720967 0.052972 
1934.685416 0.052631 
1935.649866 0.052516 
1936.614315 0.052576 
1937.578764 0.052664 
1938.543214 0.052697 
1939.507663 0.052655 
1940.472112 0.053105 
1941.436562 0.054860 
1942.401011 0.058399 
1943.365460 0.056840 
1944.329910 0.053505 
1945.294359 0.053547 
1946.258808 0.053586 
1947.223258 0.052996 
1948.187707 0.052784 
1949.152157 0.053348 
1950.116606 0.053252 
1951.081055 0.052683 
1952.045505 0.052366 
1953.009954 0.052343 
1953.974403 0.052520 
1954.938853 0.053002 
1955.903302 0.052861 
1956.867751 0.053024 
1957.832201 0.054603 
1958.796650 0.056301 
1959.761100 0.054002 
1960.725549 0.052773 
1961.689998 0.052444 
1962.654448 0.052067 
1963.618897 0.051905 
1964.583346 0.051933 
1965.547796 0.052489 
1966.512245 0.053664 
1967.476694 0.054317 
1968.441144 0.052995 
1969.405593 0.051917 
1970.370042 0.051799 
1971.334492 0.051705 
1972.298941 0.051725 
1973.263391 0.051690 
1974.227840 0.051731 
1975.192289 0.051679 
1976.156739 0.051728 
1977.121188 0.051746 
1978.085637 0.051749 
1979.050087 0.051724 
1980.014536 0.051712 
1980.978985 0.051735 
1981.943435 0.051780 
1982.907884 0.051779 
1983.872334 0.051829 
1984.836783 0.051836 
1985.801232 0.051876 
1986.765682 0.051998 
1987.730131 0.052845 
1988.694580 0.053424 
1989.659030 0.052564 
1990.623479 0.052405 
1991.587928 0.054079 
1992.552378 0.055577 
1993.516827 0.053361 
1994.481276 0.052417 
1995.445726 0.052360 
1996.410175 0.052381 
1997.374625 0.052427 
1998.339074 0.052699 
1999.303523 0.052858 
2000.267973 0.052717 
2001.232422 0.052687 
2002.196871 0.052789 
2003.161321 0.052850 
2004.125770 0.052887 
2005.090219 0.052933 
2006.054669 0.053005 
2007.019118 0.053353 
2007.983568 0.053615 
2008.948017 0.053402 
2009.912466 0.053228 
2010.876916 0.053173 
2011.841365 0.053175 
2012.805814 0.053247 
2013.770264 0.053230 
2014.734713 0.053355 
2015.699162 0.054338 
2016.663612 0.057008 
2017.628061 0.057243 
2018.592510 0.056189 
2019.556960 0.054981 
2020.521409 0.053855 
2021.485859 0.053757 
2022.450308 0.054177 
2023.414757 0.054488 
2024.379207 0.054022 
2025.343656 0.053929 
2026.308105 0.054125 
2027.272555 0.054530 
2028.237004 0.055289 
2029.201453 0.055438 
2030.165903 0.054505 
2031.130352 0.054070 
2032.094802 0.053982 
2033.059251 0.054032 
2034.023700 0.054037 
2034.988150 0.054005 
2035.952599 0.053989 
2036.917048 0.054129 
2037.881498 0.054093 
2038.845947 0.054007 
2039.810396 0.054246 
2040.774846 0.055866 
2041.739295 0.056526 
2042.703744 0.054849 
2043.668194 0.054332 
2044.632643 0.054379 
2045.597093 0.054315 
2046.561542 0.054392 
2047.525991 0.054289 
2048.490441 0.054179 
2049.454890 0.054166 
2050.419339 0.054141 
2051.383789 0.054085 
2052.348238 0.054059 
2053.312687 0.054049 
2054.277137 0.054038 
2055.241586 0.054042 
2056.206036 0.053974 
2057.170485 0.053918 
2058.134934 0.053861 
2059.099384 0.053867 
2060.063833 0.054056 
2061.028282 0.054053 
2061.992732 0.053757 
2062.957181 0.053656 
2063.921630 0.054562 
2064.886080 0.056443 
2065.850529 0.055900 
2066.814978 0.054094 
2067.779428 0.053451 
2068.743877 0.053409 
2069.708327 0.053395 
2070.672776 0.053314 
2071.637225 0.053300 
2072.601675 0.053326 
2073.566124 0.053439 
2074.530573 0.053396 
2075.495023 0.053184 
2076.459472 0.053112 
2077.423921 0.053276 
2078.388371 0.053374 
2079.352820 0.053197 
2080.317270 0.053035 
2081.281719 0.053138 
2082.246168 0.053221 
2083.210618 0.053049 
2084.175067 0.052939 
2085.139516 0.052980 
2086.103966 0.053168 
2087.068415 0.053365 
2088.032864 0.053174 
2088.997314 0.053430 
2089.961763 0.054494 
2090.926212 0.054069 
2091.890662 0.052950 
2092.855111 0.052808 
2093.819561 0.052924 
2094.784010 0.053130 
2095.748459 0.052987 
2096.712909 0.052871 
2097.677358 0.052923 
2098.641807 0.053126 
2099.606257 0.053194 
2100.570706 0.053032 
2101.535155 0.052982 
2102.499605 0.053172 
2103.464054 0.053307 
2104.428504 0.053103 
2105.392953 0.053024 
2106.357402 0.053193 
2107.321852 0.053453 
2108.286301 0.053289 
2109.250750 0.053098 
2110.215200 0.053184 
2111.179649 0.053472 
2112.144098 0.053429 
2113.108548 0.053247 
2114.072997 0.053610 
2115.037446 0.054239 
2116.001896 0.053969 
2116.966345 0.053446 
2117.930795 0.053360 
2118.895244 0.053578 
2119.859693 0.053772 
2120.824143 0.053609 
2121.788592 0.053535 
2122.753041 0.053771 
2123.717491 0.054068 
2124.681940 0.053985 
2125.646389 0.053809 
2126.610839 0.053911 
2127.575288 0.054206 
2128.539738 0.054160 
2129.504187 0.054033 
2130.468636 0.054120 
2131.433086 0.054316 
2132.397535 0.054270 
2133.361984 0.054132 
2134.326434 0.054182 
2135.290883 0.054572 
2136.255332 0.054885 
2137.219782 0.054545 
2138.184231 0.054356 
2139.148680 0.054581 
2140.113130 0.054559 
2141.077579 0.054334 
2142.042029 0.054326 
2143.006478 0.054350 
2143.970927 0.054421 
2144.935377 0.054494 
2145.899826 0.054522 
2146.864275 0.054551 
2147.828725 0.054615 
2148.793174 0.054560 
2149.757623 0.054625 
2150.722073 0.054776 
2151.686522 0.054841 
2152.650972 0.054827 
2153.615421 0.054923 
2154.579870 0.055056 
2155.544320 0.054974 
2156.508769 0.054856 
2157.473218 0.055003 
2158.437668 0.055132 
2159.402117 0.055016 
2160.366566 0.054967 
2161.331016 0.055315 
2162.295465 0.055386 
2163.259914 0.055008 
2164.224364 0.054899 
2165.188813 0.055126 
2166.153263 0.055112 
2167.117712 0.054867 
2168.082161 0.054958 
2169.046611 0.055229 
2170.011060 0.055091 
2170.975509 0.054872 
2171.939959 0.055072 
2172.904408 0.055257 
2173.868857 0.055020 
2174.833307 0.054927 
2175.797756 0.055196 
2176.762206 0.055261 
2177.726655 0.054983 
2178.691104 0.054977 
2179.655554 0.055210 
2180.620003 0.055147 
2181.584452 0.054946 
2182.548902 0.055095 
2183.513351 0.055193 
2184.477800 0.055050 
2185.442250 0.055051 
2186.406699 0.055280 
2187.371148 0.055184 
2188.335598 0.054979 
2189.300047 0.055145 
2190.264497 0.055226 
2191.228946 0.054986 
2192.193395 0.054938 
2193.157845 0.055131 
2194.122294 0.055107 
2195.086743 0.054944 
2196.051193 0.055033 
2197.015642 0.055094 
2197.980091 0.055006 
2198.944541 0.054999 
2199.908990 0.055102 
2200.873440 0.055082 
2201.837889 0.055041 
2202.802338 0.055138 
2203.766788 0.055145 
2204.731237 0.055130 
2205.695686 0.055273 
2206.660136 0.055288 
2207.624585 0.055170 
2208.589034 0.055143 
2209.553484 0.055257 
2210.517933 0.055264 
2211.482382 0.055229 
2212.446832 0.055235 
2213.411281 0.055251 
2214.375731 0.055255 
2215.340180 0.055272 
2216.304629 0.055241 
2217.269079 0.055247 
2218.233528 0.055331 
2219.197977 0.055390 
2220.162427 0.055344 
2221.126876 0.055398 
2222.091325 0.055485 
2223.055775 0.055485 
2224.020224 0.055502 
2224.984674 0.055551 
2225.949123 0.055564 
2226.913572 0.055653 
2227.878022 0.055733 
2228.842471 0.055758 
2229.806920 0.055793 
2230.771370 0.055902 
2231.735819 0.055946 
2232.700268 0.055988 
2233.664718 0.056017 
2234.629167 0.056084 
2235.593616 0.056148 
2236.558066 0.056160 
2237.522515 0.056222 
2238.486965 0.056319 
2239.451414 0.056387 
2240.415863 0.056400 
2241.380313 0.056431 
2242.344762 0.056488 
2243.309211 0.056575 
2244.273661 0.056596 
2245.238110 0.056610 
2246.202559 0.056700 
2247.167009 0.056780 
2248.131458 0.056875 
2249.095908 0.056923 
2250.060357 0.057051 
2251.024806 0.057161 
2251.989256 0.057294 
2252.953705 0.057351 
2253.918154 0.057484 
2254.882604 0.057578 
2255.847053 0.057687 
2256.811502 0.057706 
2257.775952 0.057780 
2258.740401 0.057843 
2259.704850 0.057954 
2260.669300 0.057994 
2261.633749 0.058055 
2262.598199 0.058087 
2263.562648 0.058204 
2264.527097 0.058267 
2265.491547 0.058286 
2266.455996 0.058292 
2267.420445 0.058404 
2268.384895 0.058497 
2269.349344 0.058565 
2270.313793 0.058592 
2271.278243 0.058725 
2272.242692 0.058890 
2273.207142 0.058961 
2274.171591 0.059070 
2275.136040 0.059244 
2276.100490 0.059385 
2277.064939 0.059604 
2278.029388 0.059699 
2278.993838 0.059815 
2279.958287 0.060071 
2280.922736 0.060206 
2281.887186 0.060489 
2282.851635 0.060713 
2283.816084 0.060923 
2284.780534 0.061247 
2285.744983 0.061264 
2286.709433 0.061600 
2287.673882 0.061756 
2288.638331 0.062022 
2289.602781 0.062506 
2290.567230 0.062472 
2291.531679 0.063163 
2292.496129 0.063124 
2293.460578 0.063865 
2294.425027 0.064190 
2295.389477 0.064436 
2296.353926 0.065364 
2297.318376 0.065219 
2298.282825 0.066450 
2299.247274 0.066271 
2300.211724 0.067369 
2301.176173 0.067697 
2302.140622 0.067876 
2303.105072 0.068805 
2304.069521 0.068742 
2305.033970 0.070478 
2305.998420 0.070110 
2306.962869 0.072010 
2307.927318 0.071458 
2308.891768 0.072742 
2309.856217 0.072562 
2310.820667 0.073120 
2311.785116 0.073328 
2312.749565 0.072667 
2313.714015 0.073003 
2314.678464 0.071245 
2315.642913 0.071537 
2316.607363 0.070725 
2317.571812 0.071632 
2318.536261 0.071334 
2319.500711 0.072393 
2320.465160 0.071599 
2321.429610 0.072279 
2322.394059 0.071117 
2323.358508 0.071296 
2324.322958 0.069459 
2325.287407 0.068004 
2326.251856 0.066454 
2327.216306 0.065966 
2328.180755 0.065436 
2329.145204 0.065369 
2330.109654 0.064889 
2331.074103 0.064278 
2332.038552 0.062882 
2333.003002 0.061392 
2333.967451 0.059548 
2334.931901 0.058167 
2335.896350 0.058030 
2336.860799 0.058069 
2337.825249 0.057024 
2338.789698 0.057086 
2339.754147 0.057802 
2340.718597 0.057878 
2341.683046 0.058034 
2342.647495 0.059039 
2343.611945 0.060844 
2344.576394 0.063039 
2345.540844 0.064542 
2346.505293 0.065532 
2347.469742 0.066055 
2348.434192 0.068029 
2349.398641 0.068388 
2350.363090 0.067614 
2351.327540 0.066108 
2352.291989 0.063781 
2353.256438 0.061749 
2354.220888 0.061846 
2355.185337 0.061229 
2356.149786 0.059286 
2357.114236 0.058188 
2358.078685 0.058494 
2359.043135 0.058557 
2360.007584 0.057630 
2360.972033 0.057293 
2361.936483 0.057568 
2362.900932 0.057779 
2363.865381 0.058372 
2364.829831 0.059209 
2365.794280 0.059835 
2366.758729 0.060811 
2367.723179 0.061985 
2368.687628 0.063137 
2369.652078 0.064149 
2370.616527 0.065134 
2371.580976 0.066180 
2372.545426 0.067101 
2373.509875 0.068005 
2374.474324 0.068750 
2375.438774 0.069517 
2376.403223 0.070042 
2377.367672 0.070331 
2378.332122 0.070232 
2379.296571 0.069844 
2380.261020 0.069003 
2381.225470 0.067898 
2382.189919 0.066492 
2383.154369 0.064994 
2384.118818 0.063524 
2385.083267 0.062272 
2386.047717 0.061212 
2387.012166 0.060418 
2387.976615 0.059804 
2388.941065 0.059368 
2389.905514 0.059105 
2390.869963 0.058942 
2391.834413 0.058857 
2392.798862 0.058832 
2393.763312 0.058769 
2394.727761 0.058758 
2395.692210 0.058735 
2396.656660 0.058700 
2397.621109 0.058684 
2398.585558 0.058692 
2399.550008 0.058707 
2400.514457 0.058720 
2401.478906 0.058702 
2402.443356 0.058677 
2403.407805 0.058688 
2404.372254 0.058723 
2405.336704 0.058761 
2406.301153 0.058801 
2407.265603 0.058860 
2408.230052 0.058935 
2409.194501 0.058982 
2410.158951 0.058989 
2411.123400 0.058968 
2412.087849 0.059002 
2413.052299 0.059061 
2414.016748 0.059028 
2414.981197 0.059023 
2415.945647 0.059060 
2416.910096 0.059112 
2417.874546 0.059136 
2418.838995 0.059182 
2419.803444 0.059198 
2420.767894 0.059223 
2421.732343 0.059264 
2422.696792 0.059286 
2423.661242 0.059301 
2424.625691 0.059380 
2425.590140 0.059503 
2426.554590 0.059549 
2427.519039 0.059531 
2428.483488 0.059550 
2429.447938 0.059565 
2430.412387 0.059603 
2431.376837 0.059624 
2432.341286 0.059646 
2433.305735 0.059694 
2434.270185 0.059747 
2435.234634 0.059773 
2436.199083 0.059747 
2437.163533 0.059749 
2438.127982 0.059835 
2439.092431 0.059913 
2440.056881 0.059917 
2441.021330 0.059954 
2441.985780 0.060039 
2442.950229 0.060073 
2443.914678 0.060050 
2444.879128 0.060055 
2445.843577 0.060099 
2446.808026 0.060147 
2447.772476 0.060133 
2448.736925 0.060072 
2449.701374 0.060074 
2450.665824 0.060071 
2451.630273 0.059975 
2452.594722 0.059919 
2453.559172 0.059960 
2454.523621 0.060014 
2455.488071 0.060020 
2456.452520 0.059960 
2457.416969 0.059979 
2458.381419 0.060026 
2459.345868 0.060028 
2460.310317 0.060045 
2461.274767 0.060046 
2462.239216 0.060093 
2463.203665 0.060132 
2464.168115 0.060130 
2465.132564 0.060133 
2466.097014 0.060122 
2467.061463 0.060085 
2468.025912 0.060041 
2468.990362 0.059968 
2469.954811 0.059933 
2470.919260 0.059960 
2471.883710 0.059940 
2472.848159 0.059873 
2473.812608 0.059827 
2474.777058 0.059839 
2475.741507 0.059802 
2476.705956 0.059712 
2477.670406 0.059646 
2478.634855 0.059636 
2479.599305 0.059653 
2480.563754 0.059620 
2481.528203 0.059569 
2482.492653 0.059555 
2483.457102 0.059544 
2484.421551 0.059520 
2485.386001 0.059483 
2486.350450 0.059497 
2487.314899 0.059477 
2488.279349 0.059423 
2489.243798 0.059414 
2490.208248 0.059420 
2491.172697 0.059430 
2492.137146 0.059432 
2493.101596 0.059419 
2494.066045 0.059409 
2495.030494 0.059439 
2495.994944 0.059498 
2496.959393 0.059499 
2497.923842 0.059431 
2498.888292 0.059417 
2499.852741 0.059461 
2500.817190 0.059480 
2501.781640 0.059457 
2502.746089 0.059421 
2503.710539 0.059422 
2504.674988 0.059409 
2505.639437 0.059352 
2506.603887 0.059321 
2507.568336 0.059381 
2508.532785 0.059439 
2509.497235 0.059429 
2510.461684 0.059457 
2511.426133 0.059513 
2512.390583 0.059566 
2513.355032 0.059601 
2514.319482 0.059567 
2515.283931 0.059631 
2516.248380 0.059725 
2517.212830 0.059802 
2518.177279 0.059811 
2519.141728 0.059831 
2520.106178 0.059896 
2521.070627 0.059916 
2522.035076 0.059939 
2522.999526 0.059956 
2523.963975 0.059990 
2524.928424 0.060077 
2525.892874 0.060170 
2526.857323 0.060217 
2527.821773 0.060251 
2528.786222 0.060343 
2529.750671 0.060365 
2530.715121 0.060410 
2531.679570 0.060439 
2532.644019 0.060578 
2533.608469 0.060640 
2534.572918 0.060713 
2535.537367 0.060731 
2536.501817 0.060821 
2537.466266 0.060897 
2538.430716 0.060959 
2539.395165 0.060937 
2540.359614 0.061032 
2541.324064 0.061150 
2542.288513 0.061195 
2543.252962 0.061168 
2544.217412 0.061208 
2545.181861 0.061305 
2546.146310 0.061380 
2547.110760 0.061406 
2548.075209 0.061447 
2549.039658 0.061556 
2550.004108 0.061679 
2550.968557 0.061704 
2551.933007 0.061711 
2552.897456 0.061732 
2553.861905 0.061728 
2554.826355 0.061734 
2555.790804 0.061765 
2556.755253 0.061833 
2557.719703 0.061886 
2558.684152 0.061911 
2559.648601 0.061859 
2560.613051 0.061820 
2561.577500 0.061858 
2562.541950 0.061930 
2563.506399 0.061969 
2564.470848 0.061989 
2565.435298 0.062038 
2566.399747 0.062129 
2567.364196 0.062221 
2568.328646 0.062221 
2569.293095 0.062196 
2570.257544 0.062220 
2571.221994 0.062245 
2572.186443 0.062262 
2573.150892 0.062237 
2574.115342 0.062179 
2575.079791 0.062117 
2576.044241 0.062086 
2577.008690 0.062031 
2577.973139 0.062026 
2578.937589 0.062038 
2579.902038 0.062004 
2580.866487 0.061953 
2581.830937 0.061920 
2582.795386 0.061883 
2583.759835 0.061881 
2584.724285 0.061831 
2585.688734 0.061770 
2586.653184 0.061769 
2587.617633 0.061768 
2588.582082 0.061753 
2589.546532 0.061744 
2590.510981 0.061722 
2591.475430 0.061659 
2592.439880 0.061609 
2593.404329 0.061626 
2594.368778 0.061608 
2595.333228 0.061549 
2596.297677 0.061514 
2597.262126 0.061481 
2598.226576 0.061429 
2599.191025 0.061424 
2600.155475 0.061398 
2601.119924 0.061346 
2602.084373 0.061284 
2603.048823 0.061290 
2604.013272 0.061303 
2604.977721 0.061309 
2605.942171 0.061300 
2606.906620 0.061239 
2607.871069 0.061180 
2608.835519 0.061179 
2609.799968 0.061126 
2610.764418 0.061109 
2611.728867 0.061179 
2612.693316 0.061168 
2613.657766 0.061074 
2614.622215 0.061013 
2615.586664 0.060983 
2616.551114 0.061010 
2617.515563 0.061015 
2618.480012 0.061031 
2619.444462 0.061085 
2620.408911 0.061129 
2621.373360 0.061163 
2622.337810 0.061163 
2623.302259 0.061137 
2624.266709 0.061192 
2625.231158 0.061241 
2626.195607 0.061245 
2627.160057 0.061243 
2628.124506 0.061288 
2629.088955 0.061273 
2630.053405 0.061270 
2631.017854 0.061342 
2631.982303 0.061457 
2632.946753 0.061468 
2633.911202 0.061423 
2634.875652 0.061388 
2635.840101 0.061456 
2636.804550 0.061552 
2637.769000 0.061588 
2638.733449 0.061626 
2639.697898 0.061710 
2640.662348 0.061787 
2641.626797 0.061852 
2642.591246 0.061922 
2643.555696 0.062025 
2644.520145 0.062130 
2645.484594 0.062169 
2646.449044 0.062205 
2647.413493 0.062289 
2648.377943 0.062365 
2649.342392 0.062453 
2650.306841 0.062484 
2651.271291 0.062495 
2652.235740 0.062580 
2653.200189 0.062703 
2654.164639 0.062746 
2655.129088 0.062702 
2656.093537 0.062714 
2657.057987 0.062795 
2658.022436 0.062868 
2658.986886 0.062934 
2659.951335 0.063014 
2660.915784 0.063135 
2661.880234 0.063187 
2662.844683 0.063216 
2663.809132 0.063262 
2664.773582 0.063334 
2665.738031 0.063414 
2666.702480 0.063482 
2667.666930 0.063512 
2668.631379 0.063539 
2669.595828 0.063549 
2670.560278 0.063622 
2671.524727 0.063667 
2672.489177 0.063674 
2673.453626 0.063729 
2674.418075 0.063852 
2675.382525 0.063888 
2676.346974 0.063885 
2677.311423 0.063902 
2678.275873 0.063924 
2679.240322 0.063939 
2680.204771 0.063911 
2681.169221 0.063936 
2682.133670 0.064016 
2683.098120 0.063977 
2684.062569 0.063950 
2685.027018 0.063972 
2685.991468 0.063971 
2686.955917 0.063933 
2687.920366 0.063929 
2688.884816 0.063931 
2689.849265 0.063954 
2690.813714 0.063923 
2691.778164 0.063884 
2692.742613 0.063857 
2693.707062 0.063885 
2694.671512 0.063933 
2695.635961 0.063910 
2696.600411 0.063863 
2697.564860 0.063889 
2698.529309 0.063891 
2699.493759 0.063905 
2700.458208 0.063878 
2701.422657 0.063859 
2702.387107 0.063842 
2703.351556 0.063801 
2704.316005 0.063777 
2705.280455 0.063761 
2706.244904 0.063733 
2707.209354 0.063683 
2708.173803 0.063608 
2709.138252 0.063553 
2710.102702 0.063517 
2711.067151 0.063543 
2712.031600 0.063472 
2712.996050 0.063388 
2713.960499 0.063395 
2714.924948 0.063388 
2715.889398 0.063334 
2716.853847 0.063292 
2717.818296 0.063262 
2718.782746 0.063318 
2719.747195 0.063359 
2720.711645 0.063334 
2721.676094 0.063217 
2722.640543 0.063168 
2723.604993 0.063225 
2724.569442 0.063200 
2725.533891 0.063094 
2726.498341 0.063035 
2727.462790 0.063068 
2728.427239 0.063129 
2729.391689 0.063151 
2730.356138 0.063173 
2731.320588 0.063199 
2732.285037 0.063218 
2733.249486 0.063199 
2734.213936 0.063187 
2735.178385 0.063193 
2736.142834 0.063188 
2737.107284 0.063187 
2738.071733 0.063187 
2739.036182 0.063200 
2740.000632 0.063272 
2740.965081 0.063330 
2741.929530 0.063343 
2742.893980 0.063311 
2743.858429 0.063352 
2744.822879 0.063416 
2745.787328 0.063460 
2746.751777 0.063480 
2747.716227 0.063495 
2748.680676 0.063575 
2749.645125 0.063629 
2750.609575 0.063671 
2751.574024 0.063766 
2752.538473 0.063842 
2753.502923 0.063872 
2754.467372 0.063899 
2755.431822 0.063978 
2756.396271 0.064064 
2757.360720 0.064139 
2758.325170 0.064161 
2759.289619 0.064174 
2760.254068 0.064230 
2761.218518 0.064323 
2762.182967 0.064373 
2763.147416 0.064398 
2764.111866 0.064475 
2765.076315 0.064567 
2766.040764 0.064586 
2767.005214 0.064642 
2767.969663 0.064733 
2768.934113 0.064842 
2769.898562 0.064925 
2770.863011 0.064973 
2771.827461 0.065008 
2772.791910 0.065059 
2773.756359 0.065123 
2774.720809 0.065173 
2775.685258 0.065227 
2776.649707 0.065329 
2777.614157 0.065455 
2778.578606 0.065534 
2779.543056 0.065570 
2780.507505 0.065669 
2781.471954 0.065743 
2782.436404 0.065738 
2783.400853 0.065721 
2784.365302 0.065777 
2785.329752 0.065868 
2786.294201 0.065905 
2787.258650 0.065907 
2788.223100 0.065880 
2789.187549 0.065875 
2790.151998 0.065926 
2791.116448 0.065900 
2792.080897 0.065906 
2793.045347 0.065990 
2794.009796 0.066093 
2794.974245 0.066077 
2795.938695 0.066093 
2796.903144 0.066167 
2797.867593 0.066135 
2798.832043 0.066069 
2799.796492 0.066111 
2800.760941 0.066147 
2801.725391 0.066231 
2802.689840 0.066276 
2803.654290 0.066262 
2804.618739 0.066266 
2805.583188 0.066310 
2806.547638 0.066299 
2807.512087 0.066274 
2808.476536 0.066271 
2809.440986 0.066258 
2810.405435 0.066224 
2811.369884 0.066191 
2812.334334 0.066132 
2813.298783 0.066169 
2814.263232 0.066157 
2815.227682 0.066124 
2816.192131 0.066062 
2817.156581 0.066016 
2818.121030 0.066040 
2819.085479 0.066022 
2820.049929 0.065954 
2821.014378 0.065943 
2821.978827 0.065927 
2822.943277 0.065909 
2823.907726 0.065866 
2824.872175 0.065848 
2825.836625 0.065869 
2826.801074 0.065889 
2827.765524 0.065826 
2828.729973 0.065811 
2829.694422 0.065771 
2830.658872 0.065736 
2831.623321 0.065707 
2832.587770 0.065680 
2833.552220 0.065684 
2834.516669 0.065653 
2835.481118 0.065610 
2836.445568 0.065620 
2837.410017 0.065601 
2838.374466 0.065574 
2839.338916 0.065560 
2840.303365 0.065582 
2841.267815 0.065585 
2842.232264 0.065659 
2843.196713 0.065720 
2844.161163 0.065733 
2845.125612 0.065730 
2846.090061 0.065780 
2847.054511 0.065808 
2848.018960 0.065822 
2848.983409 0.065899 
2849.947859 0.065978 
2850.912308 0.066040 
2851.876758 0.066087 
2852.841207 0.066049 
2853.805656 0.066028 
2854.770106 0.066059 
2855.734555 0.066121 
2856.699004 0.066129 
2857.663454 0.066164 
2858.627903 0.066178 
2859.592352 0.066087 
2860.556802 0.066098 
2861.521251 0.066232 
2862.485700 0.066254 
2863.450150 0.066255 
2864.414599 0.066274 
2865.379049 0.066316 
2866.343498 0.066299 
2867.307947 0.066291 
2868.272397 0.066295 
2869.236846 0.066335 
2870.201295 0.066389 
2871.165745 0.066481 
2872.130194 0.066510 
2873.094643 0.066465 
2874.059093 0.066411 
2875.023542 0.066499 
2875.987992 0.066631 
2876.952441 0.066774 
2877.916890 0.066839 
2878.881340 0.066884 
2879.845789 0.066955 
2880.810238 0.067084 
2881.774688 0.067131 
2882.739137 0.067147 
2883.703586 0.067225 
2884.668036 0.067334 
2885.632485 0.067382 
2886.596934 0.067420 
2887.561384 0.067451 
2888.525833 0.067514 
2889.490283 0.067537 
2890.454732 0.067569 
2891.419181 0.067642 
2892.383631 0.067674 
2893.348080 0.067717 
2894.312529 0.067772 
2895.276979 0.067723 
2896.241428 0.067737 
2897.205877 0.067900 
2898.170327 0.068052 
2899.134776 0.068113 
2900.099226 0.068208 
2901.063675 0.068282 
2902.028124 0.068330 
2902.992574 0.068322 
2903.957023 0.068361 
2904.921472 0.068488 
2905.885922 0.068578 
2906.850371 0.068555 
2907.814820 0.068593 
2908.779270 0.068682 
2909.743719 0.068736 
2910.708168 0.068773 
2911.672618 0.068882 
2912.637067 0.068897 
2913.601517 0.068918 
2914.565966 0.068958 
2915.530415 0.069011 
2916.494865 0.069022 
2917.459314 0.069066 
2918.423763 0.069156 
2919.388213 0.069271 
2920.352662 0.069316 
2921.317111 0.069391 
2922.281561 0.069428 
2923.246010 0.069441 
2924.210460 0.069403 
2925.174909 0.069396 
2926.139358 0.069397 
2927.103808 0.069369 
2928.068257 0.069358 
2929.032706 0.069327 
2929.997156 0.069252 
2930.961605 0.069252 
2931.926054 0.069238 
2932.890504 0.069342 
2933.854953 0.069374 
2934.819402 0.069235 
2935.783852 0.069123 
2936.748301 0.069068 
2937.712751 0.068979 
2938.677200 0.068982 
2939.641649 0.068967 
2940.606099 0.068924 
2941.570548 0.068917 
2942.534997 0.068887 
2943.499447 0.068706 
2944.463896 0.068634 
2945.428345 0.068705 
2946.392795 0.068601 
2947.357244 0.068348 
2948.321694 0.068297 
2949.286143 0.068423 
2950.250592 0.068554 
2951.215042 0.068544 
2952.179491 0.068437 
2953.143940 0.068453 
2954.108390 0.068653 
2955.072839 0.068721 
2956.037288 0.068726 
2957.001738 0.068638 
2957.966187 0.068529 
2958.930636 0.068592 
2959.895086 0.068769 
2960.859535 0.068857 
2961.823985 0.068843 
2962.788434 0.068647 
2963.752883 0.068621 
2964.717333 0.068673 
2965.681782 0.068757 
2966.646231 0.068672 
2967.610681 0.068516 
2968.575130 0.068383 
2969.539579 0.068395 
2970.504029 0.068411 
2971.468478 0.068423 
2972.432928 0.068422 
2973.397377 0.068494 
2974.361826 0.068523 
2975.326276 0.068524 
2976.290725 0.068480 
2977.255174 0.068488 
2978.219624 0.068439 
2979.184073 0.068392 
2980.148522 0.068578 
2981.112972 0.068635 
2982.077421 0.068486 
2983.041870 0.068520 
2984.006320 0.068575 
2984.970769 0.068568 
2985.935219 0.068537 
2986.899668 0.068719 
2987.864117 0.068898 
2988.828567 0.068827 
2989.793016 0.068712 
2990.757465 0.068738 
2991.721915 0.068793 
2992.686364 0.068889 
2993.650813 0.069050 
2994.615263 0.069232 
2995.579712 0.069181 
2996.544162 0.069009 
2997.508611 0.068848 
2998.473060 0.068830 
2999.437510 0.068901 
3000.401959 0.068953 
3001.366408 0.068942 
3002.330858 0.068969 
3003.295307 0.069077 
3004.259756 0.069431 
3005.224206 0.069587 
3006.188655 0.069343 
3007.153104 0.069149 
3008.117554 0.069256 
3009.082003 0.069421 
3010.046453 0.069644 
3011.010902 0.069681 
3011.975351 0.069990 
3012.939801 0.070196 
3013.904250 0.069728 
3014.868699 0.069547 
3015.833149 0.069605 
3016.797598 0.069290 
3017.762047 0.069114 
3018.726497 0.069316 
3019.690946 0.069573 
3020.655396 0.069755 
3021.619845 0.069966 
3022.584294 0.070160 
3023.548744 0.070060 
3024.513193 0.069835 
3025.477642 0.069880 
3026.442092 0.069972 
3027.406541 0.069955 
3028.370990 0.070003 
3029.335440 0.070003 
3030.299889 0.070227 
3031.264338 0.070817 
3032.228788 0.070936 
3033.193237 0.070502 
3034.157687 0.070513 
3035.122136 0.070516 
3036.086585 0.070379 
3037.051035 0.070391 
3038.015484 0.070366 
3038.979933 0.070346 
3039.944383 0.070370 
3040.908832 0.070404 
3041.873281 0.070394 
3042.837731 0.070329 
3043.802180 0.070296 
3044.766630 0.070293 
3045.731079 0.070236 
3046.695528 0.070261 
3047.659978 0.070326 
3048.624427 0.070647 
3049.588876 0.070703 
3050.553326 0.070469 
3051.517775 0.070376 
3052.482224 0.070460 
3053.446674 0.070520 
3054.411123 0.070555 
3055.375572 0.070768 
3056.340022 0.071079 
3057.304471 0.070720 
3058.268921 0.070447 
3059.233370 0.070583 
3060.197819 0.070618 
3061.162269 0.070564 
3062.126718 0.070576 
3063.091167 0.070543 
3064.055617 0.070829 
3065.020066 0.071056 
3065.984515 0.070768 
3066.948965 0.070653 
3067.913414 0.070548 
3068.877864 0.070534 
3069.842313 0.070652 
3070.806762 0.070685 
3071.771212 0.070702 
3072.735661 0.070673 
3073.700110 0.070748 
3074.664560 0.070841 
3075.629009 0.070856 
3076.593458 0.070825 
3077.557908 0.071002 
3078.522357 0.071165 
3079.486806 0.071326 
3080.451256 0.071275 
3081.415705 0.071216 
3082.380155 0.071346 
3083.344604 0.071295 
3084.309053 0.071056 
3085.273503 0.070830 
3086.237952 0.070811 
3087.202401 0.071061 
3088.166851 0.071140 
3089.131300 0.071084 
3090.095749 0.071052 
3091.060199 0.071060 
3092.024648 0.071096 
3092.989098 0.071167 
3093.953547 0.071175 
3094.917996 0.071080 
3095.882446 0.071264 
3096.846895 0.071505 
3097.811344 0.071412 
3098.775794 0.071411 
3099.740243 0.071463 
3100.704692 0.071324 
3101.669142 0.071214 
3102.633591 0.071130 
3103.598040 0.071007 
3104.562490 0.070921 
3105.526939 0.071025 
3106.491389 0.071179 
3107.455838 0.071323 
3108.420287 0.071351 
3109.384737 0.071356 
3110.349186 0.071467 
3111.313635 0.071487 
3112.278085 0.071540 
3113.242534 0.071468 
3114.206983 0.071490 
3115.171433 0.071731 
3116.135882 0.072022 
3117.100332 0.071964 
3118.064781 0.072080 
3119.029230 0.072274 
3119.993680 0.071906 
3120.958129 0.071572 
3121.922578 0.071742 
3122.887028 0.072025 
3123.851477 0.071819 
3124.815926 0.071707 
3125.780376 0.071792 
3126.744825 0.071938 
3127.709274 0.071932 
3128.673724 0.071808 
3129.638173 0.071724 
3130.602623 0.071712 
3131.567072 0.071802 
3132.531521 0.071916 
3133.495971 0.072133 
3134.460420 0.072017 
3135.424869 0.071997 
3136.389319 0.072119 
3137.353768 0.072180 
3138.318217 0.072075 
3139.282667 0.071974 
3140.247116 0.071960 
3141.211566 0.072095 
3142.176015 0.072193 
3143.140464 0.072247 
3144.104914 0.072226 
3145.069363 0.072251 
3146.033812 0.072276 
3146.998262 0.072298 
3147.962711 0.072326 
3148.927160 0.072455 
3149.891610 0.072552 
3150.856059 0.072590 
3151.820508 0.072595 
3152.784958 0.072582 
3153.749407 0.072541 
3154.713857 0.072566 
3155.678306 0.072630 
3156.642755 0.072698 
3157.607205 0.072704 
3158.571654 0.072720 
3159.536103 0.072691 
3160.500553 0.072724 
3161.465002 0.072739 
3162.429451 0.072730 
3163.393901 0.072712 
3164.358350 0.072796 
3165.322800 0.072908 
3166.287249 0.073008 
3167.251698 0.073084 
3168.216148 0.073122 
3169.180597 0.073160 
3170.145046 0.073303 
3171.109496 0.073319 
3172.073945 0.073326 
3173.038394 0.073337 
3174.002844 0.073394 
3174.967293 0.073427 
3175.931742 0.073500 
3176.896192 0.073430 
3177.860641 0.073521 
3178.825091 0.073640 
3179.789540 0.073482 
3180.753989 0.073373 
3181.718439 0.073403 
3182.682888 0.073460 
3183.647337 0.073458 
3184.611787 0.073556 
3185.576236 0.073724 
3186.540685 0.073683 
3187.505135 0.073671 
3188.469584 0.073651 
3189.434034 0.073734 
3190.398483 0.073862 
3191.362932 0.073970 
3192.327382 0.073943 
3193.291831 0.073948 
3194.256280 0.074011 
3195.220730 0.074025 
3196.185179 0.074009 
3197.149628 0.074112 
3198.114078 0.074308 
3199.078527 0.074206 
3200.042976 0.074048 
3201.007426 0.074019 
3201.971875 0.074052 
3202.936325 0.074091 
3203.900774 0.074044 
3204.865223 0.074001 
3205.829673 0.074013 
3206.794122 0.074100 
3207.758571 0.074112 
3208.723021 0.074149 
3209.687470 0.074362 
3210.651919 0.074426 
3211.616369 0.074262 
3212.580818 0.074133 
3213.545268 0.074144 
3214.509717 0.074383 
3215.474166 0.074358 
3216.438616 0.074328 
3217.403065 0.074297 
3218.367514 0.074288 
3219.331964 0.074452 
3220.296413 0.074548 
3221.260862 0.074350 
3222.225312 0.074319 
3223.189761 0.074334 
3224.154210 0.074270 
3225.118660 0.074276 
3226.083109 0.074415 
3227.047559 0.074602 
3228.012008 0.074677 
3228.976457 0.074502 
3229.940907 0.074573 
3230.905356 0.074658 
3231.869805 0.074542 
3232.834255 0.074373 
3233.798704 0.074249 
3234.763153 0.074219 
3235.727603 0.074325 
3236.692052 0.074350 
3237.656502 0.074265 
3238.620951 0.074210 
3239.585400 0.074353 
3240.549850 0.074446 
3241.514299 0.074414 
3242.478748 0.074378 
3243.443198 0.074389 
3244.407647 0.074514 
3245.372096 0.074745 
3246.336546 0.074550 
3247.300995 0.074376 
3248.265444 0.074446 
3249.229894 0.074563 
3250.194343 0.074668 
3251.158793 0.074731 
3252.123242 0.074700 
3253.087691 0.074747 
3254.052141 0.075008 
3255.016590 0.074984 
3255.981039 0.074741 
3256.945489 0.074895 
3257.909938 0.074961 
3258.874387 0.074847 
3259.838837 0.074811 
3260.803286 0.074862 
3261.767736 0.074733 
3262.732185 0.074797 
3263.696634 0.074848 
3264.661084 0.074934 
3265.625533 0.075044 
3266.589982 0.075018 
3267.554432 0.074953 
3268.518881 0.075049 
3269.483330 0.075191 
3270.447780 0.075279 
3271.412229 0.075246 
3272.376678 0.075297 
3273.341128 0.075597 
3274.305577 0.075758 
3275.270027 0.075595 
3276.234476 0.075941 
3277.198925 0.076010 
3278.163375 0.075732 
3279.127824 0.075657 
3280.092273 0.075655 
3281.056723 0.075610 
3282.021172 0.075805 
3282.985621 0.076276 
3283.950071 0.076496 
3284.914520 0.076202 
3285.878970 0.075996 
3286.843419 0.075921 
3287.807868 0.076033 
3288.772318 0.076283 
3289.736767 0.076403 
3290.701216 0.076451 
3291.665666 0.076555 
3292.630115 0.076584 
3293.594564 0.076632 
3294.559014 0.076462 
3295.523463 0.076354 
3296.487912 0.076377 
3297.452362 0.076746 
3298.416811 0.076918 
3299.381261 0.076779 
3300.345710 0.076773 
3301.310159 0.076780 
3302.274609 0.076770 
3303.239058 0.076882 
3304.203507 0.076832 
3305.167957 0.076778 
3306.132406 0.076793 
3307.096855 0.076887 
3308.061305 0.077223 
3309.025754 0.077619 
3309.990204 0.077731 
3310.954653 0.077737 
3311.919102 0.077409 
3312.883552 0.077367 
3313.848001 0.077350 
3314.812450 0.077140 
3315.776900 0.077113 
3316.741349 0.077282 
3317.705798 0.077354 
3318.670248 0.077213 
3319.634697 0.077049 
3320.599146 0.077078 
3321.563596 0.077125 
3322.528045 0.077202 
3323.492495 0.077300 
3324.456944 0.077422 
3325.421393 0.077469 
3326.385843 0.077653 
3327.350292 0.077790 
3328.314741 0.077695 
3329.279191 0.077631 
3330.243640 0.077621 
3331.208089 0.077517 
3332.172539 0.077449 
3333.136988 0.077478 
3334.101438 0.077966 
3335.065887 0.078209 
3336.030336 0.078182 
3336.994786 0.078435 
3337.959235 0.077679 
3338.923684 0.076983 
3339.888134 0.077121 
3340.852583 0.077196 
3341.817032 0.077139 
3342.781482 0.076999 
3343.745931 0.076897 
3344.710380 0.076867 
3345.674830 0.077001 
3346.639279 0.077075 
3347.603729 0.077201 
3348.568178 0.077265 
3349.532627 0.077127 
3350.497077 0.076968 
3351.461526 0.077004 
3352.425975 0.077057 
3353.390425 0.077129 
3354.354874 0.077278 
3355.319323 0.077800 
3356.283773 0.078064 
3357.248222 0.077662 
3358.212672 0.077223 
3359.177121 0.077280 
3360.141570 0.077360 
3361.106020 0.077590 
3362.070469 0.078005 
3363.034918 0.077545 
3363.999368 0.077155 
3364.963817 0.077269 
3365.928266 0.077352 
3366.892716 0.077559 
3367.857165 0.077891 
3368.821614 0.077640 
3369.786064 0.077175 
3370.750513 0.076977 
3371.714963 0.076958 
3372.679412 0.077082 
3373.643861 0.077211 
3374.608311 0.077268 
3375.572760 0.077131 
3376.537209 0.076978 
3377.501659 0.077142 
3378.466108 0.077429 
3379.430557 0.077388 
3380.395007 0.077258 
3381.359456 0.077256 
3382.323906 0.077436 
3383.288355 0.077815 
3384.252804 0.078293 
3385.217254 0.078357 
3386.181703 0.078038 
3387.146152 0.077788 
3388.110602 0.077756 
3389.075051 0.077855 
3390.039500 0.077883 
3391.003950 0.078097 
3391.968399 0.079089 
3392.932848 0.080153 
3393.897298 0.079244 
3394.861747 0.078195 
3395.826197 0.078380 
3396.790646 0.079473 
3397.755095 0.079870 
3398.719545 0.078867 
3399.683994 0.078516 
3400.648443 0.078772 
3401.612893 0.078970 
3402.577342 0.078718 
3403.541791 0.078921 
3404.506241 0.079000 
3405.470690 0.078885 
3406.435140 0.079007 
3407.399589 0.079156 
3408.364038 0.079102 
3409.328488 0.079149 
3410.292937 0.079280 
3411.257386 0.079428 
3412.221836 0.079500 
3413.186285 0.079627 
3414.150734 0.079637 
3415.115184 0.079586 
3416.079633 0.079693 
3417.044082 0.079690 
3418.008532 0.079742 
3418.972981 0.080377 
3419.937431 0.081836 
3420.901880 0.082666 
3421.866329 0.082023 
3422.830779 0.081585 
3423.795228 0.081019 
3424.759677 0.080382 
3425.724127 0.080182 
3426.688576 0.080374 
3427.653025 0.080603 
3428.617475 0.080629 
3429.581924 0.080420 
3430.546374 0.080614 
3431.510823 0.080967 
3432.475272 0.081057 
3433.439722 0.080943 
3434.404171 0.080647 
3435.368620 0.080678 
3436.333070 0.080993 
3437.297519 0.081027 
3438.261968 0.081072 
3439.226418 0.080983 
3440.190867 0.080806 
3441.155316 0.081043 
3442.119766 0.082288 
3443.084215 0.082877 
3444.048665 0.081848 
3445.013114 0.081925 
3445.977563 0.082760 
3446.942013 0.084957 
3447.906462 0.084796 
3448.870911 0.082068 
3449.835361 0.080954 
3450.799810 0.080745 
3451.764259 0.080813 
3452.728709 0.080748 
3453.693158 0.080734 
3454.657608 0.080729 
3455.622057 0.081007 
3456.586506 0.081105 
3457.550956 0.081152 
3458.515405 0.081509 
3459.479854 0.081606 
3460.444304 0.081722 
3461.408753 0.081995 
3462.373202 0.082339 
3463.337652 0.082137 
3464.302101 0.081021 
3465.266550 0.080849 
3466.231000 0.081493 
3467.195449 0.082121 
3468.159899 0.081049 
3469.124348 0.080307 
3470.088797 0.080535 
3471.053247 0.080838 
3472.017696 0.080545 
3472.982145 0.080467 
3473.946595 0.080800 
3474.911044 0.081539 
3475.875493 0.081070 
3476.839943 0.080258 
3477.804392 0.080049 
3478.768842 0.080355 
3479.733291 0.081734 
3480.697740 0.083482 
3481.662190 0.083496 
3482.626639 0.083248 
3483.591088 0.081775 
3484.555538 0.081127 
3485.519987 0.081341 
3486.484436 0.081153 
3487.448886 0.081744 
3488.413335 0.082904 
3489.377784 0.081451 
3490.342234 0.080656 
3491.306683 0.080832 
3492.271133 0.080467 
3493.235582 0.080113 
3494.200031 0.080364 
3495.164481 0.081149 
3496.128930 0.081892 
3497.093379 0.081611 
3498.057829 0.080506 
3499.022278 0.080623 
3499.986727 0.081845 
3500.951177 0.083813 
3501.915626 0.087071 
3502.880076 0.088433 
3503.844525 0.086752 
3504.808974 0.083923 
3505.773424 0.081836 
3506.737873 0.080760 
3507.702322 0.081072 
3508.666772 0.084146 
3509.631221 0.087763 
3510.595670 0.085194 
3511.560120 0.082381 
3512.524569 0.081363 
3513.489018 0.080906 
3514.453468 0.080628 
3515.417917 0.080484 
3516.382367 0.080758 
3517.346816 0.081667 
3518.311265 0.082084 
3519.275715 0.082120 
3520.240164 0.081508 
3521.204613 0.081484 
3522.169063 0.084001 
3523.133512 0.089675 
3524.097961 0.091340 
3525.062411 0.089025 
3526.026860 0.087182 
3526.991310 0.087365 
3527.955759 0.087690 
3528.920208 0.086523 
3529.884658 0.084943 
3530.849107 0.084265 
3531.813556 0.083811 
3532.778006 0.082176 
3533.742455 0.081573 
3534.706904 0.082123 
3535.671354 0.085514 
3536.635803 0.088773 
3537.600252 0.085237 
3538.564702 0.082202 
3539.529151 0.082059 
3540.493601 0.082066 
3541.458050 0.082033 
3542.422499 0.082608 
3543.386949 0.084328 
3544.351398 0.087695 
3545.315847 0.092492 
3546.280297 0.092647 
3547.244746 0.091376 
3548.209195 0.086782 
3549.173645 0.083459 
3550.138094 0.082906 
3551.102544 0.083221 
3552.066993 0.085288 
3553.031442 0.086674 
3553.995892 0.086106 
3554.960341 0.084155 
3555.924790 0.082614 
3556.889240 0.082445 
3557.853689 0.082594 
3558.818138 0.083192 
3559.782588 0.085188 
3560.747037 0.085951 
3561.711486 0.084497 
3562.675936 0.084052 
3563.640385 0.083996 
3564.604835 0.085336 
3565.569284 0.092361 
3566.533733 0.101619 
3567.498183 0.099259 
3568.462632 0.095391 
3569.427081 0.087612 
3570.391531 0.084873 
3571.355980 0.084168 
3572.320429 0.083110 
3573.284879 0.083091 
3574.249328 0.083293 
3575.213778 0.083248 
3576.178227 0.082938 
3577.142676 0.083281 
3578.107126 0.083127 
3579.071575 0.083374 
3580.036024 0.084731 
3581.000474 0.084297 
3581.964923 0.083158 
3582.929372 0.083167 
3583.893822 0.083374 
3584.858271 0.083424 
3585.822720 0.084976 
3586.787170 0.092934 
3587.751619 0.095488 
3588.716069 0.092535 
3589.680518 0.086554 
3590.644967 0.083488 
3591.609417 0.082787 
3592.573866 0.083606 
3593.538315 0.085430 
3594.502765 0.085096 
3595.467214 0.086964 
3596.431663 0.085949 
3597.396113 0.083442 
3598.360562 0.083500 
3599.325012 0.083631 
3600.289461 0.083063 
3601.253910 0.083638 
3602.218360 0.083647 
3603.182809 0.083468 
3604.147258 0.082567 
3605.111708 0.082157 
3606.076157 0.082754 
3607.040606 0.085976 
3608.005056 0.086319 
3608.969505 0.085633 
3609.933954 0.086498 
3610.898404 0.083883 
3611.862853 0.083690 
3612.827303 0.086422 
3613.791752 0.086292 
3614.756201 0.086841 
3615.720651 0.085352 
3616.685100 0.083107 
3617.649549 0.084501 
3618.613999 0.084893 
3619.578448 0.084628 
3620.542897 0.085134 
3621.507347 0.084271 
3622.471796 0.083160 
3623.436246 0.082687 
3624.400695 0.082570 
3625.365144 0.082964 
3626.329594 0.084162 
3627.294043 0.082913 
3628.258492 0.083015 
3629.222942 0.089959 
3630.187391 0.088466 
3631.151840 0.085091 
3632.116290 0.083807 
3633.080739 0.083583 
3634.045188 0.084744 
3635.009638 0.084059 
3635.974087 0.083172 
3636.938537 0.082847 
3637.902986 0.082878 
3638.867435 0.083126 
3639.831885 0.083208 
3640.796334 0.083701 
3641.760783 0.085007 
3642.725233 0.085884 
3643.689682 0.084616 
3644.654131 0.083769 
3645.618581 0.083742 
3646.583030 0.084724 
3647.547480 0.087169 
3648.511929 0.084820 
3649.476378 0.084199 
3650.440828 0.084920 
3651.405277 0.085939 
3652.369726 0.084980 
3653.334176 0.084234 
3654.298625 0.083537 
3655.263074 0.082211 
3656.227524 0.083521 
3657.191973 0.084549 
3658.156422 0.083594 
3659.120872 0.083604 
3660.085321 0.083872 
3661.049771 0.083710 
3662.014220 0.083534 
3662.978669 0.083634 
3663.943119 0.083691 
3664.907568 0.083800 
3665.872017 0.083885 
3666.836467 0.083462 
3667.800916 0.082156 
3668.765365 0.082398 
3669.729815 0.082724 
3670.694264 0.083595 
3671.658714 0.084173 
3672.623163 0.083299 
3673.587612 0.082068 
3674.552062 0.079741 
3675.516511 0.081413 
3676.480960 0.083763 
3677.445410 0.084617 
3678.409859 0.083701 
3679.374308 0.083647 
3680.338758 0.084205 
3681.303207 0.083872 
3682.267656 0.083787 
3683.232106 0.083778 
3684.196555 0.083978 
3685.161005 0.084001 
3686.125454 0.083393 
3687.089903 0.081502 
3688.054353 0.077989 
3689.018802 0.080768 
3689.983251 0.081202 
3690.947701 0.082433 
3691.912150 0.083725 
3692.876599 0.083725 
3693.841049 0.084192 
3694.805498 0.084036 
3695.769948 0.083936 
3696.734397 0.084537 
3697.698846 0.084295 
3698.663296 0.084136 
3699.627745 0.084191 
3700.592194 0.083102 
3701.556644 0.083429 
3702.521093 0.084318 
3703.485542 0.083497 
3704.449992 0.083526 
3705.414441 0.084131 
3706.378890 0.084465 
3707.343340 0.083700 
3708.307789 0.081738 
3709.272239 0.081059 
3710.236688 0.082967 
3711.201137 0.082587 
3712.165587 0.083898 
3713.130036 0.085697 
3714.094485 0.085888 
3715.058935 0.086717 
3716.023384 0.085558 
3716.987833 0.084101 
3717.952283 0.083788 
3718.916732 0.085443 
3719.881182 0.085676 
3720.845631 0.083825 
3721.810080 0.084828 
3722.774530 0.089206 
3723.738979 0.087769 
3724.703428 0.088038 
3725.667878 0.090046 
3726.632327 0.090463 
3727.596776 0.089163 
3728.561226 0.085774 
3729.525675 0.084351 
3730.490124 0.083080 
3731.454574 0.079797 
3732.419023 0.080434 
3733.383473 0.082644 
3734.347922 0.086669 
3735.312371 0.098413 
3736.276821 0.092896 
3737.241270 0.087079 
3738.205719 0.085284 
3739.170169 0.085520 
3740.134618 0.085314 
3741.099067 0.086347 
3742.063517 0.085466 
3743.027966 0.082374 
3743.992416 0.079189 
3744.956865 0.086041 
3745.921314 0.085102 
3746.885764 0.085027 
3747.850213 0.083516 
3748.814662 0.078366 
3749.779112 0.079771 
3750.743561 0.080986 
3751.708010 0.080395 
3752.672460 0.084385 
3753.636909 0.085259 
3754.601358 0.085037 
3755.565808 0.083826 
3756.530257 0.084334 
3757.494707 0.085228 
3758.459156 0.085185 
3759.423605 0.085342 
3760.388055 0.084573 
3761.352504 0.084002 
3762.316953 0.084577 
3763.281403 0.084887 
3764.245852 0.084570 
3765.210301 0.084860 
3766.174751 0.087338 
3767.139200 0.086396 
3768.103650 0.084494 
3769.068099 0.081786 
3770.032548 0.083016 
3770.996998 0.085154 
3771.961447 0.085667 
3772.925896 0.085397 
3773.890346 0.085185 
3774.854795 0.085049 
3775.819244 0.084990 
3776.783694 0.084823 
3777.748143 0.084175 
3778.712592 0.082487 
3779.677042 0.083578 
3780.641491 0.084946 
3781.605941 0.085332 
3782.570390 0.085530 
3783.534839 0.084821 
3784.499289 0.085525 
3785.463738 0.086985 
3786.428187 0.086973 
3787.392637 0.086406 
3788.357086 0.085900 
3789.321535 0.085874 
3790.285985 0.085519 
3791.250434 0.085149 
3792.214884 0.085184 
3793.179333 0.085297 
3794.143782 0.085133 
3795.108232 0.084194 
3796.072681 0.083433 
3797.037130 0.085295 
3798.001580 0.086443 
3798.966029 0.085605 
3799.930478 0.082974 
3800.894928 0.078687 
3801.859377 0.080599 
3802.823826 0.084154 
3803.788276 0.085148 
3804.752725 0.084617 
3805.717175 0.082502 
3806.681624 0.080172 
3807.646073 0.083406 
3808.610523 0.084615 
3809.574972 0.085283 
3810.539421 0.085585 
3811.503871 0.085605 
3812.468320 0.085640 
3813.432769 0.085384 
3814.397219 0.083885 
3815.361668 0.079789 
3816.326118 0.081928 
3817.290567 0.084413 
3818.255016 0.085250 
3819.219466 0.084521 
3820.183915 0.080764 
3821.148364 0.079680 
3822.112814 0.084432 
3823.077263 0.085761 
3824.041712 0.086116 
3825.006162 0.085708 
3825.970611 0.085031 
3826.935060 0.085653 
3827.899510 0.086255 
3828.863959 0.086141 
3829.828409 0.085447 
3830.792858 0.083958 
3831.757307 0.084471 
3832.721757 0.085329 
3833.686206 0.084495 
3834.650655 0.084257 
3835.615105 0.084918 
3836.579554 0.082366 
3837.544003 0.080634 
3838.508453 0.084678 
3839.472902 0.086163 
3840.437352 0.087840 
3841.401801 0.087698 
3842.366250 0.086030 
3843.330700 0.086192 
3844.295149 0.087710 
3845.259598 0.086952 
3846.224048 0.086584 
3847.188497 0.086515 
3848.152946 0.086603 
3849.117396 0.087304 
3850.081845 0.087317 
3851.046294 0.084975 
3852.010744 0.083618 
3852.975193 0.081730 
3853.939643 0.082095 
3854.904092 0.086396 
3855.868541 0.086374 
3856.832991 0.088085 
3857.797440 0.089199 
3858.761889 0.087668 
3859.726339 0.086831 
3860.690788 0.086422 
3861.655237 0.087551 
3862.619687 0.088223 
3863.584136 0.086908 
3864.548586 0.087607 
3865.513035 0.089498 
3866.477484 0.088457 
3867.441934 0.087317 
3868.406383 0.086403 
3869.370832 0.087242 
3870.335282 0.091719 
3871.299731 0.090963 
3872.264180 0.088835 
3873.228630 0.087494 
3874.193079 0.089212 
3875.157528 0.088692 
3876.121978 0.087528 
3877.086427 0.087626 
3878.050877 0.087519 
3879.015326 0.086843 
3879.979775 0.089634 
3880.944225 0.095265 
3881.908674 0.091131 
3882.873123 0.090129 
3883.837573 0.090963 
3884.802022 0.089187 
3885.766471 0.091186 
3886.730921 0.091254 
3887.695370 0.088562 
3888.659820 0.087848 
3889.624269 0.087169 
3890.588718 0.087054 
3891.553168 0.090519 
3892.517617 0.090677 
3893.482066 0.090368 
3894.446516 0.091264 
3895.410965 0.089689 
3896.375414 0.088697 
3897.339864 0.089206 
3898.304313 0.090448 
3899.268762 0.093438 
3900.233212 0.092274 
3901.197661 0.091181 
3902.162111 0.097010 
3903.126560 0.093573 
3904.091009 0.092685 
3905.055459 0.095983 
3906.019908 0.095234 
3906.984357 0.091454 
3907.948807 0.088872 
3908.913256 0.088410 
3909.877705 0.088275 
3910.842155 0.088336 
3911.806604 0.088478 
3912.771054 0.088747 
3913.735503 0.088872 
3914.699952 0.089015 
3915.664402 0.090251 
3916.628851 0.094564 
3917.593300 0.095688 
3918.557750 0.091049 
3919.522199 0.090791 
3920.486648 0.092577 
3921.451098 0.090355 
3922.415547 0.089668 
3923.379996 0.092000 
3924.344446 0.095687 
3925.308895 0.095207 
3926.273345 0.091178 
3927.237794 0.089511 
3928.202243 0.089629 
3929.166693 0.090184 
3930.131142 0.092045 
3931.095591 0.093713 
3932.060041 0.096542 
3933.024490 0.096732 
3933.988939 0.092579 
3934.953389 0.090631 
3935.917838 0.089403 
3936.882288 0.089334 
3937.846737 0.090185 
3938.811186 0.090863 
3939.775636 0.090239 
3940.740085 0.089879 
3941.704534 0.091183 
3942.668984 0.096247 
3943.633433 0.096511 
3944.597882 0.092582 
3945.562332 0.090917 
3946.526781 0.091584 
3947.491230 0.095665 
3948.455680 0.096153 
3949.420129 0.094413 
3950.384579 0.094194 
3951.349028 0.091425 
3952.313477 0.089970 
3953.277927 0.090077 
3954.242376 0.089981 
3955.206825 0.090212 
3956.171275 0.091035 
3957.135724 0.091743 
3958.100173 0.091563 
3959.064623 0.091079 
3960.029072 0.091143 
3960.993522 0.092437 
3961.957971 0.095043 
3962.922420 0.093488 
3963.886870 0.090836 
3964.851319 0.090549 
3965.815768 0.089928 
3966.780218 0.089552 
3967.744667 0.089940 
3968.709116 0.091699 
3969.673566 0.092322 
3970.638015 0.090949 
3971.602464 0.090934 
3972.566914 0.091537 
3973.531363 0.090982 
3974.495813 0.091695 
3975.460262 0.093428 
3976.424711 0.093430 
3977.389161 0.091075 
3978.353610 0.089757 
3979.318059 0.090076 
3980.282509 0.090580 
3981.246958 0.090610 
3982.211407 0.090549 
3983.175857 0.089989 
3984.140306 0.089618 
3985.104756 0.089904 
3986.069205 0.089953 
3987.033654 0.089652 
3987.998104 0.089779 
3988.962553 0.090677 
3989.927002 0.092541 
3990.891452 0.093224 
3991.855901 0.091611 
3992.820350 0.090496 
3993.784800 0.090409 
3994.749249 0.091049 
3995.713698 0.091109 
3996.678148 0.090094 
3997.642597 0.089871 
3998.607047 0.089845 
3999.571496 0.089826 
4000.535945 0.089818 