##YUNITS=Abs
399.282035 0.172951 
400.246484 0.159195 
401.210934 0.147216 
402.175383 0.138863 
403.139832 0.133014 
404.104282 0.132231 
405.068731 0.135121 
406.033181 0.131721 
406.997630 0.123353 
407.962079 0.119547 
408.926529 0.115610 
409.890978 0.109795 
410.855427 0.106735 
411.819877 0.105474 
412.784326 0.105847 
413.748775 0.102746 
414.713225 0.100577 
415.677674 0.098514 
416.642124 0.103340 
417.606573 0.112668 
418.571022 0.114347 
419.535472 0.107920 
420.499921 0.100738 
421.464370 0.092968 
422.428820 0.091343 
423.393269 0.094235 
424.357718 0.090913 
425.322168 0.090417 
426.286617 0.089685 
427.251066 0.086493 
428.215516 0.084142 
429.179965 0.084564 
430.144415 0.084831 
431.108864 0.085521 
432.073313 0.084724 
433.037763 0.082942 
434.002212 0.084015 
434.966661 0.084870 
435.931111 0.084653 
436.895560 0.083855 
437.860009 0.081491 
438.824459 0.081237 
439.788908 0.081177 
440.753358 0.081185 
441.717807 0.086463 
442.682256 0.089548 
443.646706 0.091594 
444.611155 0.090025 
445.575604 0.088825 
446.540054 0.092230 
447.504503 0.088697 
448.468952 0.083425 
449.433402 0.082865 
450.397851 0.082899 
451.362300 0.082449 
452.326750 0.082351 
453.291199 0.082433 
454.255649 0.079591 
455.220098 0.079751 
456.184547 0.079972 
457.148997 0.083713 
458.113446 0.084215 
459.077895 0.075904 
460.042345 0.073192 
461.006794 0.074600 
461.971243 0.074417 
462.935693 0.071758 
463.900142 0.071911 
464.864592 0.071957 
465.829041 0.072545 
466.793490 0.074443 
467.757940 0.078676 
468.722389 0.078180 
469.686838 0.075061 
470.651288 0.074681 
471.615737 0.078119 
472.580186 0.081886 
473.544636 0.076811 
474.509085 0.073589 
475.473534 0.073579 
476.437984 0.072982 
477.402433 0.072507 
478.366883 0.072002 
479.331332 0.071017 
480.295781 0.069359 
481.260231 0.067783 
482.224680 0.066904 
483.189129 0.067866 
484.153579 0.068827 
485.118028 0.067187 
486.082477 0.066340 
487.046927 0.065684 
488.011376 0.063036 
488.975826 0.060998 
489.940275 0.059961 
490.904724 0.059941 
491.869174 0.060691 
492.833623 0.057385 
493.798072 0.054846 
494.762522 0.054709 
495.726971 0.054399 
496.691420 0.052923 
497.655870 0.051403 
498.620319 0.050961 
499.584768 0.050348 
500.549218 0.050394 
501.513667 0.052507 
502.478117 0.053345 
503.442566 0.050825 
504.407015 0.049870 
505.371465 0.048657 
506.335914 0.050167 
507.300363 0.050495 
508.264813 0.048817 
509.229262 0.048409 
510.193711 0.049755 
511.158161 0.050256 
512.122610 0.047878 
513.087060 0.046975 
514.051509 0.048815 
515.015958 0.048902 
515.980408 0.048585 
516.944857 0.051598 
517.909306 0.051531 
518.873756 0.050467 
519.838205 0.049339 
520.802654 0.047159 
521.767104 0.047814 
522.731553 0.047707 
523.696002 0.047263 
524.660452 0.049368 
525.624901 0.052428 
526.589351 0.050774 
527.553800 0.049555 
528.518249 0.051084 
529.482699 0.049743 
530.447148 0.049127 
531.411597 0.049858 
532.376047 0.049631 
533.340496 0.049034 
534.304945 0.049143 
535.269395 0.050090 
536.233844 0.049723 
537.198294 0.047802 
538.162743 0.046974 
539.127192 0.046763 
540.091642 0.046118 
541.056091 0.046095 
542.020540 0.045502 
542.984990 0.045206 
543.949439 0.045477 
544.913888 0.045846 
545.878338 0.046530 
546.842787 0.046322 
547.807236 0.046044 
548.771686 0.045899 
549.736135 0.046777 
550.700585 0.045307 
551.665034 0.043514 
552.629483 0.043509 
553.593933 0.043883 
554.558382 0.044115 
555.522831 0.044524 
556.487281 0.044853 
557.451730 0.044627 
558.416179 0.044214 
559.380629 0.043902 
560.345078 0.043696 
561.309528 0.043429 
562.273977 0.043738 
563.238426 0.044081 
564.202876 0.044546 
565.167325 0.044946 
566.131774 0.045318 
567.096224 0.045765 
568.060673 0.045552 
569.025122 0.046114 
569.989572 0.046120 
570.954021 0.045897 
571.918470 0.045718 
572.882920 0.045204 
573.847369 0.045168 
574.811819 0.045372 
575.776268 0.046915 
576.740717 0.046560 
577.705167 0.044528 
578.669616 0.044090 
579.634065 0.045003 
580.598515 0.046539 
581.562964 0.045481 
582.527413 0.043871 
583.491863 0.043748 
584.456312 0.044750 
585.420762 0.044550 
586.385211 0.043535 
587.349660 0.044174 
588.314110 0.045193 
589.278559 0.044658 
590.243008 0.044385 
591.207458 0.046007 
592.171907 0.046429 
593.136356 0.044482 
594.100806 0.044280 
595.065255 0.044544 
596.029704 0.044252 
596.994154 0.044407 
597.958603 0.044236 
598.923053 0.044499 
599.887502 0.045930 
600.851951 0.045650 
601.816401 0.044723 
602.780850 0.044506 
603.745299 0.044637 
604.709749 0.044976 
605.674198 0.045096 
606.638647 0.045359 
607.603097 0.045212 
608.567546 0.045554 
609.531996 0.045940 
610.496445 0.045836 
611.460894 0.045709 
612.425344 0.046063 
613.389793 0.046673 
614.354242 0.047230 
615.318692 0.048077 
616.283141 0.048837 
617.247590 0.049207 
618.212040 0.049302 
619.176489 0.049343 
620.140938 0.050375 
621.105388 0.051564 
622.069837 0.052184 
623.034287 0.052990 
623.998736 0.054226 
624.963185 0.055643 
625.927635 0.056117 
626.892084 0.055908 
627.856533 0.056401 
628.820983 0.057561 
629.785432 0.058368 
630.749881 0.058394 
631.714331 0.057463 
632.678780 0.055082 
633.643230 0.052238 
634.607679 0.050617 
635.572128 0.049766 
636.536578 0.048027 
637.501027 0.047252 
638.465476 0.046775 
639.429926 0.046460 
640.394375 0.046403 
641.358824 0.046223 
642.323274 0.045869 
643.287723 0.045781 
644.252172 0.046201 
645.216622 0.046525 
646.181071 0.046517 
647.145521 0.046545 
648.109970 0.046940 
649.074419 0.047066 
650.038869 0.046488 
651.003318 0.046631 
651.967767 0.047181 
652.932217 0.046943 
653.896666 0.046919 
654.861115 0.047099 
655.825565 0.046876 
656.790014 0.046904 
657.754464 0.047299 
658.718913 0.048229 
659.683362 0.048676 
660.647812 0.047893 
661.612261 0.047903 
662.576710 0.048574 
663.541160 0.048820 
664.505609 0.048872 
665.470058 0.049087 
666.434508 0.048539 
667.398957 0.046851 
668.363406 0.051653 
669.327856 0.052972 
670.292305 0.051637 
671.256755 0.050713 
672.221204 0.050363 
673.185653 0.050466 
674.150103 0.051005 
675.114552 0.051388 
676.079001 0.051493 
677.043451 0.051560 
678.007900 0.051642 
678.972349 0.052229 
679.936799 0.052877 
680.901248 0.053433 
681.865698 0.053681 
682.830147 0.054042 
683.794596 0.054700 
684.759046 0.055725 
685.723495 0.056628 
686.687944 0.057541 
687.652394 0.058986 
688.616843 0.060710 
689.581292 0.061520 
690.545742 0.061969 
691.510191 0.062752 
692.474640 0.063727 
693.439090 0.064825 
694.403539 0.066009 
695.367989 0.067210 
696.332438 0.068755 
697.296887 0.070335 
698.261337 0.071782 
699.225786 0.072868 
700.190235 0.073979 
701.154685 0.075547 
702.119134 0.077205 
703.083583 0.078799 
704.048033 0.080447 
705.012482 0.082616 
705.976932 0.084824 
706.941381 0.086585 
707.905830 0.088635 
708.870280 0.091103 
709.834729 0.093705 
710.799178 0.096414 
711.763628 0.099670 
712.728077 0.103241 
713.692526 0.107399 
714.656976 0.111795 
715.621425 0.116525 
716.585874 0.122099 
717.550324 0.128224 
718.514773 0.135335 
719.479223 0.143479 
720.443672 0.152316 
721.408121 0.161474 
722.372571 0.171659 
723.337020 0.183234 
724.301469 0.196068 
725.265919 0.210785 
726.230368 0.227290 
727.194817 0.246089 
728.159267 0.267242 
729.123716 0.291296 
730.088166 0.318861 
731.052615 0.350316 
732.017064 0.386766 
732.981514 0.429696 
733.945963 0.480782 
734.910412 0.541173 
735.874862 0.612381 
736.839311 0.696520 
737.803760 0.796599 
738.768210 0.913918 
739.732659 1.049809 
740.697108 1.208795 
741.661558 1.396221 
742.626007 1.619715 
743.590457 1.883155 
744.554906 2.199808 
745.519355 2.398063 
746.483805 2.413374 
747.448254 2.339934 
748.412703 2.300532 
749.377153 2.259564 
750.341602 2.272999 
751.306051 2.267604 
752.270501 2.256981 
753.234950 2.231778 
754.199400 2.265481 
755.163849 2.269834 
756.128298 2.288743 
757.092748 2.257093 
758.057197 2.244708 
759.021646 2.238622 
759.986096 2.263527 
760.950545 2.248223 
761.914994 2.256178 
762.879444 2.251545 
763.843893 2.270891 
764.808342 2.250007 
765.772792 2.259690 
766.737241 2.258230 
767.701691 2.269022 
768.666140 2.243389 
769.630589 2.247876 
770.595039 2.260080 
771.559488 2.279566 
772.523937 2.260094 
773.488387 2.275904 
774.452836 2.282173 
775.417285 2.289909 
776.381735 2.259095 
777.346184 2.265955 
778.310634 2.263984 
779.275083 2.274531 
780.239532 2.247291 
781.203982 2.251314 
782.168431 2.250244 
783.132880 2.267168 
784.097330 2.234968 
785.061779 2.240778 
786.026228 2.242595 
786.990678 2.262725 
787.955127 2.265064 
788.919576 2.270068 
789.884026 2.248913 
790.848475 2.255718 
791.812925 2.248023 
792.777374 2.250433 
793.741823 2.233247 
794.706273 2.240584 
795.670722 2.232032 
796.635171 2.242929 
797.599621 2.236540 
798.564070 2.250123 
799.528519 2.252621 
800.492969 2.264043 
801.457418 2.253398 
802.421868 2.322587 
803.386317 2.397644 
804.350766 2.211262 
805.315216 1.798510 
806.279665 1.480152 
807.244114 1.236227 
808.208564 1.051619 
809.173013 0.908749 
810.137462 0.794223 
811.101912 0.696222 
812.066361 0.610877 
813.030810 0.537553 
813.995260 0.477610 
814.959709 0.429874 
815.924159 0.392436 
816.888608 0.362447 
817.853057 0.337485 
818.817507 0.315384 
819.781956 0.294557 
820.746405 0.274827 
821.710855 0.256013 
822.675304 0.237905 
823.639753 0.220675 
824.604203 0.204585 
825.568652 0.190243 
826.533102 0.177911 
827.497551 0.167077 
828.462000 0.157727 
829.426450 0.150201 
830.390899 0.144130 
831.355348 0.139375 
832.319798 0.135416 
833.284247 0.131853 
834.248696 0.128897 
835.213146 0.126195 
836.177595 0.123536 
837.142044 0.120941 
838.106494 0.118715 
839.070943 0.116725 
840.035393 0.114254 
840.999842 0.111601 
841.964291 0.109285 
842.928741 0.107333 
843.893190 0.104756 
844.857639 0.101582 
845.822089 0.098316 
846.786538 0.095187 
847.750987 0.092494 
848.715437 0.090051 
849.679886 0.087473 
850.644336 0.085208 
851.608785 0.083137 
852.573234 0.081228 
853.537684 0.079450 
854.502133 0.077602 
855.466582 0.075918 
856.431032 0.074598 
857.395481 0.073313 
858.359930 0.071915 
859.324380 0.070794 
860.288829 0.070004 
861.253278 0.069385 
862.217728 0.068896 
863.182177 0.068420 
864.146627 0.067963 
865.111076 0.067746 
866.075525 0.067465 
867.039975 0.067202 
868.004424 0.067016 
868.968873 0.066966 
869.933323 0.066752 
870.897772 0.066370 
871.862221 0.066239 
872.826671 0.066069 
873.791120 0.065856 
874.755570 0.065657 
875.720019 0.065499 
876.684468 0.065318 
877.648918 0.064907 
878.613367 0.064328 
879.577816 0.063729 
880.542266 0.063307 
881.506715 0.062891 
882.471164 0.062640 
883.435614 0.062463 
884.400063 0.062060 
885.364512 0.061547 
886.328962 0.061213 
887.293411 0.060873 
888.257861 0.060393 
889.222310 0.059909 
890.186759 0.059561 
891.151209 0.059296 
892.115658 0.058937 
893.080107 0.058512 
894.044557 0.058139 
895.009006 0.057778 
895.973455 0.057462 
896.937905 0.056962 
897.902354 0.056570 
898.866804 0.056308 
899.831253 0.055986 
900.795702 0.055789 
901.760152 0.055659 
902.724601 0.055465 
903.689050 0.055123 
904.653500 0.054628 
905.617949 0.054060 
906.582398 0.053585 
907.546848 0.053159 
908.511297 0.052725 
909.475746 0.052313 
910.440196 0.051824 
911.404645 0.051443 
912.369095 0.051317 
913.333544 0.051240 
914.297993 0.050941 
915.262443 0.050584 
916.226892 0.050495 
917.191341 0.050522 
918.155791 0.050532 
919.120240 0.050591 
920.084689 0.050666 
921.049139 0.050941 
922.013588 0.051081 
922.978038 0.051050 
923.942487 0.050671 
924.906936 0.050234 
925.871386 0.050242 
926.835835 0.050236 
927.800284 0.050410 
928.764734 0.051090 
929.729183 0.051913 
930.693632 0.052633 
931.658082 0.053330 
932.622531 0.054104 
933.586980 0.054859 
934.551430 0.054282 
935.515879 0.052772 
936.480329 0.051932 
937.444778 0.051661 
938.409227 0.051407 
939.373677 0.051290 
940.338126 0.051270 
941.302575 0.051254 
942.267025 0.051297 
943.231474 0.051397 
944.195923 0.051517 
945.160373 0.051654 
946.124822 0.051923 
947.089272 0.052176 
948.053721 0.052444 
949.018170 0.052727 
949.982620 0.052975 
950.947069 0.053374 
951.911518 0.053939 
952.875968 0.054493 
953.840417 0.054930 
954.804866 0.055491 
955.769316 0.056178 
956.733765 0.056898 
957.698214 0.057805 
958.662664 0.058835 
959.627113 0.059849 
960.591563 0.060851 
961.556012 0.061953 
962.520461 0.063146 
963.484911 0.064353 
964.449360 0.065640 
965.413809 0.067167 
966.378259 0.068872 
967.342708 0.070505 
968.307157 0.072173 
969.271607 0.073907 
970.236056 0.075544 
971.200506 0.077143 
972.164955 0.078943 
973.129404 0.080621 
974.093854 0.082057 
975.058303 0.083303 
976.022752 0.084319 
976.987202 0.085088 
977.951651 0.085618 
978.916100 0.085687 
979.880550 0.085508 
980.844999 0.085218 
981.809448 0.084645 
982.773898 0.083806 
983.738347 0.082707 
984.702797 0.081567 
985.667246 0.080541 
986.631695 0.079484 
987.596145 0.078478 
988.560594 0.077700 
989.525043 0.077239 
990.489493 0.076917 
991.453942 0.076797 
992.418391 0.076887 
993.382841 0.077267 
994.347290 0.077898 
995.311740 0.078676 
996.276189 0.079661 
997.240638 0.080848 
998.205088 0.082215 
999.169537 0.083635 
1000.133986 0.084876 
1001.098436 0.086075 
1002.062885 0.087258 
1003.027334 0.088185 
1003.991784 0.088893 
1004.956233 0.089368 
1005.920682 0.089434 
1006.885132 0.089167 
1007.849581 0.088600 
1008.814031 0.087822 
1009.778480 0.086749 
1010.742929 0.085379 
1011.707379 0.083985 
1012.671828 0.082325 
1013.636277 0.080538 
1014.600727 0.078600 
1015.565176 0.076718 
1016.529625 0.074791 
1017.494075 0.072553 
1018.458524 0.070259 
1019.422974 0.068169 
1020.387423 0.066240 
1021.351872 0.064396 
1022.316322 0.062554 
1023.280771 0.060943 
1024.245220 0.059626 
1025.209670 0.058502 
1026.174119 0.057471 
1027.138568 0.056631 
1028.103018 0.056036 
1029.067467 0.055440 
1030.031916 0.054900 
1030.996366 0.054470 
1031.960815 0.054142 
1032.925265 0.053955 
1033.889714 0.053730 
1034.854163 0.053498 
1035.818613 0.053297 
1036.783062 0.053168 
1037.747511 0.053125 
1038.711961 0.053120 
1039.676410 0.053068 
1040.640859 0.053059 
1041.605309 0.053119 
1042.569758 0.053195 
1043.534208 0.053279 
1044.498657 0.053414 
1045.463106 0.053535 
1046.427556 0.053698 
1047.392005 0.053858 
1048.356454 0.054094 
1049.320904 0.054340 
1050.285353 0.054640 
1051.249802 0.054916 
1052.214252 0.055156 
1053.178701 0.055453 
1054.143150 0.055848 
1055.107600 0.056258 
1056.072049 0.056600 
1057.036499 0.056961 
1058.000948 0.057358 
1058.965397 0.057844 
1059.929847 0.058274 
1060.894296 0.058602 
1061.858745 0.059050 
1062.823195 0.059516 
1063.787644 0.059787 
1064.752093 0.060026 
1065.716543 0.060273 
1066.680992 0.060281 
1067.645442 0.060247 
1068.609891 0.060199 
1069.574340 0.060023 
1070.538790 0.059859 
1071.503239 0.059674 
1072.467688 0.059397 
1073.432138 0.059017 
1074.396587 0.058685 
1075.361036 0.058314 
1076.325486 0.057952 
1077.289935 0.057595 
1078.254384 0.057219 
1079.218834 0.056881 
1080.183283 0.056614 
1081.147733 0.056263 
1082.112182 0.055780 
1083.076631 0.055339 
1084.041081 0.055114 
1085.005530 0.054931 
1085.969979 0.054778 
1086.934429 0.054604 
1087.898878 0.054508 
1088.863327 0.054372 
1089.827777 0.054241 
1090.792226 0.054184 
1091.756676 0.054101 
1092.721125 0.054077 
1093.685574 0.054133 
1094.650024 0.054274 
1095.614473 0.054458 
1096.578922 0.054515 
1097.543372 0.054549 
1098.507821 0.054700 
1099.472270 0.054815 
1100.436720 0.054814 
1101.401169 0.054915 
1102.365618 0.055141 
1103.330068 0.055326 
1104.294517 0.055505 
1105.258967 0.055646 
1106.223416 0.055830 
1107.187865 0.055942 
1108.152315 0.055839 
1109.116764 0.055835 
1110.081213 0.055801 
1111.045663 0.055762 
1112.010112 0.055591 
1112.974561 0.055322 
1113.939011 0.054992 
1114.903460 0.054629 
1115.867910 0.054158 
1116.832359 0.053601 
1117.796808 0.053013 
1118.761258 0.052456 
1119.725707 0.051963 
1120.690156 0.051505 
1121.654606 0.051028 
1122.619055 0.050648 
1123.583504 0.050311 
1124.547954 0.050073 
1125.512403 0.049980 
1126.476852 0.049847 
1127.441302 0.049766 
1128.405751 0.049805 
1129.370201 0.049869 
1130.334650 0.049664 
1131.299099 0.049489 
1132.263549 0.049449 
1133.227998 0.049379 
1134.192447 0.049335 
1135.156897 0.049473 
1136.121346 0.049496 
1137.085795 0.049407 
1138.050245 0.049404 
1139.014694 0.049429 
1139.979144 0.049465 
1140.943593 0.049527 
1141.908042 0.049581 
1142.872492 0.049724 
1143.836941 0.049777 
1144.801390 0.049850 
1145.765840 0.050018 
1146.730289 0.050229 
1147.694738 0.050404 
1148.659188 0.050602 
1149.623637 0.050826 
1150.588086 0.050909 
1151.552536 0.050822 
1152.516985 0.050756 
1153.481435 0.050693 
1154.445884 0.050699 
1155.410333 0.050780 
1156.374783 0.050878 
1157.339232 0.051011 
1158.303681 0.051142 
1159.268131 0.051357 
1160.232580 0.051697 
1161.197029 0.051995 
1162.161479 0.052360 
1163.125928 0.052870 
1164.090378 0.053396 
1165.054827 0.053552 
1166.019276 0.053443 
1166.983726 0.053468 
1167.948175 0.053600 
1168.912624 0.053776 
1169.877074 0.054144 
1170.841523 0.054484 
1171.805972 0.054743 
1172.770422 0.054949 
1173.734871 0.055162 
1174.699320 0.055213 
1175.663770 0.054986 
1176.628219 0.054958 
1177.592669 0.055095 
1178.557118 0.055264 
1179.521567 0.055563 
1180.486017 0.055906 
1181.450466 0.055955 
1182.414915 0.055686 
1183.379365 0.055440 
1184.343814 0.055541 
1185.308263 0.055891 
1186.272713 0.056332 
1187.237162 0.056825 
1188.201612 0.057230 
1189.166061 0.057816 
1190.130510 0.058547 
1191.094960 0.059266 
1192.059409 0.060072 
1193.023858 0.060793 
1193.988308 0.061474 
1194.952757 0.062153 
1195.917206 0.062863 
1196.881656 0.063592 
1197.846105 0.064339 
1198.810554 0.065068 
1199.775004 0.065751 
1200.739453 0.066487 
1201.703903 0.067262 
1202.668352 0.068083 
1203.632801 0.068925 
1204.597251 0.069696 
1205.561700 0.070572 
1206.526149 0.071467 
1207.490599 0.072286 
1208.455048 0.073147 
1209.419497 0.074059 
1210.383947 0.074987 
1211.348396 0.075994 
1212.312846 0.076844 
1213.277295 0.077330 
1214.241744 0.077914 
1215.206194 0.078557 
1216.170643 0.079017 
1217.135092 0.079188 
1218.099542 0.079020 
1219.063991 0.078663 
1220.028440 0.078118 
1220.992890 0.077582 
1221.957339 0.077105 
1222.921788 0.076591 
1223.886238 0.075945 
1224.850687 0.075316 
1225.815137 0.074470 
1226.779586 0.073480 
1227.744035 0.072673 
1228.708485 0.072054 
1229.672934 0.071636 
1230.637383 0.071412 
1231.601833 0.071362 
1232.566282 0.071488 
1233.530731 0.071672 
1234.495181 0.072031 
1235.459630 0.072558 
1236.424080 0.073239 
1237.388529 0.074052 
1238.352978 0.074973 
1239.317428 0.076064 
1240.281877 0.077215 
1241.246326 0.078419 
1242.210776 0.079694 
1243.175225 0.081051 
1244.139674 0.082441 
1245.104124 0.083624 
1246.068573 0.084678 
1247.033022 0.085589 
1247.997472 0.086364 
1248.961921 0.086942 
1249.926371 0.087369 
1250.890820 0.087730 
1251.855269 0.088070 
1252.819719 0.088304 
1253.784168 0.088270 
1254.748617 0.088146 
1255.713067 0.087882 
1256.677516 0.087255 
1257.641965 0.086336 
1258.606415 0.085148 
1259.570864 0.083904 
1260.535314 0.082259 
1261.499763 0.079602 
1262.464212 0.076934 
1263.428662 0.074448 
1264.393111 0.071902 
1265.357560 0.069547 
1266.322010 0.067550 
1267.286459 0.065617 
1268.250908 0.064158 
1269.215358 0.063114 
1270.179807 0.062125 
1271.144256 0.061061 
1272.108706 0.060112 
1273.073155 0.058711 
1274.037605 0.057687 
1275.002054 0.056880 
1275.966503 0.056200 
1276.930953 0.055624 
1277.895402 0.055058 
1278.859851 0.054478 
1279.824301 0.054173 
1280.788750 0.053726 
1281.753199 0.053127 
1282.717649 0.052616 
1283.682098 0.052274 
1284.646548 0.052012 
1285.610997 0.051779 
1286.575446 0.051921 
1287.539896 0.052393 
1288.504345 0.052076 
1289.468794 0.051379 
1290.433244 0.051152 
1291.397693 0.050704 
1292.362142 0.050250 
1293.326592 0.050117 
1294.291041 0.050010 
1295.255490 0.050031 
1296.219940 0.050331 
1297.184389 0.050387 
1298.148839 0.049999 
1299.113288 0.049855 
1300.077737 0.049798 
1301.042187 0.049769 
1302.006636 0.049709 
1302.971085 0.049759 
1303.935535 0.049702 
1304.899984 0.049812 
1305.864433 0.049835 
1306.828883 0.049864 
1307.793332 0.050239 
1308.757782 0.050241 
1309.722231 0.049740 
1310.686680 0.049780 
1311.651130 0.050580 
1312.615579 0.051983 
1313.580028 0.051716 
1314.544478 0.051329 
1315.508927 0.050836 
1316.473376 0.051420 
1317.437826 0.051813 
1318.402275 0.051959 
1319.366724 0.052411 
1320.331174 0.051482 
1321.295623 0.050594 
1322.260073 0.050051 
1323.224522 0.050258 
1324.188971 0.050148 
1325.153421 0.049973 
1326.117870 0.049936 
1327.082319 0.050010 
1328.046769 0.050034 
1329.011218 0.050133 
1329.975667 0.050195 
1330.940117 0.049966 
1331.904566 0.049810 
1332.869016 0.049862 
1333.833465 0.049948 
1334.797914 0.050064 
1335.762364 0.051058 
1336.726813 0.052728 
1337.691262 0.053289 
1338.655712 0.055986 
1339.620161 0.058068 
1340.584610 0.056460 
1341.549060 0.051917 
1342.513509 0.050143 
1343.477958 0.050193 
1344.442408 0.050281 
1345.406857 0.050309 
1346.371307 0.050303 
1347.335756 0.050177 
1348.300205 0.050411 
1349.264655 0.050934 
1350.229104 0.050732 
1351.193553 0.050398 
1352.158003 0.050414 
1353.122452 0.050479 
1354.086901 0.051134 
1355.051351 0.051840 
1356.015800 0.050913 
1356.980250 0.050760 
1357.944699 0.051491 
1358.909148 0.051245 
1359.873598 0.051264 
1360.838047 0.053626 
1361.802496 0.054917 
1362.766946 0.057445 
1363.731395 0.056188 
1364.695844 0.051859 
1365.660294 0.050870 
1366.624743 0.050714 
1367.589192 0.051529 
1368.553642 0.053165 
1369.518091 0.052549 
1370.482541 0.051179 
1371.446990 0.051406 
1372.411439 0.052117 
1373.375889 0.054379 
1374.340338 0.055904 
1375.304787 0.054201 
1376.269237 0.051890 
1377.233686 0.051907 
1378.198135 0.053088 
1379.162585 0.052930 
1380.127034 0.052366 
1381.091484 0.051800 
1382.055933 0.051843 
1383.020382 0.051855 
1383.984832 0.051885 
1384.949281 0.052093 
1385.913730 0.053612 
1386.878180 0.056543 
1387.842629 0.056404 
1388.807078 0.052894 
1389.771528 0.051649 
1390.735977 0.051988 
1391.700426 0.051862 
1392.664876 0.051647 
1393.629325 0.053219 
1394.593775 0.057224 
1395.558224 0.057372 
1396.522673 0.055197 
1397.487123 0.055448 
1398.451572 0.056598 
1399.416021 0.056387 
1400.380471 0.053949 
1401.344920 0.052486 
1402.309369 0.052534 
1403.273819 0.052737 
1404.238268 0.054484 
1405.202718 0.056434 
1406.167167 0.054146 
1407.131616 0.052585 
1408.096066 0.052466 
1409.060515 0.052854 
1410.024964 0.053510 
1410.989414 0.053851 
1411.953863 0.054181 
1412.918312 0.052975 
1413.882762 0.052438 
1414.847211 0.052814 
1415.811660 0.054564 
1416.776110 0.056640 
1417.740559 0.057530 
1418.705009 0.058160 
1419.669458 0.059867 
1420.633907 0.055209 
1421.598357 0.053181 
1422.562806 0.053066 
1423.527255 0.056480 
1424.491705 0.056919 
1425.456154 0.053419 
1426.420603 0.052492 
1427.385053 0.052848 
1428.349502 0.053423 
1429.313952 0.054292 
1430.278401 0.055324 
1431.242850 0.054139 
1432.207300 0.054359 
1433.171749 0.055408 
1434.136198 0.054801 
1435.100648 0.055166 
1436.065097 0.058666 
1437.029546 0.060618 
1437.993996 0.055999 
1438.958445 0.053665 
1439.922894 0.053238 
1440.887344 0.053189 
1441.851793 0.053189 
1442.816243 0.052949 
1443.780692 0.052968 
1444.745141 0.053172 
1445.709591 0.053295 
1446.674040 0.053614 
1447.638489 0.056367 
1448.602939 0.056449 
1449.567388 0.053960 
1450.531837 0.053561 
1451.496287 0.055225 
1452.460736 0.056256 
1453.425186 0.054969 
1454.389635 0.056449 
1455.354084 0.059284 
1456.318534 0.061309 
1457.282983 0.063634 
1458.247432 0.062913 
1459.211882 0.060417 
1460.176331 0.056601 
1461.140780 0.054723 
1462.105230 0.054506 
1463.069679 0.054384 
1464.034128 0.055032 
1464.998578 0.057654 
1465.963027 0.056728 
1466.927477 0.055405 
1467.891926 0.055314 
1468.856375 0.055084 
1469.820825 0.055302 
1470.785274 0.056432 
1471.749723 0.060514 
1472.714173 0.063170 
1473.678622 0.062613 
1474.643071 0.058909 
1475.607521 0.058785 
1476.571970 0.061025 
1477.536420 0.057647 
1478.500869 0.055930 
1479.465318 0.055975 
1480.429768 0.057261 
1481.394217 0.059223 
1482.358666 0.058078 
1483.323116 0.057112 
1484.287565 0.057312 
1485.252014 0.058559 
1486.216464 0.060588 
1487.180913 0.061959 
1488.145362 0.063073 
1489.109812 0.067505 
1490.074261 0.071331 
1491.038711 0.067326 
1492.003160 0.063500 
1492.967609 0.062274 
1493.932059 0.062681 
1494.896508 0.063520 
1495.860957 0.066755 
1496.825407 0.069077 
1497.789856 0.067552 
1498.754305 0.069354 
1499.718755 0.070217 
1500.683204 0.070230 
1501.647654 0.072307 
1502.612103 0.072271 
1503.576552 0.071536 
1504.541002 0.072131 
1505.505451 0.075251 
1506.469900 0.086924 
1507.434350 0.097081 
1508.398799 0.092625 
1509.363248 0.089768 
1510.327698 0.087740 
1511.292147 0.084724 
1512.256596 0.086529 
1513.221046 0.085365 
1514.185495 0.085284 
1515.149945 0.089412 
1516.114394 0.092775 
1517.078843 0.096894 
1518.043293 0.093252 
1519.007742 0.090534 
1519.972191 0.093391 
1520.936641 0.099875 
1521.901090 0.099215 
1522.865539 0.097463 
1523.829989 0.096548 
1524.794438 0.098873 
1525.758888 0.101630 
1526.723337 0.101563 
1527.687786 0.103541 
1528.652236 0.103222 
1529.616685 0.102098 
1530.581134 0.103203 
1531.545584 0.107617 
1532.510033 0.109355 
1533.474482 0.113585 
1534.438932 0.117056 
1535.403381 0.117264 
1536.367830 0.117493 
1537.332280 0.118631 
1538.296729 0.121654 
1539.261179 0.130082 
1540.225628 0.135068 
1541.190077 0.134289 
1542.154527 0.138249 
1543.118976 0.142994 
1544.083425 0.144778 
1545.047875 0.148693 
1546.012324 0.146321 
1546.976773 0.142718 
1547.941223 0.142498 
1548.905672 0.145043 
1549.870122 0.151401 
1550.834571 0.148847 
1551.799020 0.143948 
1552.763470 0.142706 
1553.727919 0.144033 
1554.692368 0.145661 
1555.656818 0.140922 
1556.621267 0.137704 
1557.585716 0.137092 
1558.550166 0.142628 
1559.514615 0.142569 
1560.479064 0.134191 
1561.443514 0.127305 
1562.407963 0.123446 
1563.372413 0.120482 
1564.336862 0.118852 
1565.301311 0.117387 
1566.265761 0.114481 
1567.230210 0.112034 
1568.194659 0.110644 
1569.159109 0.111437 
1570.123558 0.110505 
1571.088007 0.107138 
1572.052457 0.105437 
1573.016906 0.104555 
1573.981356 0.103529 
1574.945805 0.102513 
1575.910254 0.103705 
1576.874704 0.106246 
1577.839153 0.104193 
1578.803602 0.102388 
1579.768052 0.101573 
1580.732501 0.101187 
1581.696950 0.100964 
1582.661400 0.100708 
1583.625849 0.100076 
1584.590298 0.099169 
1585.554748 0.098331 
1586.519197 0.097484 
1587.483647 0.096461 
1588.448096 0.095289 
1589.412545 0.094375 
1590.376995 0.093103 
1591.341444 0.091538 
1592.305893 0.089944 
1593.270343 0.088290 
1594.234792 0.087341 
1595.199241 0.085817 
1596.163691 0.083991 
1597.128140 0.082117 
1598.092590 0.080057 
1599.057039 0.078394 
1600.021488 0.077032 
1600.985938 0.076129 
1601.950387 0.074978 
1602.914836 0.074166 
1603.879286 0.072573 
1604.843735 0.070631 
1605.808184 0.069675 
1606.772634 0.069789 
1607.737083 0.069029 
1608.701532 0.067991 
1609.665982 0.067858 
1610.630431 0.066385 
1611.594881 0.065434 
1612.559330 0.065024 
1613.523779 0.064494 
1614.488229 0.063829 
1615.452678 0.063057 
1616.417127 0.063838 
1617.381577 0.065293 
1618.346026 0.063687 
1619.310475 0.063070 
1620.274925 0.063047 
1621.239374 0.062944 
1622.203824 0.062941 
1623.168273 0.064216 
1624.132722 0.063682 
1625.097172 0.062110 
1626.061621 0.061255 
1627.026070 0.061045 
1627.990520 0.062043 
1628.954969 0.061486 
1629.919418 0.060789 
1630.883868 0.060622 
1631.848317 0.060472 
1632.812766 0.060317 
1633.777216 0.059921 
1634.741665 0.060252 
1635.706115 0.063929 
1636.670564 0.063292 
1637.635013 0.063340 
1638.599463 0.061918 
1639.563912 0.060827 
1640.528361 0.060763 
1641.492811 0.060358 
1642.457260 0.060502 
1643.421709 0.060111 
1644.386159 0.059755 
1645.350608 0.060587 
1646.315058 0.063742 
1647.279507 0.064915 
1648.243956 0.064245 
1649.208406 0.061423 
1650.172855 0.059941 
1651.137304 0.058976 
1652.101754 0.058426 
1653.066203 0.063547 
1654.030652 0.068977 
1654.995102 0.064544 
1655.959551 0.061245 
1656.924000 0.060304 
1657.888450 0.059605 
1658.852899 0.058990 
1659.817349 0.058980 
1660.781798 0.059395 
1661.746247 0.059711 
1662.710697 0.060372 
1663.675146 0.059908 
1664.639595 0.058727 
1665.604045 0.058467 
1666.568494 0.058238 
1667.532943 0.059187 
1668.497393 0.061640 
1669.461842 0.062517 
1670.426292 0.060224 
1671.390741 0.060866 
1672.355190 0.060188 
1673.319640 0.058329 
1674.284089 0.057838 
1675.248538 0.061044 
1676.212988 0.060658 
1677.177437 0.058279 
1678.141886 0.057672 
1679.106336 0.059214 
1680.070785 0.063771 
1681.035234 0.062339 
1681.999684 0.058966 
1682.964133 0.060007 
1683.928583 0.066390 
1684.893032 0.065599 
1685.857481 0.060067 
1686.821931 0.058359 
1687.786380 0.060274 
1688.750829 0.061063 
1689.715279 0.059434 
1690.679728 0.058603 
1691.644177 0.057013 
1692.608627 0.056597 
1693.573076 0.056351 
1694.537526 0.056336 
1695.501975 0.058625 
1696.466424 0.062556 
1697.430874 0.060170 
1698.395323 0.058164 
1699.359772 0.056961 
1700.324222 0.063036 
1701.288671 0.061615 
1702.253120 0.058852 
1703.217570 0.057706 
1704.182019 0.058595 
1705.146468 0.058500 
1706.110918 0.058409 
1707.075367 0.058738 
1708.039817 0.056680 
1709.004266 0.055968 
1709.968715 0.057387 
1710.933165 0.057134 
1711.897614 0.056089 
1712.862063 0.056778 
1713.826513 0.058465 
1714.790962 0.061144 
1715.755411 0.060892 
1716.719861 0.059682 
1717.684310 0.062960 
1718.648760 0.063052 
1719.613209 0.058568 
1720.577658 0.056599 
1721.542108 0.056538 
1722.506557 0.056936 
1723.471006 0.058225 
1724.435456 0.057325 
1725.399905 0.056280 
1726.364354 0.056388 
1727.328804 0.056707 
1728.293253 0.056907 
1729.257702 0.059514 
1730.222152 0.063278 
1731.186601 0.060907 
1732.151051 0.060192 
1733.115500 0.063026 
1734.079949 0.068741 
1735.044399 0.065992 
1736.008848 0.062399 
1736.973297 0.062152 
1737.937747 0.062726 
1738.902196 0.062837 
1739.866645 0.065041 
1740.831095 0.064327 
1741.795544 0.063308 
1742.759994 0.066088 
1743.724443 0.069057 
1744.688892 0.066514 
1745.653342 0.064598 
1746.617791 0.065075 
1747.582240 0.065809 
1748.546690 0.066343 
1749.511139 0.065264 
1750.475588 0.064249 
1751.440038 0.066446 
1752.404487 0.062379 
1753.368936 0.059080 
1754.333386 0.057544 
1755.297835 0.057078 
1756.262285 0.058929 
1757.226734 0.060667 
1758.191183 0.058841 
1759.155633 0.057450 
1760.120082 0.056377 
1761.084531 0.057802 
1762.048981 0.060067 
1763.013430 0.057544 
1763.977879 0.055819 
1764.942329 0.055596 
1765.906778 0.055517 
1766.871228 0.056200 
1767.835677 0.059525 
1768.800126 0.059590 
1769.764576 0.056318 
1770.729025 0.056451 
1771.693474 0.057721 
1772.657924 0.058928 
1773.622373 0.057397 
1774.586822 0.056696 
1775.551272 0.058070 
1776.515721 0.057134 
1777.480170 0.055829 
1778.444620 0.056615 
1779.409069 0.057156 
1780.373519 0.058192 
1781.337968 0.058339 
1782.302417 0.056687 
1783.266867 0.055914 
1784.231316 0.057287 
1785.195765 0.058911 
1786.160215 0.056916 
1787.124664 0.055845 
1788.089113 0.056080 
1789.053563 0.056374 
1790.018012 0.057592 
1790.982462 0.059821 
1791.946911 0.059789 
1792.911360 0.060148 
1793.875810 0.057912 
1794.840259 0.057441 
1795.804708 0.059674 
1796.769158 0.059114 
1797.733607 0.056719 
1798.698056 0.056384 
1799.662506 0.057831 
1800.626955 0.058466 
1801.591404 0.059753 
1802.555854 0.059928 
1803.520303 0.057371 
1804.484753 0.056122 
1805.449202 0.056070 
1806.413651 0.056119 
1807.378101 0.057326 
1808.342550 0.057387 
1809.306999 0.056334 
1810.271449 0.057452 
1811.235898 0.058504 
1812.200347 0.058182 
1813.164797 0.056993 
1814.129246 0.055851 
1815.093696 0.055834 
1816.058145 0.055972 
1817.022594 0.057132 
1817.987044 0.057228 
1818.951493 0.056001 
1819.915942 0.055654 
1820.880392 0.055783 
1821.844841 0.056207 
1822.809290 0.056761 
1823.773740 0.056279 
1824.738189 0.058077 
1825.702638 0.059544 
1826.667088 0.056705 
1827.631537 0.055641 
1828.595987 0.056538 
1829.560436 0.059409 
1830.524885 0.059162 
1831.489335 0.056564 
1832.453784 0.056060 
1833.418233 0.056566 
1834.382683 0.055957 
1835.347132 0.055509 
1836.311581 0.056141 
1837.276031 0.057249 
1838.240480 0.056372 
1839.204930 0.055559 
1840.169379 0.055471 
1841.133828 0.055980 
1842.098278 0.057110 
1843.062727 0.057237 
1844.027176 0.059191 
1844.991626 0.060125 
1845.956075 0.057889 
1846.920524 0.057445 
1847.884974 0.058821 
1848.849423 0.057544 
1849.813872 0.055903 
1850.778322 0.055574 
1851.742771 0.055626 
1852.707221 0.055740 
1853.671670 0.055792 
1854.636119 0.055818 
1855.600569 0.055788 
1856.565018 0.055812 
1857.529467 0.056074 
1858.493917 0.056617 
1859.458366 0.056435 
1860.422815 0.056400 
1861.387265 0.056876 
1862.351714 0.056479 
1863.316164 0.056041 
1864.280613 0.056095 
1865.245062 0.056228 
1866.209512 0.057171 
1867.173961 0.058117 
1868.138410 0.059471 
1869.102860 0.060602 
1870.067309 0.059589 
1871.031758 0.057777 
1871.996208 0.056450 
1872.960657 0.055942 
1873.925106 0.055993 
1874.889556 0.055985 
1875.854005 0.055970 
1876.818455 0.056000 
1877.782904 0.056124 
1878.747353 0.056429 
1879.711803 0.056527 
1880.676252 0.056171 
1881.640701 0.056127 
1882.605151 0.056072 
1883.569600 0.056182 
1884.534049 0.056644 
1885.498499 0.056760 
1886.462948 0.056439 
1887.427398 0.056382 
1888.391847 0.056820 
1889.356296 0.059070 
1890.320746 0.058882 
1891.285195 0.057103 
1892.249644 0.056740 
1893.214094 0.056799 
1894.178543 0.057425 
1895.142992 0.058635 
1896.107442 0.058003 
1897.071891 0.057099 
1898.036340 0.057067 
1899.000790 0.056991 
1899.965239 0.057013 
1900.929689 0.057114 
1901.894138 0.057319 
1902.858587 0.057142 
1903.823037 0.057152 
1904.787486 0.057148 
1905.751935 0.057057 
1906.716385 0.057241 
1907.680834 0.058199 
1908.645283 0.058267 
1909.609733 0.058671 
1910.574182 0.058634 
1911.538632 0.057543 
1912.503081 0.057282 
1913.467530 0.057182 
1914.431980 0.057299 
1915.396429 0.057307 
1916.360878 0.057188 
1917.325328 0.058329 
1918.289777 0.060073 
1919.254226 0.058508 
1920.218676 0.057479 
1921.183125 0.057702 
1922.147574 0.059833 
1923.112024 0.061398 
1924.076473 0.059089 
1925.040923 0.057446 
1926.005372 0.057304 
1926.969821 0.057353 
1927.934271 0.057394 
1928.898720 0.057355 
1929.863169 0.057340 
1930.827619 0.057306 
1931.792068 0.057378 
1932.756517 0.057654 
1933.720967 0.057660 
1934.685416 0.057440 
1935.649866 0.057399 
1936.614315 0.057332 
1937.578764 0.057369 
1938.543214 0.057406 
1939.507663 0.057431 
1940.472112 0.057534 
1941.436562 0.058591 
1942.401011 0.061284 
1943.365460 0.060273 
1944.329910 0.058057 
1945.294359 0.058212 
1946.258808 0.058282 
1947.223258 0.057843 
1948.187707 0.057664 
1949.152157 0.058146 
1950.116606 0.058206 
1951.081055 0.057815 
1952.045505 0.057542 
1953.009954 0.057564 
1953.974403 0.057653 
1954.938853 0.058120 
1955.903302 0.058115 
1956.867751 0.058530 
1957.832201 0.061165 
1958.796650 0.064201 
1959.761100 0.061816 
1960.725549 0.058821 
1961.689998 0.058032 
1962.654448 0.057670 
1963.618897 0.057581 
1964.583346 0.057596 
1965.547796 0.058052 
1966.512245 0.059242 
1967.476694 0.059958 
1968.441144 0.058736 
1969.405593 0.057742 
1970.370042 0.057669 
1971.334492 0.057593 
1972.298941 0.057616 
1973.263391 0.057657 
1974.227840 0.057710 
1975.192289 0.057682 
1976.156739 0.057772 
1977.121188 0.057806 
1978.085637 0.057818 
1979.050087 0.057776 
1980.014536 0.057805 
1980.978985 0.057801 
1981.943435 0.057834 
1982.907884 0.057819 
1983.872334 0.057898 
1984.836783 0.057908 
1985.801232 0.058003 
1986.765682 0.058032 
1987.730131 0.058785 
1988.694580 0.059290 
1989.659030 0.058503 
1990.623479 0.058418 
1991.587928 0.060436 
1992.552378 0.061271 
1993.516827 0.059326 
1994.481276 0.058419 
1995.445726 0.058373 
1996.410175 0.058391 
1997.374625 0.058431 
1998.339074 0.058605 
1999.303523 0.058726 
2000.267973 0.058666 
2001.232422 0.058664 
2002.196871 0.058691 
2003.161321 0.058753 
2004.125770 0.058791 
2005.090219 0.058810 
2006.054669 0.058788 
2007.019118 0.058922 
2007.983568 0.059053 
2008.948017 0.059001 
2009.912466 0.058921 
2010.876916 0.058910 
2011.841365 0.058935 
2012.805814 0.058964 
2013.770264 0.058953 
2014.734713 0.058914 
2015.699162 0.059311 
2016.663612 0.060521 
2017.628061 0.060519 
2018.592510 0.060146 
2019.556960 0.059727 
2020.521409 0.059255 
2021.485859 0.059178 
2022.450308 0.059272 
2023.414757 0.059370 
2024.379207 0.059217 
2025.343656 0.059200 
2026.308105 0.059339 
2027.272555 0.059667 
2028.237004 0.060539 
2029.201453 0.060924 
2030.165903 0.059959 
2031.130352 0.059385 
2032.094802 0.059283 
2033.059251 0.059263 
2034.023700 0.059269 
2034.988150 0.059349 
2035.952599 0.059384 
2036.917048 0.059394 
2037.881498 0.059381 
2038.845947 0.059381 
2039.810396 0.059510 
2040.774846 0.060224 
2041.739295 0.060526 
2042.703744 0.059801 
2043.668194 0.059645 
2044.632643 0.059671 
2045.597093 0.059589 
2046.561542 0.059633 
2047.525991 0.059609 
2048.490441 0.059589 
2049.454890 0.059690 
2050.419339 0.059702 
2051.383789 0.059670 
2052.348238 0.059641 
2053.312687 0.059584 
2054.277137 0.059583 
2055.241586 0.059609 
2056.206036 0.059654 
2057.170485 0.059705 
2058.134934 0.059709 
2059.099384 0.059736 
2060.063833 0.059845 
2061.028282 0.059884 
2061.992732 0.059687 
2062.957181 0.059582 
2063.921630 0.059983 
2064.886080 0.060804 
2065.850529 0.060567 
2066.814978 0.059883 
2067.779428 0.059632 
2068.743877 0.059588 
2069.708327 0.059554 
2070.672776 0.059591 
2071.637225 0.059609 
2072.601675 0.059638 
2073.566124 0.059707 
2074.530573 0.059737 
2075.495023 0.059642 
2076.459472 0.059592 
2077.423921 0.059646 
2078.388371 0.059754 
2079.352820 0.059692 
2080.317270 0.059625 
2081.281719 0.059661 
2082.246168 0.059679 
2083.210618 0.059620 
2084.175067 0.059578 
2085.139516 0.059582 
2086.103966 0.059594 
2087.068415 0.059650 
2088.032864 0.059645 
2088.997314 0.059758 
2089.961763 0.060177 
2090.926212 0.059931 
2091.890662 0.059599 
2092.855111 0.059570 
2093.819561 0.059568 
2094.784010 0.059602 
2095.748459 0.059638 
2096.712909 0.059623 
2097.677358 0.059650 
2098.641807 0.059626 
2099.606257 0.059632 
2100.570706 0.059686 
2101.535155 0.059702 
2102.499605 0.059707 
2103.464054 0.059702 
2104.428504 0.059663 
2105.392953 0.059703 
2106.357402 0.059768 
2107.321852 0.059794 
2108.286301 0.059792 
2109.250750 0.059782 
2110.215200 0.059752 
2111.179649 0.059735 
2112.144098 0.059749 
2113.108548 0.059782 
2114.072997 0.059893 
2115.037446 0.060065 
2116.001896 0.059936 
2116.966345 0.059837 
2117.930795 0.059849 
2118.895244 0.059832 
2119.859693 0.059829 
2120.824143 0.059896 
2121.788592 0.059885 
2122.753041 0.059873 
2123.717491 0.059901 
2124.681940 0.059976 
2125.646389 0.060010 
2126.610839 0.060042 
2127.575288 0.060116 
2128.539738 0.060218 
2129.504187 0.060250 
2130.468636 0.060235 
2131.433086 0.060233 
2132.397535 0.060239 
2133.361984 0.060233 
2134.326434 0.060267 
2135.290883 0.060381 
2136.255332 0.060505 
2137.219782 0.060454 
2138.184231 0.060449 
2139.148680 0.060559 
2140.113130 0.060618 
2141.077579 0.060589 
2142.042029 0.060560 
2143.006478 0.060576 
2143.970927 0.060603 
2144.935377 0.060617 
2145.899826 0.060643 
2146.864275 0.060656 
2147.828725 0.060689 
2148.793174 0.060703 
2149.757623 0.060745 
2150.722073 0.060757 
2151.686522 0.060797 
2152.650972 0.060872 
2153.615421 0.060900 
2154.579870 0.060940 
2155.544320 0.060996 
2156.508769 0.060998 
2157.473218 0.061011 
2158.437668 0.060997 
2159.402117 0.061057 
2160.366566 0.061145 
2161.331016 0.061177 
2162.295465 0.061128 
2163.259914 0.061124 
2164.224364 0.061128 
2165.188813 0.061154 
2166.153263 0.061196 
2167.117712 0.061259 
2168.082161 0.061249 
2169.046611 0.061225 
2170.011060 0.061277 
2170.975509 0.061299 
2171.939959 0.061327 
2172.904408 0.061359 
2173.868857 0.061412 
2174.833307 0.061444 
2175.797756 0.061469 
2176.762206 0.061526 
2177.726655 0.061551 
2178.691104 0.061546 
2179.655554 0.061538 
2180.620003 0.061619 
2181.584452 0.061605 
2182.548902 0.061556 
2183.513351 0.061564 
2184.477800 0.061648 
2185.442250 0.061679 
2186.406699 0.061681 
2187.371148 0.061675 
2188.335598 0.061696 
2189.300047 0.061691 
2190.264497 0.061703 
2191.228946 0.061724 
2192.193395 0.061728 
2193.157845 0.061687 
2194.122294 0.061633 
2195.086743 0.061611 
2196.051193 0.061612 
2197.015642 0.061585 
2197.980091 0.061628 
2198.944541 0.061693 
2199.908990 0.061734 
2200.873440 0.061777 
2201.837889 0.061816 
2202.802338 0.061809 
2203.766788 0.061816 
2204.731237 0.061815 
2205.695686 0.061782 
2206.660136 0.061760 
2207.624585 0.061774 
2208.589034 0.061763 
2209.553484 0.061789 
2210.517933 0.061762 
2211.482382 0.061697 
2212.446832 0.061637 
2213.411281 0.061645 
2214.375731 0.061650 
2215.340180 0.061683 
2216.304629 0.061693 
2217.269079 0.061659 
2218.233528 0.061686 
2219.197977 0.061729 
2220.162427 0.061709 
2221.126876 0.061749 
2222.091325 0.061799 
2223.055775 0.061818 
2224.020224 0.061797 
2224.984674 0.061809 
2225.949123 0.061815 
2226.913572 0.061830 
2227.878022 0.061828 
2228.842471 0.061865 
2229.806920 0.061945 
2230.771370 0.061998 
2231.735819 0.061991 
2232.700268 0.062029 
2233.664718 0.062080 
2234.629167 0.062085 
2235.593616 0.062121 
2236.558066 0.062194 
2237.522515 0.062283 
2238.486965 0.062314 
2239.451414 0.062375 
2240.415863 0.062425 
2241.380313 0.062477 
2242.344762 0.062575 
2243.309211 0.062675 
2244.273661 0.062714 
2245.238110 0.062813 
2246.202559 0.062897 
2247.167009 0.062966 
2248.131458 0.063035 
2249.095908 0.063099 
2250.060357 0.063188 
2251.024806 0.063289 
2251.989256 0.063414 
2252.953705 0.063500 
2253.918154 0.063588 
2254.882604 0.063709 
2255.847053 0.063844 
2256.811502 0.063895 
2257.775952 0.063976 
2258.740401 0.064087 
2259.704850 0.064202 
2260.669300 0.064300 
2261.633749 0.064398 
2262.598199 0.064492 
2263.562648 0.064624 
2264.527097 0.064712 
2265.491547 0.064815 
2266.455996 0.064924 
2267.420445 0.065126 
2268.384895 0.065290 
2269.349344 0.065396 
2270.313793 0.065517 
2271.278243 0.065680 
2272.242692 0.065838 
2273.207142 0.065957 
2274.171591 0.066102 
2275.136040 0.066284 
2276.100490 0.066414 
2277.064939 0.066540 
2278.029388 0.066725 
2278.993838 0.066875 
2279.958287 0.067079 
2280.922736 0.067217 
2281.887186 0.067405 
2282.851635 0.067574 
2283.816084 0.067749 
2284.780534 0.067909 
2285.744983 0.067962 
2286.709433 0.068175 
2287.673882 0.068324 
2288.638331 0.068455 
2289.602781 0.068662 
2290.567230 0.068618 
2291.531679 0.068852 
2292.496129 0.068790 
2293.460578 0.069117 
2294.425027 0.069156 
2295.389477 0.069187 
2296.353926 0.069471 
2297.318376 0.069451 
2298.282825 0.069966 
2299.247274 0.069819 
2300.211724 0.070206 
2301.176173 0.070224 
2302.140622 0.070319 
2303.105072 0.070722 
2304.069521 0.070578 
2305.033970 0.071172 
2305.998420 0.070876 
2306.962869 0.071564 
2307.927318 0.071173 
2308.891768 0.071712 
2309.856217 0.071359 
2310.820667 0.071561 
2311.785116 0.071312 
2312.749565 0.071017 
2313.714015 0.070830 
2314.678464 0.070181 
2315.642913 0.070032 
2316.607363 0.069634 
2317.571812 0.069724 
2318.536261 0.069507 
2319.500711 0.069437 
2320.465160 0.068886 
2321.429610 0.069041 
2322.394059 0.068496 
2323.358508 0.068288 
2324.322958 0.067281 
2325.287407 0.066567 
2326.251856 0.065868 
2327.216306 0.065398 
2328.180755 0.064934 
2329.145204 0.064654 
2330.109654 0.064308 
2331.074103 0.063866 
2332.038552 0.063121 
2333.003002 0.062565 
2333.967451 0.061872 
2334.931901 0.061178 
2335.896350 0.060941 
2336.860799 0.060839 
2337.825249 0.060412 
2338.789698 0.060299 
2339.754147 0.060375 
2340.718597 0.060235 
2341.683046 0.060208 
2342.647495 0.060636 
2343.611945 0.061454 
2344.576394 0.062576 
2345.540844 0.063566 
2346.505293 0.064511 
2347.469742 0.065473 
2348.434192 0.066794 
2349.398641 0.066747 
2350.363090 0.065697 
2351.327540 0.064335 
2352.291989 0.062714 
2353.256438 0.061284 
2354.220888 0.060674 
2355.185337 0.059944 
2356.149786 0.058850 
2357.114236 0.058112 
2358.078685 0.058072 
2359.043135 0.058076 
2360.007584 0.057640 
2360.972033 0.057326 
2361.936483 0.057337 
2362.900932 0.057463 
2363.865381 0.057904 
2364.829831 0.058622 
2365.794280 0.059160 
2366.758729 0.059884 
2367.723179 0.060907 
2368.687628 0.061846 
2369.652078 0.062652 
2370.616527 0.063442 
2371.580976 0.064490 
2372.545426 0.065456 
2373.509875 0.066263 
2374.474324 0.066940 
2375.438774 0.067691 
2376.403223 0.068289 
2377.367672 0.068772 
2378.332122 0.069103 
2379.296571 0.069333 
2380.261020 0.069237 
2381.225470 0.068975 
2382.189919 0.068623 
2383.154369 0.068240 
2384.118818 0.067761 
2385.083267 0.067347 
2386.047717 0.067006 
2387.012166 0.066785 
2387.976615 0.066643 
2388.941065 0.066623 
2389.905514 0.066576 
2390.869963 0.066549 
2391.834413 0.066543 
2392.798862 0.066636 
2393.763312 0.066671 
2394.727761 0.066696 
2395.692210 0.066698 
2396.656660 0.066701 
2397.621109 0.066682 
2398.585558 0.066704 
2399.550008 0.066710 
2400.514457 0.066746 
2401.478906 0.066767 
2402.443356 0.066820 
2403.407805 0.066885 
2404.372254 0.066971 
2405.336704 0.067041 
2406.301153 0.067074 
2407.265603 0.067119 
2408.230052 0.067200 
2409.194501 0.067228 
2410.158951 0.067295 
2411.123400 0.067312 
2412.087849 0.067370 
2413.052299 0.067360 
2414.016748 0.067318 
2414.981197 0.067307 
2415.945647 0.067284 
2416.910096 0.067255 
2417.874546 0.067274 
2418.838995 0.067229 
2419.803444 0.067237 
2420.767894 0.067308 
2421.732343 0.067363 
2422.696792 0.067379 
2423.661242 0.067441 
2424.625691 0.067473 
2425.590140 0.067516 
2426.554590 0.067496 
2427.519039 0.067508 
2428.483488 0.067504 
2429.447938 0.067485 
2430.412387 0.067430 
2431.376837 0.067386 
2432.341286 0.067341 
2433.305735 0.067336 
2434.270185 0.067325 
2435.234634 0.067292 
2436.199083 0.067208 
2437.163533 0.067259 
2438.127982 0.067337 
2439.092431 0.067314 
2440.056881 0.067230 
2441.021330 0.067246 
2441.985780 0.067260 
2442.950229 0.067285 
2443.914678 0.067279 
2444.879128 0.067266 
2445.843577 0.067264 
2446.808026 0.067243 
2447.772476 0.067171 
2448.736925 0.067147 
2449.701374 0.067103 
2450.665824 0.067107 
2451.630273 0.067022 
2452.594722 0.066980 
2453.559172 0.066926 
2454.523621 0.066908 
2455.488071 0.066881 
2456.452520 0.066847 
2457.416969 0.066868 
2458.381419 0.066924 
2459.345868 0.066917 
2460.310317 0.066911 
2461.274767 0.066927 
2462.239216 0.066960 
2463.203665 0.066926 
2464.168115 0.066911 
2465.132564 0.066891 
2466.097014 0.066909 
2467.061463 0.066880 
2468.025912 0.066847 
2468.990362 0.066797 
2469.954811 0.066784 
2470.919260 0.066770 
2471.883710 0.066728 
2472.848159 0.066702 
2473.812608 0.066773 
2474.777058 0.066802 
2475.741507 0.066851 
2476.705956 0.066887 
2477.670406 0.066875 
2478.634855 0.066912 
2479.599305 0.067009 
2480.563754 0.066988 
2481.528203 0.067004 
2482.492653 0.067105 
2483.457102 0.067147 
2484.421551 0.067072 
2485.386001 0.067051 
2486.350450 0.067046 
2487.314899 0.067109 
2488.279349 0.067171 
2489.243798 0.067177 
2490.208248 0.067159 
2491.172697 0.067201 
2492.137146 0.067242 
2493.101596 0.067332 
2494.066045 0.067433 
2495.030494 0.067562 
2495.994944 0.067614 
2496.959393 0.067642 
2497.923842 0.067695 
2498.888292 0.067780 
2499.852741 0.067814 
2500.817190 0.067787 
2501.781640 0.067803 
2502.746089 0.067883 
2503.710539 0.067961 
2504.674988 0.068043 
2505.639437 0.068064 
2506.603887 0.068121 
2507.568336 0.068128 
2508.532785 0.068188 
2509.497235 0.068225 
2510.461684 0.068265 
2511.426133 0.068340 
2512.390583 0.068481 
2513.355032 0.068561 
2514.319482 0.068632 
2515.283931 0.068731 
2516.248380 0.068786 
2517.212830 0.068825 
2518.177279 0.068904 
2519.141728 0.068954 
2520.106178 0.068979 
2521.070627 0.069002 
2522.035076 0.069001 
2522.999526 0.068975 
2523.963975 0.069051 
2524.928424 0.069101 
2525.892874 0.069105 
2526.857323 0.069077 
2527.821773 0.069170 
2528.786222 0.069266 
2529.750671 0.069322 
2530.715121 0.069332 
2531.679570 0.069375 
2532.644019 0.069400 
2533.608469 0.069466 
2534.572918 0.069500 
2535.537367 0.069560 
2536.501817 0.069575 
2537.466266 0.069532 
2538.430716 0.069517 
2539.395165 0.069555 
2540.359614 0.069549 
2541.324064 0.069572 
2542.288513 0.069607 
2543.252962 0.069582 
2544.217412 0.069541 
2545.181861 0.069572 
2546.146310 0.069579 
2547.110760 0.069569 
2548.075209 0.069594 
2549.039658 0.069655 
2550.004108 0.069590 
2550.968557 0.069594 
2551.933007 0.069613 
2552.897456 0.069637 
2553.861905 0.069671 
2554.826355 0.069641 
2555.790804 0.069569 
2556.755253 0.069508 
2557.719703 0.069475 
2558.684152 0.069480 
2559.648601 0.069421 
2560.613051 0.069412 
2561.577500 0.069382 
2562.541950 0.069355 
2563.506399 0.069313 
2564.470848 0.069305 
2565.435298 0.069333 
2566.399747 0.069362 
2567.364196 0.069309 
2568.328646 0.069277 
2569.293095 0.069317 
2570.257544 0.069384 
2571.221994 0.069374 
2572.186443 0.069346 
2573.150892 0.069325 
2574.115342 0.069357 
2575.079791 0.069310 
2576.044241 0.069246 
2577.008690 0.069213 
2577.973139 0.069194 
2578.937589 0.069126 
2579.902038 0.069091 
2580.866487 0.069062 
2581.830937 0.069048 
2582.795386 0.069068 
2583.759835 0.069115 
2584.724285 0.069131 
2585.688734 0.069189 
2586.653184 0.069187 
2587.617633 0.069183 
2588.582082 0.069177 
2589.546532 0.069230 
2590.510981 0.069228 
2591.475430 0.069228 
2592.439880 0.069242 
2593.404329 0.069232 
2594.368778 0.069240 
2595.333228 0.069281 
2596.297677 0.069232 
2597.262126 0.069260 
2598.226576 0.069312 
2599.191025 0.069321 
2600.155475 0.069274 
2601.119924 0.069304 
2602.084373 0.069305 
2603.048823 0.069372 
2604.013272 0.069471 
2604.977721 0.069530 
2605.942171 0.069568 
2606.906620 0.069649 
2607.871069 0.069714 
2608.835519 0.069709 
2609.799968 0.069685 
2610.764418 0.069780 
2611.728867 0.069881 
2612.693316 0.069931 
2613.657766 0.069914 
2614.622215 0.069924 
2615.586664 0.069937 
2616.551114 0.069973 
2617.515563 0.070024 
2618.480012 0.070141 
2619.444462 0.070201 
2620.408911 0.070228 
2621.373360 0.070302 
2622.337810 0.070371 
2623.302259 0.070453 
2624.266709 0.070569 
2625.231158 0.070605 
2626.195607 0.070661 
2627.160057 0.070729 
2628.124506 0.070852 
2629.088955 0.070874 
2630.053405 0.070852 
2631.017854 0.070859 
2631.982303 0.070934 
2632.946753 0.070963 
2633.911202 0.070962 
2634.875652 0.070996 
2635.840101 0.071081 
2636.804550 0.071143 
2637.769000 0.071196 
2638.733449 0.071208 
2639.697898 0.071270 
2640.662348 0.071345 
2641.626797 0.071418 
2642.591246 0.071458 
2643.555696 0.071549 
2644.520145 0.071631 
2645.484594 0.071714 
2646.449044 0.071770 
2647.413493 0.071804 
2648.377943 0.071799 
2649.342392 0.071841 
2650.306841 0.071870 
2651.271291 0.071866 
2652.235740 0.071841 
2653.200189 0.071889 
2654.164639 0.071914 
2655.129088 0.071939 
2656.093537 0.071999 
2657.057987 0.072100 
2658.022436 0.072146 
2658.986886 0.072167 
2659.951335 0.072141 
2660.915784 0.072196 
2661.880234 0.072215 
2662.844683 0.072205 
2663.809132 0.072163 
2664.773582 0.072209 
2665.738031 0.072209 
2666.702480 0.072219 
2667.666930 0.072234 
2668.631379 0.072235 
2669.595828 0.072206 
2670.560278 0.072223 
2671.524727 0.072187 
2672.489177 0.072182 
2673.453626 0.072191 
2674.418075 0.072192 
2675.382525 0.072220 
2676.346974 0.072298 
2677.311423 0.072331 
2678.275873 0.072313 
2679.240322 0.072273 
2680.204771 0.072246 
2681.169221 0.072198 
2682.133670 0.072218 
2683.098120 0.072188 
2684.062569 0.072246 
2685.027018 0.072246 
2685.991468 0.072186 
2686.955917 0.072140 
2687.920366 0.072135 
2688.884816 0.072133 
2689.849265 0.072121 
2690.813714 0.072085 
2691.778164 0.072075 
2692.742613 0.072071 
2693.707062 0.072058 
2694.671512 0.072036 
2695.635961 0.072079 
2696.600411 0.072087 
2697.564860 0.072095 
2698.529309 0.072098 
2699.493759 0.072142 
2700.458208 0.072133 
2701.422657 0.072144 
2702.387107 0.072185 
2703.351556 0.072148 
2704.316005 0.072090 
2705.280455 0.072076 
2706.244904 0.072089 
2707.209354 0.072093 
2708.173803 0.072056 
2709.138252 0.072023 
2710.102702 0.071967 
2711.067151 0.072021 
2712.031600 0.072069 
2712.996050 0.072132 
2713.960499 0.072121 
2714.924948 0.072130 
2715.889398 0.072137 
2716.853847 0.072134 
2717.818296 0.072149 
2718.782746 0.072235 
2719.747195 0.072261 
2720.711645 0.072317 
2721.676094 0.072347 
2722.640543 0.072352 
2723.604993 0.072372 
2724.569442 0.072439 
2725.533891 0.072442 
2726.498341 0.072462 
2727.462790 0.072467 
2728.427239 0.072512 
2729.391689 0.072517 
2730.356138 0.072534 
2731.320588 0.072605 
2732.285037 0.072678 
2733.249486 0.072695 
2734.213936 0.072709 
2735.178385 0.072738 
2736.142834 0.072818 
2737.107284 0.072818 
2738.071733 0.072835 
2739.036182 0.072923 
2740.000632 0.072995 
2740.965081 0.073015 
2741.929530 0.073083 
2742.893980 0.073185 
2743.858429 0.073251 
2744.822879 0.073256 
2745.787328 0.073329 
2746.751777 0.073379 
2747.716227 0.073453 
2748.680676 0.073544 
2749.645125 0.073558 
2750.609575 0.073560 
2751.574024 0.073662 
2752.538473 0.073702 
2753.502923 0.073701 
2754.467372 0.073745 
2755.431822 0.073872 
2756.396271 0.073946 
2757.360720 0.074014 
2758.325170 0.074053 
2759.289619 0.074082 
2760.254068 0.074124 
2761.218518 0.074153 
2762.182967 0.074144 
2763.147416 0.074277 
2764.111866 0.074350 
2765.076315 0.074392 
2766.040764 0.074414 
2767.005214 0.074412 
2767.969663 0.074478 
2768.934113 0.074556 
2769.898562 0.074577 
2770.863011 0.074663 
2771.827461 0.074727 
2772.791910 0.074731 
2773.756359 0.074748 
2774.720809 0.074793 
2775.685258 0.074822 
2776.649707 0.074931 
2777.614157 0.075009 
2778.578606 0.075105 
2779.543056 0.075108 
2780.507505 0.075105 
2781.471954 0.075147 
2782.436404 0.075230 
2783.400853 0.075245 
2784.365302 0.075294 
2785.329752 0.075316 
2786.294201 0.075335 
2787.258650 0.075372 
2788.223100 0.075447 
2789.187549 0.075450 
2790.151998 0.075510 
2791.116448 0.075506 
2792.080897 0.075442 
2793.045347 0.075429 
2794.009796 0.075525 
2794.974245 0.075570 
2795.938695 0.075613 
2796.903144 0.075681 
2797.867593 0.075669 
2798.832043 0.075555 
2799.796492 0.075618 
2800.760941 0.075640 
2801.725391 0.075674 
2802.689840 0.075718 
2803.654290 0.075739 
2804.618739 0.075772 
2805.583188 0.075824 
2806.547638 0.075819 
2807.512087 0.075793 
2808.476536 0.075763 
2809.440986 0.075814 
2810.405435 0.075796 
2811.369884 0.075781 
2812.334334 0.075752 
2813.298783 0.075773 
2814.263232 0.075792 
2815.227682 0.075827 
2816.192131 0.075800 
2817.156581 0.075822 
2818.121030 0.075853 
2819.085479 0.075837 
2820.049929 0.075781 
2821.014378 0.075835 
2821.978827 0.075855 
2822.943277 0.075855 
2823.907726 0.075871 
2824.872175 0.075925 
2825.836625 0.076050 
2826.801074 0.076074 
2827.765524 0.076053 
2828.729973 0.076071 
2829.694422 0.076048 
2830.658872 0.076111 
2831.623321 0.076141 
2832.587770 0.076110 
2833.552220 0.076129 
2834.516669 0.076171 
2835.481118 0.076170 
2836.445568 0.076224 
2837.410017 0.076322 
2838.374466 0.076415 
2839.338916 0.076437 
2840.303365 0.076528 
2841.267815 0.076590 
2842.232264 0.076671 
2843.196713 0.076740 
2844.161163 0.076866 
2845.125612 0.076943 
2846.090061 0.077109 
2847.054511 0.077250 
2848.018960 0.077320 
2848.983409 0.077328 
2849.947859 0.077430 
2850.912308 0.077470 
2851.876758 0.077500 
2852.841207 0.077521 
2853.805656 0.077561 
2854.770106 0.077623 
2855.734555 0.077721 
2856.699004 0.077713 
2857.663454 0.077816 
2858.627903 0.077962 
2859.592352 0.078009 
2860.556802 0.078039 
2861.521251 0.078125 
2862.485700 0.078103 
2863.450150 0.078143 
2864.414599 0.078258 
2865.379049 0.078354 
2866.343498 0.078322 
2867.307947 0.078346 
2868.272397 0.078368 
2869.236846 0.078430 
2870.201295 0.078515 
2871.165745 0.078590 
2872.130194 0.078700 
2873.094643 0.078817 
2874.059093 0.078786 
2875.023542 0.078878 
2875.987992 0.078940 
2876.952441 0.078958 
2877.916890 0.078918 
2878.881340 0.078903 
2879.845789 0.078901 
2880.810238 0.078889 
2881.774688 0.078893 
2882.739137 0.078951 
2883.703586 0.078966 
2884.668036 0.079026 
2885.632485 0.079023 
2886.596934 0.079058 
2887.561384 0.079066 
2888.525833 0.079111 
2889.490283 0.079103 
2890.454732 0.079134 
2891.419181 0.079199 
2892.383631 0.079309 
2893.348080 0.079355 
2894.312529 0.079478 
2895.276979 0.079557 
2896.241428 0.079556 
2897.205877 0.079621 
2898.170327 0.079809 
2899.134776 0.079936 
2900.099226 0.080062 
2901.063675 0.080132 
2902.028124 0.080192 
2902.992574 0.080230 
2903.957023 0.080263 
2904.921472 0.080316 
2905.885922 0.080455 
2906.850371 0.080560 
2907.814820 0.080637 
2908.779270 0.080709 
2909.743719 0.080868 
2910.708168 0.080945 
2911.672618 0.081066 
2912.637067 0.081234 
2913.601517 0.081284 
2914.565966 0.081338 
2915.530415 0.081570 
2916.494865 0.081713 
2917.459314 0.081872 
2918.423763 0.081883 
2919.388213 0.081948 
2920.352662 0.082026 
2921.317111 0.082146 
2922.281561 0.082222 
2923.246010 0.082301 
2924.210460 0.082377 
2925.174909 0.082438 
2926.139358 0.082475 
2927.103808 0.082492 
2928.068257 0.082538 
2929.032706 0.082679 
2929.997156 0.082645 
2930.961605 0.082622 
2931.926054 0.082653 
2932.890504 0.082726 
2933.854953 0.082730 
2934.819402 0.082676 
2935.783852 0.082630 
2936.748301 0.082630 
2937.712751 0.082524 
2938.677200 0.082438 
2939.641649 0.082427 
2940.606099 0.082409 
2941.570548 0.082333 
2942.534997 0.082342 
2943.499447 0.082327 
2944.463896 0.082250 
2945.428345 0.082280 
2946.392795 0.082324 
2947.357244 0.082241 
2948.321694 0.082388 
2949.286143 0.082608 
2950.250592 0.082805 
2951.215042 0.082937 
2952.179491 0.082982 
2953.143940 0.083006 
2954.108390 0.083158 
2955.072839 0.083289 
2956.037288 0.083398 
2957.001738 0.083512 
2957.966187 0.083609 
2958.930636 0.083677 
2959.895086 0.083773 
2960.859535 0.083823 
2961.823985 0.083847 
2962.788434 0.083702 
2963.752883 0.083634 
2964.717333 0.083599 
2965.681782 0.083528 
2966.646231 0.083368 
2967.610681 0.083187 
2968.575130 0.082967 
2969.539579 0.082842 
2970.504029 0.082720 
2971.468478 0.082505 
2972.432928 0.082406 
2973.397377 0.082466 
2974.361826 0.082392 
2975.326276 0.082320 
2976.290725 0.082234 
2977.255174 0.082201 
2978.219624 0.082137 
2979.184073 0.082121 
2980.148522 0.082191 
2981.112972 0.082203 
2982.077421 0.082035 
2983.041870 0.082002 
2984.006320 0.082040 
2984.970769 0.082066 
2985.935219 0.082061 
2986.899668 0.082189 
2987.864117 0.082273 
2988.828567 0.082308 
2989.793016 0.082303 
2990.757465 0.082390 
2991.721915 0.082462 
2992.686364 0.082536 
2993.650813 0.082644 
2994.615263 0.082810 
2995.579712 0.082887 
2996.544162 0.082951 
2997.508611 0.082910 
2998.473060 0.082917 
2999.437510 0.082970 
3000.401959 0.083059 
3001.366408 0.083074 
3002.330858 0.083104 
3003.295307 0.083153 
3004.259756 0.083263 
3005.224206 0.083299 
3006.188655 0.083278 
3007.153104 0.083229 
3008.117554 0.083293 
3009.082003 0.083476 
3010.046453 0.083809 
3011.010902 0.083881 
3011.975351 0.084044 
3012.939801 0.084235 
3013.904250 0.084105 
3014.868699 0.084122 
3015.833149 0.084277 
3016.797598 0.084190 
3017.762047 0.084217 
3018.726497 0.084331 
3019.690946 0.084350 
3020.655396 0.084390 
3021.619845 0.084545 
3022.584294 0.084680 
3023.548744 0.084698 
3024.513193 0.084614 
3025.477642 0.084659 
3026.442092 0.084640 
3027.406541 0.084602 
3028.370990 0.084721 
3029.335440 0.084874 
3030.299889 0.085070 
3031.264338 0.085501 
3032.228788 0.085590 
3033.193237 0.085405 
3034.157687 0.085480 
3035.122136 0.085486 
3036.086585 0.085424 
3037.051035 0.085422 
3038.015484 0.085413 
3038.979933 0.085489 
3039.944383 0.085481 
3040.908832 0.085451 
3041.873281 0.085472 
3042.837731 0.085424 
3043.802180 0.085399 
3044.766630 0.085440 
3045.731079 0.085335 
3046.695528 0.085380 
3047.659978 0.085545 
3048.624427 0.085756 
3049.588876 0.085777 
3050.553326 0.085691 
3051.517775 0.085573 
3052.482224 0.085609 
3053.446674 0.085707 
3054.411123 0.085733 
3055.375572 0.085867 
3056.340022 0.086189 
3057.304471 0.086023 
3058.268921 0.085845 
3059.233370 0.085820 
3060.197819 0.085867 
3061.162269 0.085880 
3062.126718 0.085888 
3063.091167 0.085822 
3064.055617 0.085988 
3065.020066 0.086150 
3065.984515 0.086149 
3066.948965 0.086127 
3067.913414 0.086000 
3068.877864 0.085934 
3069.842313 0.085954 
3070.806762 0.085939 
3071.771212 0.086033 
3072.735661 0.086114 
3073.700110 0.086120 
3074.664560 0.086191 
3075.629009 0.086326 
3076.593458 0.086369 
3077.557908 0.086529 
3078.522357 0.086618 
3079.486806 0.086752 
3080.451256 0.086729 
3081.415705 0.086660 
3082.380155 0.086716 
3083.344604 0.086669 
3084.309053 0.086481 
3085.273503 0.086400 
3086.237952 0.086444 
3087.202401 0.086592 
3088.166851 0.086614 
3089.131300 0.086743 
3090.095749 0.086743 
3091.060199 0.086673 
3092.024648 0.086691 
3092.989098 0.086724 
3093.953547 0.086718 
3094.917996 0.086755 
3095.882446 0.086929 
3096.846895 0.087031 
3097.811344 0.086965 
3098.775794 0.087091 
3099.740243 0.087167 
3100.704692 0.087142 
3101.669142 0.087094 
3102.633591 0.087121 
3103.598040 0.087133 
3104.562490 0.087038 
3105.526939 0.087126 
3106.491389 0.087352 
3107.455838 0.087580 
3108.420287 0.087669 
3109.384737 0.087732 
3110.349186 0.087895 
3111.313635 0.087953 
3112.278085 0.088126 
3113.242534 0.088242 
3114.206983 0.088390 
3115.171433 0.088586 
3116.135882 0.088858 
3117.100332 0.088830 
3118.064781 0.088868 
3119.029230 0.089022 
3119.993680 0.088870 
3120.958129 0.088616 
3121.922578 0.088820 
3122.887028 0.089033 
3123.851477 0.088934 
3124.815926 0.088956 
3125.780376 0.089195 
3126.744825 0.089451 
3127.709274 0.089576 
3128.673724 0.089624 
3129.638173 0.089666 
3130.602623 0.089751 
3131.567072 0.089923 
3132.531521 0.090152 
3133.495971 0.090385 
3134.460420 0.090384 
3135.424869 0.090497 
3136.389319 0.090649 
3137.353768 0.090810 
3138.318217 0.090847 
3139.282667 0.090836 
3140.247116 0.090773 
3141.211566 0.090855 
3142.176015 0.090914 
3143.140464 0.091014 
3144.104914 0.091084 
3145.069363 0.091242 
3146.033812 0.091404 
3146.998262 0.091566 
3147.962711 0.091717 
3148.927160 0.091862 
3149.891610 0.091978 
3150.856059 0.092229 
3151.820508 0.092374 
3152.784958 0.092443 
3153.749407 0.092415 
3154.713857 0.092434 
3155.678306 0.092473 
3156.642755 0.092602 
3157.607205 0.092704 
3158.571654 0.092745 
3159.536103 0.092707 
3160.500553 0.092784 
3161.465002 0.092856 
3162.429451 0.092914 
3163.393901 0.092964 
3164.358350 0.093020 
3165.322800 0.093057 
3166.287249 0.093138 
3167.251698 0.093270 
3168.216148 0.093480 
3169.180597 0.093620 
3170.145046 0.093771 
3171.109496 0.093809 
3172.073945 0.093889 
3173.038394 0.093987 
3174.002844 0.094063 
3174.967293 0.094071 
3175.931742 0.094100 
3176.896192 0.094061 
3177.860641 0.094270 
3178.825091 0.094343 
3179.789540 0.094222 
3180.753989 0.094191 
3181.718439 0.094264 
3182.682888 0.094296 
3183.647337 0.094293 
3184.611787 0.094413 
3185.576236 0.094544 
3186.540685 0.094510 
3187.505135 0.094573 
3188.469584 0.094690 
3189.434034 0.094801 
3190.398483 0.094884 
3191.362932 0.094961 
3192.327382 0.095014 
3193.291831 0.095134 
3194.256280 0.095166 
3195.220730 0.095247 
3196.185179 0.095341 
3197.149628 0.095380 
3198.114078 0.095432 
3199.078527 0.095354 
3200.042976 0.095265 
3201.007426 0.095272 
3201.971875 0.095275 
3202.936325 0.095319 
3203.900774 0.095371 
3204.865223 0.095461 
3205.829673 0.095563 
3206.794122 0.095622 
3207.758571 0.095665 
3208.723021 0.095843 
3209.687470 0.096051 
3210.651919 0.096057 
3211.616369 0.096019 
3212.580818 0.096128 
3213.545268 0.096358 
3214.509717 0.096540 
3215.474166 0.096449 
3216.438616 0.096423 
3217.403065 0.096422 
3218.367514 0.096489 
3219.331964 0.096623 
3220.296413 0.096666 
3221.260862 0.096498 
3222.225312 0.096506 
3223.189761 0.096629 
3224.154210 0.096770 
3225.118660 0.096873 
3226.083109 0.097015 
3227.047559 0.097210 
3228.012008 0.097364 
3228.976457 0.097399 
3229.940907 0.097573 
3230.905356 0.097688 
3231.869805 0.097853 
3232.834255 0.097920 
3233.798704 0.097868 
3234.763153 0.097768 
3235.727603 0.097950 
3236.692052 0.098087 
3237.656502 0.098075 
3238.620951 0.098113 
3239.585400 0.098254 
3240.549850 0.098352 
3241.514299 0.098393 
3242.478748 0.098441 
3243.443198 0.098587 
3244.407647 0.098870 
3245.372096 0.099103 
3246.336546 0.098984 
3247.300995 0.099095 
3248.265444 0.099262 
3249.229894 0.099406 
3250.194343 0.099496 
3251.158793 0.099647 
3252.123242 0.099726 
3253.087691 0.099952 
3254.052141 0.100310 
3255.016590 0.100349 
3255.981039 0.100144 
3256.945489 0.100194 
3257.909938 0.100240 
3258.874387 0.100222 
3259.838837 0.100272 
3260.803286 0.100437 
3261.767736 0.100438 
3262.732185 0.100541 
3263.696634 0.100606 
3264.661084 0.100812 
3265.625533 0.100983 
3266.589982 0.101088 
3267.554432 0.101194 
3268.518881 0.101398 
3269.483330 0.101523 
3270.447780 0.101673 
3271.412229 0.101731 
3272.376678 0.101904 
3273.341128 0.102201 
3274.305577 0.102243 
3275.270027 0.102085 
3276.234476 0.102285 
3277.198925 0.102322 
3278.163375 0.102225 
3279.127824 0.102238 
3280.092273 0.102208 
3281.056723 0.102116 
3282.021172 0.102190 
3282.985621 0.102422 
3283.950071 0.102642 
3284.914520 0.102651 
3285.878970 0.102671 
3286.843419 0.102679 
3287.807868 0.102881 
3288.772318 0.103112 
3289.736767 0.103255 
3290.701216 0.103368 
3291.665666 0.103422 
3292.630115 0.103344 
3293.594564 0.103356 
3294.559014 0.103320 
3295.523463 0.103287 
3296.487912 0.103273 
3297.452362 0.103384 
3298.416811 0.103402 
3299.381261 0.103346 
3300.345710 0.103307 
3301.310159 0.103364 
3302.274609 0.103457 
3303.239058 0.103629 
3304.203507 0.103637 
3305.167957 0.103675 
3306.132406 0.103728 
3307.096855 0.103926 
3308.061305 0.104252 
3309.025754 0.104451 
3309.990204 0.104397 
3310.954653 0.104411 
3311.919102 0.104335 
3312.883552 0.104432 
3313.848001 0.104431 
3314.812450 0.104440 
3315.776900 0.104427 
3316.741349 0.104445 
3317.705798 0.104466 
3318.670248 0.104524 
3319.634697 0.104539 
3320.599146 0.104616 
3321.563596 0.104678 
3322.528045 0.104779 
3323.492495 0.104867 
3324.456944 0.105064 
3325.421393 0.105138 
3326.385843 0.105206 
3327.350292 0.105304 
3328.314741 0.105443 
3329.279191 0.105548 
3330.243640 0.105644 
3331.208089 0.105631 
3332.172539 0.105724 
3333.136988 0.105816 
3334.101438 0.106084 
3335.065887 0.106240 
3336.030336 0.106421 
3336.994786 0.106608 
3337.959235 0.106317 
3338.923684 0.105957 
3339.888134 0.106076 
3340.852583 0.106299 
3341.817032 0.106461 
3342.781482 0.106471 
3343.745931 0.106566 
3344.710380 0.106765 
3345.674830 0.106971 
3346.639279 0.107169 
3347.603729 0.107346 
3348.568178 0.107481 
3349.532627 0.107717 
3350.497077 0.107762 
3351.461526 0.107738 
3352.425975 0.107792 
3353.390425 0.108029 
3354.354874 0.108247 
3355.319323 0.108574 
3356.283773 0.108726 
3357.248222 0.108683 
3358.212672 0.108628 
3359.177121 0.108759 
3360.141570 0.108909 
3361.106020 0.109175 
3362.070469 0.109392 
3363.034918 0.109288 
3363.999368 0.109261 
3364.963817 0.109669 
3365.928266 0.109938 
3366.892716 0.110117 
3367.857165 0.110334 
3368.821614 0.110415 
3369.786064 0.110393 
3370.750513 0.110437 
3371.714963 0.110476 
3372.679412 0.110698 
3373.643861 0.110878 
3374.608311 0.110984 
3375.572760 0.110991 
3376.537209 0.111079 
3377.501659 0.111181 
3378.466108 0.111352 
3379.430557 0.111378 
3380.395007 0.111422 
3381.359456 0.111511 
3382.323906 0.111677 
3383.288355 0.112036 
3384.252804 0.112454 
3385.217254 0.112531 
3386.181703 0.112457 
3387.146152 0.112465 
3388.110602 0.112626 
3389.075051 0.112835 
3390.039500 0.113047 
3391.003950 0.113126 
3391.968399 0.113649 
3392.932848 0.114214 
3393.897298 0.113908 
3394.861747 0.113418 
3395.826197 0.113482 
3396.790646 0.114083 
3397.755095 0.114267 
3398.719545 0.113814 
3399.683994 0.113696 
3400.648443 0.113858 
3401.612893 0.113947 
3402.577342 0.113856 
3403.541791 0.114088 
3404.506241 0.114173 
3405.470690 0.114202 
3406.435140 0.114255 
3407.399589 0.114444 
3408.364038 0.114557 
3409.328488 0.114605 
3410.292937 0.114744 
3411.257386 0.114895 
3412.221836 0.114864 
3413.186285 0.114892 
3414.150734 0.114781 
3415.115184 0.114760 
3416.079633 0.114785 
3417.044082 0.114863 
3418.008532 0.114921 
3418.972981 0.115209 
3419.937431 0.115881 
3420.901880 0.116212 
3421.866329 0.115824 
3422.830779 0.115577 
3423.795228 0.115306 
3424.759677 0.115195 
3425.724127 0.115183 
3426.688576 0.115433 
3427.653025 0.115646 
3428.617475 0.115580 
3429.581924 0.115380 
3430.546374 0.115467 
3431.510823 0.115539 
3432.475272 0.115597 
3433.439722 0.115608 
3434.404171 0.115524 
3435.368620 0.115517 
3436.333070 0.115595 
3437.297519 0.115483 
3438.261968 0.115472 
3439.226418 0.115391 
3440.190867 0.115299 
3441.155316 0.115421 
3442.119766 0.116133 
3443.084215 0.116322 
3444.048665 0.115808 
3445.013114 0.115836 
3445.977563 0.116386 
3446.942013 0.117631 
3447.906462 0.117397 
3448.870911 0.116052 
3449.835361 0.115559 
3450.799810 0.115441 
3451.764259 0.115408 
3452.728709 0.115331 
3453.693158 0.115277 
3454.657608 0.115239 
3455.622057 0.115482 
3456.586506 0.115512 
3457.550956 0.115466 
3458.515405 0.115535 
3459.479854 0.115485 
3460.444304 0.115471 
3461.408753 0.115566 
3462.373202 0.115799 
3463.337652 0.115786 
3464.302101 0.115300 
3465.266550 0.115297 
3466.231000 0.115673 
3467.195449 0.115906 
3468.159899 0.115423 
3469.124348 0.115097 
3470.088797 0.115162 
3471.053247 0.115320 
3472.017696 0.115218 
3472.982145 0.115154 
3473.946595 0.115290 
3474.911044 0.115567 
3475.875493 0.115221 
3476.839943 0.114855 
3477.804392 0.114830 
3478.768842 0.114928 
3479.733291 0.115427 
3480.697740 0.116224 
3481.662190 0.116454 
3482.626639 0.116359 
3483.591088 0.115470 
3484.555538 0.115150 
3485.519987 0.115293 
3486.484436 0.115282 
3487.448886 0.115570 
3488.413335 0.115986 
3489.377784 0.115294 
3490.342234 0.115077 
3491.306683 0.115089 
3492.271133 0.114915 
3493.235582 0.114663 
3494.200031 0.114715 
3495.164481 0.115105 
3496.128930 0.115585 
3497.093379 0.115319 
3498.057829 0.114699 
3499.022278 0.114571 
3499.986727 0.114850 
3500.951177 0.115557 
3501.915626 0.117020 
3502.880076 0.117860 
3503.844525 0.117301 
3504.808974 0.115943 
3505.773424 0.114982 
3506.737873 0.114438 
3507.702322 0.114412 
3508.666772 0.115860 
3509.631221 0.117495 
3510.595670 0.116230 
3511.560120 0.115102 
3512.524569 0.114630 
3513.489018 0.114347 
3514.453468 0.114100 
3515.417917 0.114039 
3516.382367 0.114042 
3517.346816 0.114270 
3518.311265 0.114361 
3519.275715 0.114260 
3520.240164 0.113819 
3521.204613 0.113831 
3522.169063 0.115135 
3523.133512 0.117505 
3524.097961 0.117671 
3525.062411 0.116573 
3526.026860 0.115889 
3526.991310 0.116228 
3527.955759 0.116338 
3528.920208 0.116012 
3529.884658 0.115157 
3530.849107 0.114754 
3531.813556 0.114394 
3532.778006 0.113634 
3533.742455 0.113186 
3534.706904 0.113328 
3535.671354 0.114795 
3536.635803 0.115975 
3537.600252 0.114177 
3538.564702 0.112856 
3539.529151 0.112658 
3540.493601 0.112723 
3541.458050 0.112507 
3542.422499 0.112706 
3543.386949 0.113672 
3544.351398 0.115785 
3545.315847 0.117752 
3546.280297 0.117789 
3547.244746 0.117503 
3548.209195 0.115094 
3549.173645 0.112973 
3550.138094 0.112442 
3551.102544 0.112898 
3552.066993 0.114725 
3553.031442 0.115064 
3553.995892 0.114237 
3554.960341 0.112658 
3555.924790 0.111668 
3556.889240 0.111564 
3557.853689 0.111468 
3558.818138 0.111628 
3559.782588 0.113168 
3560.747037 0.113383 
3561.711486 0.112289 
3562.675936 0.112207 
3563.640385 0.112334 
3564.604835 0.112863 
3565.569284 0.117137 
3566.533733 0.121819 
3567.498183 0.121441 
3568.462632 0.119482 
3569.427081 0.114289 
3570.391531 0.112285 
3571.355980 0.111449 
3572.320429 0.110582 
3573.284879 0.110530 
3574.249328 0.110753 
3575.213778 0.110526 
3576.178227 0.110324 
3577.142676 0.110572 
3578.107126 0.109999 
3579.071575 0.110227 
3580.036024 0.111065 
3581.000474 0.110372 
3581.964923 0.109402 
3582.929372 0.109683 
3583.893822 0.109853 
3584.858271 0.109582 
3585.822720 0.111748 
3586.787170 0.116735 
3587.751619 0.117851 
3588.716069 0.116705 
3589.680518 0.112305 
3590.644967 0.109539 
3591.609417 0.108708 
3592.573866 0.109996 
3593.538315 0.111273 
3594.502765 0.111160 
3595.467214 0.112720 
3596.431663 0.111450 
3597.396113 0.109493 
3598.360562 0.109725 
3599.325012 0.109448 
3600.289461 0.109599 
3601.253910 0.109932 
3602.218360 0.109139 
3603.182809 0.108570 
3604.147258 0.107770 
3605.111708 0.107217 
3606.076157 0.108396 
3607.040606 0.111620 
3608.005056 0.111484 
3608.969505 0.112219 
3609.933954 0.111673 
3610.898404 0.108638 
3611.862853 0.109978 
3612.827303 0.112897 
3613.791752 0.112365 
3614.756201 0.112564 
3615.720651 0.110168 
3616.685100 0.108509 
3617.649549 0.110724 
3618.613999 0.111507 
3619.578448 0.112379 
3620.542897 0.111498 
3621.507347 0.109317 
3622.471796 0.107603 
3623.436246 0.106960 
3624.400695 0.106408 
3625.365144 0.106915 
3626.329594 0.107754 
3627.294043 0.107615 
3628.258492 0.110943 
3629.222942 0.117713 
3630.187391 0.114089 
3631.151840 0.109358 
3632.116290 0.107250 
3633.080739 0.107815 
3634.045188 0.109186 
3635.009638 0.107611 
3635.974087 0.106295 
3636.938537 0.106114 
3637.902986 0.106484 
3638.867435 0.106384 
3639.831885 0.106021 
3640.796334 0.106170 
3641.760783 0.107138 
3642.725233 0.107729 
3643.689682 0.106334 
3644.654131 0.105478 
3645.618581 0.106050 
3646.583030 0.109520 
3647.547480 0.112402 
3648.511929 0.110829 
3649.476378 0.111698 
3650.440828 0.113489 
3651.405277 0.112390 
3652.369726 0.107975 
3653.334176 0.105980 
3654.298625 0.104985 
3655.263074 0.105434 
3656.227524 0.108775 
3657.191973 0.107903 
3658.156422 0.105367 
3659.120872 0.104994 
3660.085321 0.105215 
3661.049771 0.104866 
3662.014220 0.104414 
3662.978669 0.104200 
3663.943119 0.104091 
3664.907568 0.104099 
3665.872017 0.104079 
3666.836467 0.103603 
3667.800916 0.103855 
3668.765365 0.105984 
3669.729815 0.107601 
3670.694264 0.110051 
3671.658714 0.107274 
3672.623163 0.104330 
3673.587612 0.103785 
3674.552062 0.106138 
3675.516511 0.112265 
3676.480960 0.110794 
3677.445410 0.106951 
3678.409859 0.105001 
3679.374308 0.105482 
3680.338758 0.105044 
3681.303207 0.103654 
3682.267656 0.103146 
3683.232106 0.103096 
3684.196555 0.103477 
3685.161005 0.103308 
3686.125454 0.102570 
3687.089903 0.102418 
3688.054353 0.104718 
3689.018802 0.105775 
3689.983251 0.104594 
3690.947701 0.106938 
3691.912150 0.106195 
3692.876599 0.104006 
3693.841049 0.103517 
3694.805498 0.103221 
3695.769948 0.103241 
3696.734397 0.103487 
3697.698846 0.102980 
3698.663296 0.102796 
3699.627745 0.102638 
3700.592194 0.102587 
3701.556644 0.104967 
3702.521093 0.105127 
3703.485542 0.103003 
3704.449992 0.102539 
3705.414441 0.102882 
3706.378890 0.103054 
3707.343340 0.102297 
3708.307789 0.102099 
3709.272239 0.103892 
3710.236688 0.104694 
3711.201137 0.105496 
3712.165587 0.108990 
3713.130036 0.106998 
3714.094485 0.105059 
3715.058935 0.105084 
3716.023384 0.103737 
3716.987833 0.102326 
3717.952283 0.102676 
3718.916732 0.104761 
3719.881182 0.104114 
3720.845631 0.102597 
3721.810080 0.105126 
3722.774530 0.107551 
3723.738979 0.105463 
3724.703428 0.105595 
3725.667878 0.106902 
3726.632327 0.107882 
3727.596776 0.106612 
3728.561226 0.103864 
3729.525675 0.102576 
3730.490124 0.102167 
3731.454574 0.102852 
3732.419023 0.104632 
3733.383473 0.104052 
3734.347922 0.108759 
3735.312371 0.115906 
3736.276821 0.112991 
3737.241270 0.108709 
3738.205719 0.106394 
3739.170169 0.105037 
3740.134618 0.104624 
3741.099067 0.105940 
3742.063517 0.104380 
3743.027966 0.102615 
3743.992416 0.105590 
3744.956865 0.113058 
3745.921314 0.107564 
3746.885764 0.105614 
3747.850213 0.104379 
3748.814662 0.104464 
3749.779112 0.106841 
3750.743561 0.105501 
3751.708010 0.107466 
3752.672460 0.109819 
3753.636909 0.106973 
3754.601358 0.104775 
3755.565808 0.104011 
3756.530257 0.105383 
3757.494707 0.104958 
3758.459156 0.104862 
3759.423605 0.107145 
3760.388055 0.106205 
3761.352504 0.103989 
3762.316953 0.103797 
3763.281403 0.103673 
3764.245852 0.103550 
3765.210301 0.105382 
3766.174751 0.107013 
3767.139200 0.104912 
3768.103650 0.103588 
3769.068099 0.104274 
3770.032548 0.107057 
3770.996998 0.106382 
3771.961447 0.105122 
3772.925896 0.104290 
3773.890346 0.104098 
3774.854795 0.104007 
3775.819244 0.103814 
3776.783694 0.103704 
3777.748143 0.103704 
3778.712592 0.104372 
3779.677042 0.106293 
3780.641491 0.105443 
3781.605941 0.104723 
3782.570390 0.104364 
3783.534839 0.104404 
3784.499289 0.105877 
3785.463738 0.106549 
3786.428187 0.105673 
3787.392637 0.105117 
3788.357086 0.104732 
3789.321535 0.104675 
3790.285985 0.104474 
3791.250434 0.104312 
3792.214884 0.104281 
3793.179333 0.104342 
3794.143782 0.103939 
3795.108232 0.103783 
3796.072681 0.105384 
3797.037130 0.107331 
3798.001580 0.106508 
3798.966029 0.104832 
3799.930478 0.103771 
3800.894928 0.105863 
3801.859377 0.108967 
3802.823826 0.108210 
3803.788276 0.106074 
3804.752725 0.104144 
3805.717175 0.103412 
3806.681624 0.106017 
3807.646073 0.107185 
3808.610523 0.105026 
3809.574972 0.104342 
3810.539421 0.104178 
3811.503871 0.104063 
3812.468320 0.103996 
3813.432769 0.103639 
3814.397219 0.103065 
3815.361668 0.104248 
3816.326118 0.107534 
3817.290567 0.105872 
3818.255016 0.104949 
3819.219466 0.104471 
3820.183915 0.105068 
3821.148364 0.108603 
3822.112814 0.108555 
3823.077263 0.106271 
3824.041712 0.105483 
3825.006162 0.104685 
3825.970611 0.105110 
3826.935060 0.106379 
3827.899510 0.105875 
3828.863959 0.104666 
3829.828409 0.103575 
3830.792858 0.103708 
3831.757307 0.105776 
3832.721757 0.104756 
3833.686206 0.103798 
3834.650655 0.105431 
3835.615105 0.105431 
3836.579554 0.103627 
3837.544003 0.106246 
3838.508453 0.108236 
3839.472902 0.108050 
3840.437352 0.109693 
3841.401801 0.108013 
3842.366250 0.105126 
3843.330700 0.106528 
3844.295149 0.107684 
3845.259598 0.105779 
3846.224048 0.104631 
3847.188497 0.104268 
3848.152946 0.104414 
3849.117396 0.105502 
3850.081845 0.105405 
3851.046294 0.104614 
3852.010744 0.106483 
3852.975193 0.107849 
3853.939643 0.111915 
3854.904092 0.110680 
3855.868541 0.107008 
3856.832991 0.108248 
3857.797440 0.108450 
3858.761889 0.106087 
3859.726339 0.104962 
3860.690788 0.105339 
3861.655237 0.107549 
3862.619687 0.107437 
3863.584136 0.106559 
3864.548586 0.109627 
3865.513035 0.111099 
3866.477484 0.107489 
3867.441934 0.105274 
3868.406383 0.105394 
3869.370832 0.109350 
3870.335282 0.113658 
3871.299731 0.110713 
3872.264180 0.107414 
3873.228630 0.107273 
3874.193079 0.110883 
3875.157528 0.109120 
3876.121978 0.106588 
3877.086427 0.106017 
3878.050877 0.105671 
3879.015326 0.106056 
3879.979775 0.110498 
3880.944225 0.113379 
3881.908674 0.109683 
3882.873123 0.108716 
3883.837573 0.108686 
3884.802022 0.108740 
3885.766471 0.112403 
3886.730921 0.111002 
3887.695370 0.107855 
3888.659820 0.106796 
3889.624269 0.106501 
3890.588718 0.108386 
3891.553168 0.112241 
3892.517617 0.110740 
3893.482066 0.109494 
3894.446516 0.109306 
3895.410965 0.108102 
3896.375414 0.107321 
3897.339864 0.107836 
3898.304313 0.109800 
3899.268762 0.112826 
3900.233212 0.110881 
3901.197661 0.111014 
3902.162111 0.114122 
3903.126560 0.112439 
3904.091009 0.113124 
3905.055459 0.114099 
3906.019908 0.112867 
3906.984357 0.110123 
3907.948807 0.108086 
3908.913256 0.107660 
3909.877705 0.107623 
3910.842155 0.107697 
3911.806604 0.107747 
3912.771054 0.107911 
3913.735503 0.107880 
3914.699952 0.107822 
3915.664402 0.108900 
3916.628851 0.112086 
3917.593300 0.112362 
3918.557750 0.109532 
3919.522199 0.109974 
3920.486648 0.110971 
3921.451098 0.108930 
3922.415547 0.108331 
3923.379996 0.109963 
3924.344446 0.112432 
3925.308895 0.112310 
3926.273345 0.109663 
3927.237794 0.108190 
3928.202243 0.108259 
3929.166693 0.109003 
3930.131142 0.110000 
3931.095591 0.110781 
3932.060041 0.112722 
3933.024490 0.112384 
3933.988939 0.110143 
3934.953389 0.108754 
3935.917838 0.107886 
3936.882288 0.107765 
3937.846737 0.108210 
3938.811186 0.108473 
3939.775636 0.108114 
3940.740085 0.107827 
3941.704534 0.109140 
3942.668984 0.112286 
3943.633433 0.111701 
3944.597882 0.109379 
3945.562332 0.108244 
3946.526781 0.108828 
3947.491230 0.111123 
3948.455680 0.111332 
3949.420129 0.111022 
3950.384579 0.110880 
3951.349028 0.108782 
3952.313477 0.107830 
3953.277927 0.108013 
3954.242376 0.107855 
3955.206825 0.107796 
3956.171275 0.108133 
3957.135724 0.108525 
3958.100173 0.108280 
3959.064623 0.108097 
3960.029072 0.108192 
3960.993522 0.108931 
3961.957971 0.109971 
3962.922420 0.109128 
3963.886870 0.108068 
3964.851319 0.108031 
3965.815768 0.107798 
3966.780218 0.107554 
3967.744667 0.107651 
3968.709116 0.108555 
3969.673566 0.108974 
3970.638015 0.108467 
3971.602464 0.108478 
3972.566914 0.108683 
3973.531363 0.108474 
3974.495813 0.108699 
3975.460262 0.109314 
3976.424711 0.109329 
3977.389161 0.108342 
3978.353610 0.107842 
3979.318059 0.107955 
3980.282509 0.108147 
3981.246958 0.108301 
3982.211407 0.108608 
3983.175857 0.108504 
3984.140306 0.108337 
3985.104756 0.108449 
3986.069205 0.108565 
3987.033654 0.108562 
3987.998104 0.108601 
3988.962553 0.108923 
3989.927002 0.109674 
3990.891452 0.109970 
3991.855901 0.109536 
3992.820350 0.109138 
3993.784800 0.109193 
3994.749249 0.109627 
3995.713698 0.109649 
3996.678148 0.109198 
3997.642597 0.109029 
3998.607047 0.109093 
3999.571496 0.109215 
4000.535945 0.109297 