##YUNITS=Abs
399.282035 0.137731 
400.246484 0.130119 
401.210934 0.129067 
402.175383 0.124928 
403.139832 0.121094 
404.104282 0.121047 
405.068731 0.124248 
406.033181 0.118548 
406.997630 0.109946 
407.962079 0.108039 
408.926529 0.104952 
409.890978 0.099898 
410.855427 0.097771 
411.819877 0.096028 
412.784326 0.094747 
413.748775 0.086893 
414.713225 0.083566 
415.677674 0.086797 
416.642124 0.093527 
417.606573 0.094744 
418.571022 0.092559 
419.535472 0.094280 
420.499921 0.088136 
421.464370 0.083094 
422.428820 0.080970 
423.393269 0.083144 
424.357718 0.081347 
425.322168 0.078413 
426.286617 0.080626 
427.251066 0.079285 
428.215516 0.076857 
429.179965 0.078513 
430.144415 0.078586 
431.108864 0.077305 
432.073313 0.076183 
433.037763 0.075616 
434.002212 0.075415 
434.966661 0.075089 
435.931111 0.075415 
436.895560 0.075237 
437.860009 0.074895 
438.824459 0.075408 
439.788908 0.075466 
440.753358 0.074272 
441.717807 0.076689 
442.682256 0.078606 
443.646706 0.079398 
444.611155 0.079718 
445.575604 0.079685 
446.540054 0.081319 
447.504503 0.081199 
448.468952 0.078105 
449.433402 0.076334 
450.397851 0.075507 
451.362300 0.075048 
452.326750 0.074134 
453.291199 0.074448 
454.255649 0.073473 
455.220098 0.072489 
456.184547 0.071170 
457.148997 0.072308 
458.113446 0.072007 
459.077895 0.067815 
460.042345 0.066185 
461.006794 0.065305 
461.971243 0.065670 
462.935693 0.066472 
463.900142 0.066645 
464.864592 0.066597 
465.829041 0.067469 
466.793490 0.068221 
467.757940 0.068622 
468.722389 0.068694 
469.686838 0.068422 
470.651288 0.068562 
471.615737 0.069950 
472.580186 0.070735 
473.544636 0.069219 
474.509085 0.068973 
475.473534 0.068701 
476.437984 0.067705 
477.402433 0.066355 
478.366883 0.064698 
479.331332 0.063955 
480.295781 0.063016 
481.260231 0.060911 
482.224680 0.059859 
483.189129 0.060371 
484.153579 0.060874 
485.118028 0.059689 
486.082477 0.058754 
487.046927 0.059488 
488.011376 0.057755 
488.975826 0.055111 
489.940275 0.053485 
490.904724 0.052335 
491.869174 0.051686 
492.833623 0.050215 
493.798072 0.049309 
494.762522 0.049019 
495.726971 0.048285 
496.691420 0.047102 
497.655870 0.046356 
498.620319 0.046248 
499.584768 0.045708 
500.549218 0.044986 
501.513667 0.044851 
502.478117 0.045215 
503.442566 0.044784 
504.407015 0.043754 
505.371465 0.043037 
506.335914 0.043895 
507.300363 0.044233 
508.264813 0.043686 
509.229262 0.043772 
510.193711 0.043762 
511.158161 0.043496 
512.122610 0.042242 
513.087060 0.041372 
514.051509 0.042264 
515.015958 0.042194 
515.980408 0.041236 
516.944857 0.042325 
517.909306 0.043188 
518.873756 0.043154 
519.838205 0.042268 
520.802654 0.041838 
521.767104 0.042682 
522.731553 0.042599 
523.696002 0.042305 
524.660452 0.044186 
525.624901 0.045265 
526.589351 0.044291 
527.553800 0.043543 
528.518249 0.044674 
529.482699 0.046077 
530.447148 0.045436 
531.411597 0.044274 
532.376047 0.042774 
533.340496 0.043135 
534.304945 0.044729 
535.269395 0.044950 
536.233844 0.044121 
537.198294 0.043317 
538.162743 0.041985 
539.127192 0.041536 
540.091642 0.041335 
541.056091 0.040870 
542.020540 0.040920 
542.984990 0.040369 
543.949439 0.040028 
544.913888 0.040312 
545.878338 0.040787 
546.842787 0.040404 
547.807236 0.040143 
548.771686 0.040318 
549.736135 0.040171 
550.700585 0.039321 
551.665034 0.038540 
552.629483 0.038792 
553.593933 0.039249 
554.558382 0.039169 
555.522831 0.039660 
556.487281 0.040269 
557.451730 0.040075 
558.416179 0.039811 
559.380629 0.039554 
560.345078 0.039068 
561.309528 0.038765 
562.273977 0.039120 
563.238426 0.039580 
564.202876 0.040094 
565.167325 0.040446 
566.131774 0.040432 
567.096224 0.040135 
568.060673 0.040073 
569.025122 0.040520 
569.989572 0.040715 
570.954021 0.040613 
571.918470 0.040737 
572.882920 0.040456 
573.847369 0.040203 
574.811819 0.039975 
575.776268 0.040059 
576.740717 0.040073 
577.705167 0.039471 
578.669616 0.039137 
579.634065 0.039419 
580.598515 0.040059 
581.562964 0.040100 
582.527413 0.039363 
583.491863 0.039089 
584.456312 0.039563 
585.420762 0.039455 
586.385211 0.038936 
587.349660 0.039615 
588.314110 0.040549 
589.278559 0.039796 
590.243008 0.039240 
591.207458 0.039499 
592.171907 0.039486 
593.136356 0.039340 
594.100806 0.039586 
595.065255 0.039476 
596.029704 0.039208 
596.994154 0.039722 
597.958603 0.039755 
598.923053 0.039760 
599.887502 0.040167 
600.851951 0.040168 
601.816401 0.040022 
602.780850 0.039808 
603.745299 0.039832 
604.709749 0.039939 
605.674198 0.040190 
606.638647 0.040527 
607.603097 0.040353 
608.567546 0.040681 
609.531996 0.040908 
610.496445 0.040795 
611.460894 0.040855 
612.425344 0.041158 
613.389793 0.041747 
614.354242 0.042445 
615.318692 0.043038 
616.283141 0.043572 
617.247590 0.044638 
618.212040 0.044699 
619.176489 0.044171 
620.140938 0.045068 
621.105388 0.046299 
622.069837 0.047020 
623.034287 0.047761 
623.998736 0.048866 
624.963185 0.049756 
625.927635 0.050394 
626.892084 0.050708 
627.856533 0.051236 
628.820983 0.052361 
629.785432 0.053214 
630.749881 0.053321 
631.714331 0.052487 
632.678780 0.049942 
633.643230 0.046999 
634.607679 0.044985 
635.572128 0.043981 
636.536578 0.043193 
637.501027 0.042950 
638.465476 0.042749 
639.429926 0.042279 
640.394375 0.042198 
641.358824 0.042466 
642.323274 0.042413 
643.287723 0.042467 
644.252172 0.042979 
645.216622 0.043474 
646.181071 0.043803 
647.145521 0.044287 
648.109970 0.045227 
649.074419 0.045821 
650.038869 0.045256 
651.003318 0.045178 
651.967767 0.045550 
652.932217 0.045753 
653.896666 0.045965 
654.861115 0.046178 
655.825565 0.045975 
656.790014 0.046007 
657.754464 0.046454 
658.718913 0.046931 
659.683362 0.046729 
660.647812 0.046223 
661.612261 0.046206 
662.576710 0.046730 
663.541160 0.046599 
664.505609 0.046274 
665.470058 0.046432 
666.434508 0.048095 
667.398957 0.055715 
668.363406 0.072421 
669.327856 0.059861 
670.292305 0.051959 
671.256755 0.049870 
672.221204 0.049740 
673.185653 0.050331 
674.150103 0.050985 
675.114552 0.051667 
676.079001 0.052194 
677.043451 0.052627 
678.007900 0.052877 
678.972349 0.053537 
679.936799 0.054017 
680.901248 0.054393 
681.865698 0.054753 
682.830147 0.055272 
683.794596 0.056036 
684.759046 0.057025 
685.723495 0.057693 
686.687944 0.058186 
687.652394 0.059043 
688.616843 0.060183 
689.581292 0.060917 
690.545742 0.061584 
691.510191 0.062449 
692.474640 0.063424 
693.439090 0.064254 
694.403539 0.065395 
695.367989 0.066608 
696.332438 0.067755 
697.296887 0.068708 
698.261337 0.070089 
699.225786 0.071362 
700.190235 0.072228 
701.154685 0.073515 
702.119134 0.075092 
703.083583 0.076503 
704.048033 0.078028 
705.012482 0.080062 
705.976932 0.082167 
706.941381 0.084044 
707.905830 0.086052 
708.870280 0.088330 
709.834729 0.090746 
710.799178 0.093485 
711.763628 0.096765 
712.728077 0.100300 
713.692526 0.104435 
714.656976 0.109068 
715.621425 0.114117 
716.585874 0.119848 
717.550324 0.125938 
718.514773 0.133033 
719.479223 0.141736 
720.443672 0.151063 
721.408121 0.159610 
722.372571 0.169055 
723.337020 0.180221 
724.301469 0.192732 
725.265919 0.206921 
726.230368 0.222638 
727.194817 0.240266 
728.159267 0.260247 
729.123716 0.283251 
730.088166 0.309413 
731.052615 0.339424 
732.017064 0.374381 
732.981514 0.415539 
733.945963 0.464213 
734.910412 0.521718 
735.874862 0.589382 
736.839311 0.667733 
737.803760 0.757248 
738.768210 0.859383 
739.732659 0.973628 
740.697108 1.101425 
741.661558 1.238214 
742.626007 1.376459 
743.590457 1.507130 
744.554906 1.620913 
745.519355 1.706279 
746.483805 1.766349 
747.448254 1.800327 
748.412703 1.821209 
749.377153 1.827141 
750.341602 1.837446 
751.306051 1.844154 
752.270501 1.858112 
753.234950 1.863648 
754.199400 1.867650 
755.163849 1.865498 
756.128298 1.874349 
757.092748 1.875649 
758.057197 1.878764 
759.021646 1.876304 
759.986096 1.879508 
760.950545 1.872629 
761.914994 1.874829 
762.879444 1.869541 
763.843893 1.872784 
764.808342 1.867931 
765.772792 1.861358 
766.737241 1.848471 
767.701691 1.852953 
768.666140 1.858709 
769.630589 1.859916 
770.595039 1.835495 
771.559488 1.831713 
772.523937 1.847027 
773.488387 1.859244 
774.452836 1.847150 
775.417285 1.855647 
776.381735 1.861335 
777.346184 1.869278 
778.310634 1.867714 
779.275083 1.877092 
780.239532 1.885213 
781.203982 1.900315 
782.168431 1.896320 
783.132880 1.894285 
784.097330 1.887447 
785.061779 1.886200 
786.026228 1.876845 
786.990678 1.888474 
787.955127 1.900440 
788.919576 1.922696 
789.884026 1.940042 
790.848475 1.990680 
791.812925 2.040314 
792.777374 2.108156 
793.741823 2.129704 
794.706273 2.154984 
795.670722 2.145319 
796.635171 2.114180 
797.599621 2.048263 
798.564070 1.974263 
799.528519 1.904637 
800.492969 1.879567 
801.457418 1.839112 
802.421868 1.796125 
803.386317 1.727100 
804.350766 1.621472 
805.315216 1.465568 
806.279665 1.290774 
807.244114 1.123706 
808.208564 0.979583 
809.173013 0.858495 
810.137462 0.756153 
811.101912 0.666049 
812.066361 0.586343 
813.030810 0.518114 
813.995260 0.462810 
814.959709 0.419013 
815.924159 0.384667 
816.888608 0.356450 
817.853057 0.332310 
818.817507 0.310290 
819.781956 0.289148 
820.746405 0.268672 
821.710855 0.249479 
822.675304 0.231334 
823.639753 0.214468 
824.604203 0.199073 
825.568652 0.185572 
826.533102 0.174182 
827.497551 0.164634 
828.462000 0.156546 
829.426450 0.150194 
830.390899 0.145055 
831.355348 0.141076 
832.319798 0.137599 
833.284247 0.134434 
834.248696 0.131721 
835.213146 0.128971 
836.177595 0.126123 
837.142044 0.123204 
838.106494 0.120564 
839.070943 0.118174 
840.035393 0.115337 
840.999842 0.112400 
841.964291 0.109656 
842.928741 0.107268 
843.893190 0.104466 
844.857639 0.101060 
845.822089 0.097549 
846.786538 0.094418 
847.750987 0.091673 
848.715437 0.089052 
849.679886 0.086342 
850.644336 0.084129 
851.608785 0.082139 
852.573234 0.080296 
853.537684 0.078546 
854.502133 0.076879 
855.466582 0.075476 
856.431032 0.074304 
857.395481 0.073244 
858.359930 0.072093 
859.324380 0.071167 
860.288829 0.070647 
861.253278 0.070150 
862.217728 0.069718 
863.182177 0.069394 
864.146627 0.069113 
865.111076 0.069000 
866.075525 0.068683 
867.039975 0.068408 
868.004424 0.068309 
868.968873 0.068202 
869.933323 0.067944 
870.897772 0.067567 
871.862221 0.067489 
872.826671 0.067360 
873.791120 0.067029 
874.755570 0.066648 
875.720019 0.066429 
876.684468 0.066237 
877.648918 0.065750 
878.613367 0.065177 
879.577816 0.064583 
880.542266 0.064058 
881.506715 0.063512 
882.471164 0.063042 
883.435614 0.062708 
884.400063 0.062167 
885.364512 0.061465 
886.328962 0.060962 
887.293411 0.060479 
888.257861 0.059861 
889.222310 0.059304 
890.186759 0.058780 
891.151209 0.058289 
892.115658 0.057751 
893.080107 0.057317 
894.044557 0.056909 
895.009006 0.056554 
895.973455 0.056099 
896.937905 0.055486 
897.902354 0.054986 
898.866804 0.054594 
899.831253 0.054173 
900.795702 0.053944 
901.760152 0.053838 
902.724601 0.053609 
903.689050 0.053134 
904.653500 0.052620 
905.617949 0.052101 
906.582398 0.051664 
907.546848 0.051228 
908.511297 0.050752 
909.475746 0.050411 
910.440196 0.050014 
911.404645 0.049621 
912.369095 0.049519 
913.333544 0.049499 
914.297993 0.049299 
915.262443 0.048979 
916.226892 0.048864 
917.191341 0.048934 
918.155791 0.049011 
919.120240 0.049058 
920.084689 0.049179 
921.049139 0.049615 
922.013588 0.049861 
922.978038 0.049822 
923.942487 0.049481 
924.906936 0.049033 
925.871386 0.049151 
926.835835 0.049277 
927.800284 0.049449 
928.764734 0.050092 
929.729183 0.050946 
930.693632 0.051706 
931.658082 0.052425 
932.622531 0.053189 
933.586980 0.053990 
934.551430 0.053525 
935.515879 0.052117 
936.480329 0.051280 
937.444778 0.050965 
938.409227 0.050653 
939.373677 0.050492 
940.338126 0.050445 
941.302575 0.050485 
942.267025 0.050554 
943.231474 0.050657 
944.195923 0.050805 
945.160373 0.050954 
946.124822 0.051170 
947.089272 0.051450 
948.053721 0.051657 
949.018170 0.051899 
949.982620 0.052146 
950.947069 0.052510 
951.911518 0.053060 
952.875968 0.053630 
953.840417 0.054104 
954.804866 0.054575 
955.769316 0.055189 
956.733765 0.055902 
957.698214 0.056774 
958.662664 0.057793 
959.627113 0.058760 
960.591563 0.059721 
961.556012 0.060758 
962.520461 0.061865 
963.484911 0.063019 
964.449360 0.064268 
965.413809 0.065751 
966.378259 0.067466 
967.342708 0.069030 
968.307157 0.070638 
969.271607 0.072324 
970.236056 0.073990 
971.200506 0.075610 
972.164955 0.077377 
973.129404 0.079031 
974.093854 0.080433 
975.058303 0.081701 
976.022752 0.082761 
976.987202 0.083495 
977.951651 0.083987 
978.916100 0.084193 
979.880550 0.084080 
980.844999 0.083722 
981.809448 0.083172 
982.773898 0.082426 
983.738347 0.081405 
984.702797 0.080313 
985.667246 0.079248 
986.631695 0.078175 
987.596145 0.077213 
988.560594 0.076404 
989.525043 0.075955 
990.489493 0.075733 
991.453942 0.075740 
992.418391 0.075930 
993.382841 0.076274 
994.347290 0.076827 
995.311740 0.077617 
996.276189 0.078630 
997.240638 0.079885 
998.205088 0.081288 
999.169537 0.082665 
1000.133986 0.083883 
1001.098436 0.085108 
1002.062885 0.086298 
1003.027334 0.087235 
1003.991784 0.088026 
1004.956233 0.088556 
1005.920682 0.088611 
1006.885132 0.088348 
1007.849581 0.087780 
1008.814031 0.086984 
1009.778480 0.085891 
1010.742929 0.084544 
1011.707379 0.083188 
1012.671828 0.081622 
1013.636277 0.079829 
1014.600727 0.077870 
1015.565176 0.075935 
1016.529625 0.074030 
1017.494075 0.071886 
1018.458524 0.069699 
1019.422974 0.067620 
1020.387423 0.065659 
1021.351872 0.063785 
1022.316322 0.062007 
1023.280771 0.060474 
1024.245220 0.059225 
1025.209670 0.058125 
1026.174119 0.057100 
1027.138568 0.056296 
1028.103018 0.055746 
1029.067467 0.055174 
1030.031916 0.054661 
1030.996366 0.054261 
1031.960815 0.053934 
1032.925265 0.053743 
1033.889714 0.053547 
1034.854163 0.053298 
1035.818613 0.053081 
1036.783062 0.052919 
1037.747511 0.052882 
1038.711961 0.052875 
1039.676410 0.052804 
1040.640859 0.052724 
1041.605309 0.052733 
1042.569758 0.052720 
1043.534208 0.052739 
1044.498657 0.052832 
1045.463106 0.052950 
1046.427556 0.053073 
1047.392005 0.053168 
1048.356454 0.053371 
1049.320904 0.053591 
1050.285353 0.053834 
1051.249802 0.054069 
1052.214252 0.054229 
1053.178701 0.054422 
1054.143150 0.054740 
1055.107600 0.055150 
1056.072049 0.055421 
1057.036499 0.055718 
1058.000948 0.056178 
1058.965397 0.056642 
1059.929847 0.056986 
1060.894296 0.057310 
1061.858745 0.057736 
1062.823195 0.058181 
1063.787644 0.058405 
1064.752093 0.058561 
1065.716543 0.058734 
1066.680992 0.058754 
1067.645442 0.058758 
1068.609891 0.058685 
1069.574340 0.058444 
1070.538790 0.058273 
1071.503239 0.058096 
1072.467688 0.057844 
1073.432138 0.057451 
1074.396587 0.057132 
1075.361036 0.056831 
1076.325486 0.056449 
1077.289935 0.056069 
1078.254384 0.055678 
1079.218834 0.055298 
1080.183283 0.055006 
1081.147733 0.054622 
1082.112182 0.054138 
1083.076631 0.053683 
1084.041081 0.053441 
1085.005530 0.053251 
1085.969979 0.053057 
1086.934429 0.052873 
1087.898878 0.052792 
1088.863327 0.052635 
1089.827777 0.052477 
1090.792226 0.052369 
1091.756676 0.052272 
1092.721125 0.052224 
1093.685574 0.052257 
1094.650024 0.052375 
1095.614473 0.052574 
1096.578922 0.052641 
1097.543372 0.052628 
1098.507821 0.052725 
1099.472270 0.052899 
1100.436720 0.052993 
1101.401169 0.053149 
1102.365618 0.053378 
1103.330068 0.053617 
1104.294517 0.053856 
1105.258967 0.054019 
1106.223416 0.054217 
1107.187865 0.054332 
1108.152315 0.054236 
1109.116764 0.054274 
1110.081213 0.054271 
1111.045663 0.054212 
1112.010112 0.054066 
1112.974561 0.053897 
1113.939011 0.053668 
1114.903460 0.053401 
1115.867910 0.053006 
1116.832359 0.052609 
1117.796808 0.052203 
1118.761258 0.051787 
1119.725707 0.051362 
1120.690156 0.050988 
1121.654606 0.050595 
1122.619055 0.050256 
1123.583504 0.049939 
1124.547954 0.049719 
1125.512403 0.049615 
1126.476852 0.049531 
1127.441302 0.049463 
1128.405751 0.049512 
1129.370201 0.049576 
1130.334650 0.049392 
1131.299099 0.049165 
1132.263549 0.049058 
1133.227998 0.049006 
1134.192447 0.049030 
1135.156897 0.049081 
1136.121346 0.049082 
1137.085795 0.049043 
1138.050245 0.049032 
1139.014694 0.049030 
1139.979144 0.049023 
1140.943593 0.049127 
1141.908042 0.049244 
1142.872492 0.049313 
1143.836941 0.049296 
1144.801390 0.049325 
1145.765840 0.049461 
1146.730289 0.049567 
1147.694738 0.049657 
1148.659188 0.049786 
1149.623637 0.049947 
1150.588086 0.049989 
1151.552536 0.049821 
1152.516985 0.049670 
1153.481435 0.049590 
1154.445884 0.049533 
1155.410333 0.049499 
1156.374783 0.049466 
1157.339232 0.049464 
1158.303681 0.049452 
1159.268131 0.049529 
1160.232580 0.049681 
1161.197029 0.049845 
1162.161479 0.050068 
1163.125928 0.050385 
1164.090378 0.050769 
1165.054827 0.050884 
1166.019276 0.050620 
1166.983726 0.050320 
1167.948175 0.050099 
1168.912624 0.050021 
1169.877074 0.050179 
1170.841523 0.050308 
1171.805972 0.050354 
1172.770422 0.050384 
1173.734871 0.050433 
1174.699320 0.050505 
1175.663770 0.050540 
1176.628219 0.050741 
1177.592669 0.051056 
1178.557118 0.051407 
1179.521567 0.051908 
1180.486017 0.052457 
1181.450466 0.052719 
1182.414915 0.052558 
1183.379365 0.052321 
1184.343814 0.052419 
1185.308263 0.052771 
1186.272713 0.053128 
1187.237162 0.053448 
1188.201612 0.053834 
1189.166061 0.054374 
1190.130510 0.054997 
1191.094960 0.055626 
1192.059409 0.056301 
1193.023858 0.056878 
1193.988308 0.057483 
1194.952757 0.058192 
1195.917206 0.058956 
1196.881656 0.059742 
1197.846105 0.060600 
1198.810554 0.061498 
1199.775004 0.062369 
1200.739453 0.063163 
1201.703903 0.064009 
1202.668352 0.064922 
1203.632801 0.065849 
1204.597251 0.066665 
1205.561700 0.067565 
1206.526149 0.068483 
1207.490599 0.069337 
1208.455048 0.070221 
1209.419497 0.071149 
1210.383947 0.072051 
1211.348396 0.072893 
1212.312846 0.073539 
1213.277295 0.074087 
1214.241744 0.074618 
1215.206194 0.075148 
1216.170643 0.075553 
1217.135092 0.075719 
1218.099542 0.075605 
1219.063991 0.075379 
1220.028440 0.074992 
1220.992890 0.074520 
1221.957339 0.074020 
1222.921788 0.073512 
1223.886238 0.072872 
1224.850687 0.072110 
1225.815137 0.071237 
1226.779586 0.070347 
1227.744035 0.069530 
1228.708485 0.068877 
1229.672934 0.068384 
1230.637383 0.068082 
1231.601833 0.067948 
1232.566282 0.068040 
1233.530731 0.068195 
1234.495181 0.068499 
1235.459630 0.068988 
1236.424080 0.069611 
1237.388529 0.070406 
1238.352978 0.071267 
1239.317428 0.072290 
1240.281877 0.073420 
1241.246326 0.074558 
1242.210776 0.075751 
1243.175225 0.076959 
1244.139674 0.078245 
1245.104124 0.079529 
1246.068573 0.080634 
1247.033022 0.081473 
1247.997472 0.082190 
1248.961921 0.082733 
1249.926371 0.083110 
1250.890820 0.083424 
1251.855269 0.083724 
1252.819719 0.083897 
1253.784168 0.083854 
1254.748617 0.083734 
1255.713067 0.083455 
1256.677516 0.082791 
1257.641965 0.081909 
1258.606415 0.080751 
1259.570864 0.079308 
1260.535314 0.077513 
1261.499763 0.075268 
1262.464212 0.072848 
1263.428662 0.070420 
1264.393111 0.067921 
1265.357560 0.065562 
1266.322010 0.063516 
1267.286459 0.061711 
1268.250908 0.060277 
1269.215358 0.059143 
1270.179807 0.058129 
1271.144256 0.057154 
1272.108706 0.056229 
1273.073155 0.055277 
1274.037605 0.054509 
1275.002054 0.053834 
1275.966503 0.053158 
1276.930953 0.052625 
1277.895402 0.052089 
1278.859851 0.051485 
1279.824301 0.050996 
1280.788750 0.050581 
1281.753199 0.050178 
1282.717649 0.049768 
1283.682098 0.049410 
1284.646548 0.049161 
1285.610997 0.048922 
1286.575446 0.048797 
1287.539896 0.048725 
1288.504345 0.048499 
1289.468794 0.048234 
1290.433244 0.048057 
1291.397693 0.047806 
1292.362142 0.047597 
1293.326592 0.047538 
1294.291041 0.047531 
1295.255490 0.047511 
1296.219940 0.047535 
1297.184389 0.047585 
1298.148839 0.047581 
1299.113288 0.047493 
1300.077737 0.047452 
1301.042187 0.047436 
1302.006636 0.047410 
1302.971085 0.047459 
1303.935535 0.047491 
1304.899984 0.047505 
1305.864433 0.047513 
1306.828883 0.047482 
1307.793332 0.047519 
1308.757782 0.047507 
1309.722231 0.047426 
1310.686680 0.047491 
1311.651130 0.047707 
1312.615579 0.048003 
1313.580028 0.047971 
1314.544478 0.047930 
1315.508927 0.047866 
1316.473376 0.047997 
1317.437826 0.048063 
1318.402275 0.048070 
1319.366724 0.048380 
1320.331174 0.048224 
1321.295623 0.047939 
1322.260073 0.047807 
1323.224522 0.047933 
1324.188971 0.047935 
1325.153421 0.047891 
1326.117870 0.047883 
1327.082319 0.047940 
1328.046769 0.047943 
1329.011218 0.047934 
1329.975667 0.047811 
1330.940117 0.047652 
1331.904566 0.047559 
1332.869016 0.047587 
1333.833465 0.047560 
1334.797914 0.047556 
1335.762364 0.047675 
1336.726813 0.048080 
1337.691262 0.048130 
1338.655712 0.048674 
1339.620161 0.049159 
1340.584610 0.048983 
1341.549060 0.047986 
1342.513509 0.047437 
1343.477958 0.047398 
1344.442408 0.047389 
1345.406857 0.047455 
1346.371307 0.047422 
1347.335756 0.047297 
1348.300205 0.047338 
1349.264655 0.047567 
1350.229104 0.047547 
1351.193553 0.047370 
1352.158003 0.047324 
1353.122452 0.047309 
1354.086901 0.047339 
1355.051351 0.047440 
1356.015800 0.047150 
1356.980250 0.047071 
1357.944699 0.047249 
1358.909148 0.047154 
1359.873598 0.047020 
1360.838047 0.047502 
1361.802496 0.047792 
1362.766946 0.048340 
1363.731395 0.048295 
1364.695844 0.047168 
1365.660294 0.046815 
1366.624743 0.046676 
1367.589192 0.046812 
1368.553642 0.047257 
1369.518091 0.047178 
1370.482541 0.046749 
1371.446990 0.046811 
1372.411439 0.046909 
1373.375889 0.047436 
1374.340338 0.047983 
1375.304787 0.047636 
1376.269237 0.046955 
1377.233686 0.046783 
1378.198135 0.047019 
1379.162585 0.047015 
1380.127034 0.046925 
1381.091484 0.046836 
1382.055933 0.046921 
1383.020382 0.047091 
1383.984832 0.047287 
1384.949281 0.047359 
1385.913730 0.047433 
1386.878180 0.047907 
1387.842629 0.048142 
1388.807078 0.047213 
1389.771528 0.046672 
1390.735977 0.046777 
1391.700426 0.046821 
1392.664876 0.046793 
1393.629325 0.047037 
1394.593775 0.048336 
1395.558224 0.048805 
1396.522673 0.048173 
1397.487123 0.048026 
1398.451572 0.048266 
1399.416021 0.048678 
1400.380471 0.048205 
1401.344920 0.047678 
1402.309369 0.047766 
1403.273819 0.047749 
1404.238268 0.048077 
1405.202718 0.048846 
1406.167167 0.048448 
1407.131616 0.047876 
1408.096066 0.047798 
1409.060515 0.047836 
1410.024964 0.048032 
1410.989414 0.047972 
1411.953863 0.048054 
1412.918312 0.047866 
1413.882762 0.047804 
1414.847211 0.047793 
1415.811660 0.048154 
1416.776110 0.048665 
1417.740559 0.048939 
1418.705009 0.048740 
1419.669458 0.050080 
1420.633907 0.048917 
1421.598357 0.048023 
1422.562806 0.047883 
1423.527255 0.048835 
1424.491705 0.049257 
1425.456154 0.048261 
1426.420603 0.047923 
1427.385053 0.047979 
1428.349502 0.048032 
1429.313952 0.048234 
1430.278401 0.048912 
1431.242850 0.048568 
1432.207300 0.048352 
1433.171749 0.048574 
1434.136198 0.048407 
1435.100648 0.048223 
1436.065097 0.048637 
1437.029546 0.050150 
1437.993996 0.049139 
1438.958445 0.048253 
1439.922894 0.048192 
1440.887344 0.048206 
1441.851793 0.048237 
1442.816243 0.048252 
1443.780692 0.048306 
1444.745141 0.048356 
1445.709591 0.048421 
1446.674040 0.048482 
1447.638489 0.049381 
1448.602939 0.049952 
1449.567388 0.049124 
1450.531837 0.048959 
1451.496287 0.049408 
1452.460736 0.049903 
1453.425186 0.049551 
1454.389635 0.049760 
1455.354084 0.050395 
1456.318534 0.050884 
1457.282983 0.052703 
1458.247432 0.052622 
1459.211882 0.051889 
1460.176331 0.050633 
1461.140780 0.049876 
1462.105230 0.049863 
1463.069679 0.049807 
1464.034128 0.049818 
1464.998578 0.051072 
1465.963027 0.051142 
1466.927477 0.050385 
1467.891926 0.050414 
1468.856375 0.050466 
1469.820825 0.050748 
1470.785274 0.050940 
1471.749723 0.052106 
1472.714173 0.053356 
1473.678622 0.053569 
1474.643071 0.052298 
1475.607521 0.051756 
1476.571970 0.052861 
1477.536420 0.052178 
1478.500869 0.051606 
1479.465318 0.051783 
1480.429768 0.052156 
1481.394217 0.052998 
1482.358666 0.052973 
1483.323116 0.052836 
1484.287565 0.053047 
1485.252014 0.053591 
1486.216464 0.054171 
1487.180913 0.055176 
1488.145362 0.055964 
1489.109812 0.056800 
1490.074261 0.058524 
1491.038711 0.058572 
1492.003160 0.057633 
1492.967609 0.057502 
1493.932059 0.058010 
1494.896508 0.058408 
1495.860957 0.059686 
1496.825407 0.061962 
1497.789856 0.061515 
1498.754305 0.062733 
1499.718755 0.064009 
1500.683204 0.064101 
1501.647654 0.065189 
1502.612103 0.065990 
1503.576552 0.066408 
1504.541002 0.066914 
1505.505451 0.068206 
1506.469900 0.072897 
1507.434350 0.076976 
1508.398799 0.076586 
1509.363248 0.076220 
1510.327698 0.076400 
1511.292147 0.075883 
1512.256596 0.077161 
1513.221046 0.077835 
1514.185495 0.078040 
1515.149945 0.079749 
1516.114394 0.081202 
1517.078843 0.083843 
1518.043293 0.084357 
1519.007742 0.083290 
1519.972191 0.084089 
1520.936641 0.087039 
1521.901090 0.088424 
1522.865539 0.088724 
1523.829989 0.088466 
1524.794438 0.089088 
1525.758888 0.091415 
1526.723337 0.091966 
1527.687786 0.093258 
1528.652236 0.094548 
1529.616685 0.095287 
1530.581134 0.096344 
1531.545584 0.098744 
1532.510033 0.100353 
1533.474482 0.103906 
1534.438932 0.107577 
1535.403381 0.108449 
1536.367830 0.110014 
1537.332280 0.111917 
1538.296729 0.114012 
1539.261179 0.119915 
1540.225628 0.125455 
1541.190077 0.125570 
1542.154527 0.128315 
1543.118976 0.131531 
1544.083425 0.132214 
1545.047875 0.134699 
1546.012324 0.135706 
1546.976773 0.135211 
1547.941223 0.135550 
1548.905672 0.136384 
1549.870122 0.138432 
1550.834571 0.138180 
1551.799020 0.136312 
1552.763470 0.135316 
1553.727919 0.134923 
1554.692368 0.134951 
1555.656818 0.132276 
1556.621267 0.130077 
1557.585716 0.128861 
1558.550166 0.130483 
1559.514615 0.128768 
1560.479064 0.123818 
1561.443514 0.119502 
1562.407963 0.116486 
1563.372413 0.113868 
1564.336862 0.111925 
1565.301311 0.110127 
1566.265761 0.107658 
1567.230210 0.105542 
1568.194659 0.103902 
1569.159109 0.103314 
1570.123558 0.102577 
1571.088007 0.100336 
1572.052457 0.098851 
1573.016906 0.097936 
1573.981356 0.097117 
1574.945805 0.096246 
1575.910254 0.096661 
1576.874704 0.098216 
1577.839153 0.096650 
1578.803602 0.095538 
1579.768052 0.095001 
1580.732501 0.094701 
1581.696950 0.094352 
1582.661400 0.093888 
1583.625849 0.093274 
1584.590298 0.092480 
1585.554748 0.091635 
1586.519197 0.090767 
1587.483647 0.089684 
1588.448096 0.088418 
1589.412545 0.087144 
1590.376995 0.085733 
1591.341444 0.084206 
1592.305893 0.082611 
1593.270343 0.080942 
1594.234792 0.079505 
1595.199241 0.077893 
1596.163691 0.076157 
1597.128140 0.074479 
1598.092590 0.072693 
1599.057039 0.071054 
1600.021488 0.069634 
1600.985938 0.068430 
1601.950387 0.067065 
1602.914836 0.065885 
1603.879286 0.064632 
1604.843735 0.063215 
1605.808184 0.062171 
1606.772634 0.061530 
1607.737083 0.060784 
1608.701532 0.059929 
1609.665982 0.059534 
1610.630431 0.058627 
1611.594881 0.057841 
1612.559330 0.057402 
1613.523779 0.056961 
1614.488229 0.056431 
1615.452678 0.055687 
1616.417127 0.055940 
1617.381577 0.057295 
1618.346026 0.055845 
1619.310475 0.055015 
1620.274925 0.054696 
1621.239374 0.054440 
1622.203824 0.054063 
1623.168273 0.054455 
1624.132722 0.054804 
1625.097172 0.053676 
1626.061621 0.052959 
1627.026070 0.052580 
1627.990520 0.053197 
1628.954969 0.053054 
1629.919418 0.052485 
1630.883868 0.052277 
1631.848317 0.052079 
1632.812766 0.051938 
1633.777216 0.051543 
1634.741665 0.051158 
1635.706115 0.053724 
1636.670564 0.053432 
1637.635013 0.053081 
1638.599463 0.052489 
1639.563912 0.051675 
1640.528361 0.051555 
1641.492811 0.051287 
1642.457260 0.051305 
1643.421709 0.051152 
1644.386159 0.050880 
1645.350608 0.050828 
1646.315058 0.052530 
1647.279507 0.052964 
1648.243956 0.053135 
1649.208406 0.051937 
1650.172855 0.050931 
1651.137304 0.050203 
1652.101754 0.049167 
1653.066203 0.051033 
1654.030652 0.054624 
1654.995102 0.053025 
1655.959551 0.051394 
1656.924000 0.050779 
1657.888450 0.050537 
1658.852899 0.050332 
1659.817349 0.050335 
1660.781798 0.050286 
1661.746247 0.050118 
1662.710697 0.050710 
1663.675146 0.051030 
1664.639595 0.050114 
1665.604045 0.049870 
1666.568494 0.049671 
1667.532943 0.049753 
1668.497393 0.050160 
1669.461842 0.051585 
1670.426292 0.050729 
1671.390741 0.050601 
1672.355190 0.050553 
1673.319640 0.049584 
1674.284089 0.048790 
1675.248538 0.050325 
1676.212988 0.050987 
1677.177437 0.049583 
1678.141886 0.049099 
1679.106336 0.049222 
1680.070785 0.050559 
1681.035234 0.050498 
1681.999684 0.049156 
1682.964133 0.048972 
1683.928583 0.051041 
1684.893032 0.052922 
1685.857481 0.050827 
1686.821931 0.049297 
1687.786380 0.049369 
1688.750829 0.049701 
1689.715279 0.049325 
1690.679728 0.049272 
1691.644177 0.048703 
1692.608627 0.048431 
1693.573076 0.048243 
1694.537526 0.047719 
1695.501975 0.048331 
1696.466424 0.051352 
1697.430874 0.050039 
1698.395323 0.048735 
1699.359772 0.047216 
1700.324222 0.049881 
1701.288671 0.051332 
1702.253120 0.049416 
1703.217570 0.048422 
1704.182019 0.048832 
1705.146468 0.049135 
1706.110918 0.049121 
1707.075367 0.049627 
1708.039817 0.048679 
1709.004266 0.048160 
1709.968715 0.048603 
1710.933165 0.048746 
1711.897614 0.048274 
1712.862063 0.048278 
1713.826513 0.048617 
1714.790962 0.049786 
1715.755411 0.050009 
1716.719861 0.049088 
1717.684310 0.050418 
1718.648760 0.051467 
1719.613209 0.049766 
1720.577658 0.048757 
1721.542108 0.048595 
1722.506557 0.048535 
1723.471006 0.048958 
1724.435456 0.048802 
1725.399905 0.048423 
1726.364354 0.048489 
1727.328804 0.048538 
1728.293253 0.048449 
1729.257702 0.048883 
1730.222152 0.050233 
1731.186601 0.049612 
1732.151051 0.048916 
1733.115500 0.049188 
1734.079949 0.051349 
1735.044399 0.051641 
1736.008848 0.049906 
1736.973297 0.049257 
1737.937747 0.049271 
1738.902196 0.048999 
1739.866645 0.050175 
1740.831095 0.050175 
1741.795544 0.049227 
1742.759994 0.049772 
1743.724443 0.050934 
1744.688892 0.050282 
1745.653342 0.049676 
1746.617791 0.049855 
1747.582240 0.050225 
1748.546690 0.050671 
1749.511139 0.050620 
1750.475588 0.049765 
1751.440038 0.051009 
1752.404487 0.050477 
1753.368936 0.049365 
1754.333386 0.048986 
1755.297835 0.048733 
1756.262285 0.049240 
1757.226734 0.050326 
1758.191183 0.049815 
1759.155633 0.049296 
1760.120082 0.048928 
1761.084531 0.049074 
1762.048981 0.050457 
1763.013430 0.049845 
1763.977879 0.048956 
1764.942329 0.048822 
1765.906778 0.048792 
1766.871228 0.048710 
1767.835677 0.049556 
1768.800126 0.050269 
1769.764576 0.049134 
1770.729025 0.048996 
1771.693474 0.049640 
1772.657924 0.050568 
1773.622373 0.050254 
1774.586822 0.049332 
1775.551272 0.049641 
1776.515721 0.049516 
1777.480170 0.048977 
1778.444620 0.049083 
1779.409069 0.049127 
1780.373519 0.049512 
1781.337968 0.049921 
1782.302417 0.049341 
1783.266867 0.049019 
1784.231316 0.049192 
1785.195765 0.049883 
1786.160215 0.049431 
1787.124664 0.049078 
1788.089113 0.049145 
1789.053563 0.049221 
1790.018012 0.049314 
1790.982462 0.049982 
1791.946911 0.050078 
1792.911360 0.050959 
1793.875810 0.050263 
1794.840259 0.049482 
1795.804708 0.050070 
1796.769158 0.050043 
1797.733607 0.049304 
1798.698056 0.048967 
1799.662506 0.049685 
1800.626955 0.049851 
1801.591404 0.049902 
1802.555854 0.050163 
1803.520303 0.049509 
1804.484753 0.049000 
1805.449202 0.048921 
1806.413651 0.048848 
1807.378101 0.049139 
1808.342550 0.049292 
1809.306999 0.048880 
1810.271449 0.049172 
1811.235898 0.049736 
1812.200347 0.049575 
1813.164797 0.049255 
1814.129246 0.048866 
1815.093696 0.048835 
1816.058145 0.048849 
1817.022594 0.049102 
1817.987044 0.049198 
1818.951493 0.048883 
1819.915942 0.048703 
1820.880392 0.048724 
1821.844841 0.048789 
1822.809290 0.048902 
1823.773740 0.048566 
1824.738189 0.048962 
1825.702638 0.050069 
1826.667088 0.049149 
1827.631537 0.048533 
1828.595987 0.048553 
1829.560436 0.049622 
1830.524885 0.050257 
1831.489335 0.049163 
1832.453784 0.048687 
1833.418233 0.048800 
1834.382683 0.048646 
1835.347132 0.048489 
1836.311581 0.048607 
1837.276031 0.049016 
1838.240480 0.048888 
1839.204930 0.048573 
1840.169379 0.048554 
1841.133828 0.048638 
1842.098278 0.048930 
1843.062727 0.048651 
1844.027176 0.049483 
1844.991626 0.050552 
1845.956075 0.049485 
1846.920524 0.049053 
1847.884974 0.049482 
1848.849423 0.049322 
1849.813872 0.048816 
1850.778322 0.048750 
1851.742771 0.048770 
1852.707221 0.048840 
1853.671670 0.048906 
1854.636119 0.048970 
1855.600569 0.048944 
1856.565018 0.048921 
1857.529467 0.048956 
1858.493917 0.049120 
1859.458366 0.049046 
1860.422815 0.049020 
1861.387265 0.049145 
1862.351714 0.049117 
1863.316164 0.048996 
1864.280613 0.048997 
1865.245062 0.048976 
1866.209512 0.049264 
1867.173961 0.049546 
1868.138410 0.049834 
1869.102860 0.050301 
1870.067309 0.050279 
1871.031758 0.049479 
1871.996208 0.049000 
1872.960657 0.048855 
1873.925106 0.048887 
1874.889556 0.048852 
1875.854005 0.048827 
1876.818455 0.048852 
1877.782904 0.048909 
1878.747353 0.048951 
1879.711803 0.048939 
1880.676252 0.048847 
1881.640701 0.048883 
1882.605151 0.048831 
1883.569600 0.048808 
1884.534049 0.048969 
1885.498499 0.049075 
1886.462948 0.048966 
1887.427398 0.048975 
1888.391847 0.048920 
1889.356296 0.049676 
1890.320746 0.050057 
1891.285195 0.049382 
1892.249644 0.049120 
1893.214094 0.049128 
1894.178543 0.049227 
1895.142992 0.049638 
1896.107442 0.049604 
1897.071891 0.049252 
1898.036340 0.049293 
1899.000790 0.049333 
1899.965239 0.049318 
1900.929689 0.049296 
1901.894138 0.049339 
1902.858587 0.049284 
1903.823037 0.049272 
1904.787486 0.049229 
1905.751935 0.049181 
1906.716385 0.049200 
1907.680834 0.049500 
1908.645283 0.049503 
1909.609733 0.049532 
1910.574182 0.049679 
1911.538632 0.049398 
1912.503081 0.049283 
1913.467530 0.049197 
1914.431980 0.049252 
1915.396429 0.049283 
1916.360878 0.049121 
1917.325328 0.049257 
1918.289777 0.050278 
1919.254226 0.049886 
1920.218676 0.049398 
1921.183125 0.049357 
1922.147574 0.049758 
1923.112024 0.050448 
1924.076473 0.049997 
1925.040923 0.049418 
1926.005372 0.049352 
1926.969821 0.049388 
1927.934271 0.049395 
1928.898720 0.049399 
1929.863169 0.049414 
1930.827619 0.049366 
1931.792068 0.049376 
1932.756517 0.049502 
1933.720967 0.049546 
1934.685416 0.049486 
1935.649866 0.049464 
1936.614315 0.049440 
1937.578764 0.049468 
1938.543214 0.049503 
1939.507663 0.049524 
1940.472112 0.049506 
1941.436562 0.049598 
1942.401011 0.050510 
1943.365460 0.050623 
1944.329910 0.049801 
1945.294359 0.049843 
1946.258808 0.049986 
1947.223258 0.049861 
1948.187707 0.049797 
1949.152157 0.050220 
1950.116606 0.050386 
1951.081055 0.050040 
1952.045505 0.049781 
1953.009954 0.049774 
1953.974403 0.049693 
1954.938853 0.049841 
1955.903302 0.049978 
1956.867751 0.050503 
1957.832201 0.053037 
1958.796650 0.056436 
1959.761100 0.054320 
1960.725549 0.050854 
1961.689998 0.049968 
1962.654448 0.049766 
1963.618897 0.049714 
1964.583346 0.049651 
1965.547796 0.049731 
1966.512245 0.050017 
1967.476694 0.050365 
1968.441144 0.050091 
1969.405593 0.049767 
1970.370042 0.049725 
1971.334492 0.049668 
1972.298941 0.049656 
1973.263391 0.049677 
1974.227840 0.049643 
1975.192289 0.049623 
1976.156739 0.049648 
1977.121188 0.049658 
1978.085637 0.049623 
1979.050087 0.049605 
1980.014536 0.049612 
1980.978985 0.049563 
1981.943435 0.049519 
1982.907884 0.049491 
1983.872334 0.049478 
1984.836783 0.049451 
1985.801232 0.049468 
1986.765682 0.049413 
1987.730131 0.049522 
1988.694580 0.049718 
1989.659030 0.049515 
1990.623479 0.049396 
1991.587928 0.049918 
1992.552378 0.050311 
1993.516827 0.049754 
1994.481276 0.049472 
1995.445726 0.049448 
1996.410175 0.049432 
1997.374625 0.049444 
1998.339074 0.049501 
1999.303523 0.049521 
2000.267973 0.049486 
2001.232422 0.049475 
2002.196871 0.049469 
2003.161321 0.049490 
2004.125770 0.049510 
2005.090219 0.049459 
2006.054669 0.049388 
2007.019118 0.049411 
2007.983568 0.049437 
2008.948017 0.049421 
2009.912466 0.049371 
2010.876916 0.049350 
2011.841365 0.049342 
2012.805814 0.049320 
2013.770264 0.049260 
2014.734713 0.049241 
2015.699162 0.049264 
2016.663612 0.049555 
2017.628061 0.049631 
2018.592510 0.049589 
2019.556960 0.049557 
2020.521409 0.049387 
2021.485859 0.049302 
2022.450308 0.049240 
2023.414757 0.049273 
2024.379207 0.049235 
2025.343656 0.049264 
2026.308105 0.049366 
2027.272555 0.049697 
2028.237004 0.050607 
2029.201453 0.051071 
2030.165903 0.050112 
2031.130352 0.049454 
2032.094802 0.049337 
2033.059251 0.049310 
2034.023700 0.049300 
2034.988150 0.049397 
2035.952599 0.049468 
2036.917048 0.049439 
2037.881498 0.049398 
2038.845947 0.049428 
2039.810396 0.049484 
2040.774846 0.049684 
2041.739295 0.049819 
2042.703744 0.049668 
2043.668194 0.049654 
2044.632643 0.049717 
2045.597093 0.049704 
2046.561542 0.049771 
2047.525991 0.049829 
2048.490441 0.049867 
2049.454890 0.049935 
2050.419339 0.049966 
2051.383789 0.049942 
2052.348238 0.049932 
2053.312687 0.049924 
2054.277137 0.049972 
2055.241586 0.049998 
2056.206036 0.050021 
2057.170485 0.050058 
2058.134934 0.050096 
2059.099384 0.050110 
2060.063833 0.050140 
2061.028282 0.050192 
2061.992732 0.050117 
2062.957181 0.050039 
2063.921630 0.050117 
2064.886080 0.050376 
2065.850529 0.050404 
2066.814978 0.050217 
2067.779428 0.050125 
2068.743877 0.050103 
2069.708327 0.050103 
2070.672776 0.050168 
2071.637225 0.050189 
2072.601675 0.050193 
2073.566124 0.050249 
2074.530573 0.050314 
2075.495023 0.050294 
2076.459472 0.050260 
2077.423921 0.050329 
2078.388371 0.050409 
2079.352820 0.050380 
2080.317270 0.050357 
2081.281719 0.050369 
2082.246168 0.050337 
2083.210618 0.050263 
2084.175067 0.050215 
2085.139516 0.050239 
2086.103966 0.050222 
2087.068415 0.050193 
2088.032864 0.050181 
2088.997314 0.050180 
2089.961763 0.050239 
2090.926212 0.050171 
2091.890662 0.050094 
2092.855111 0.050080 
2093.819561 0.050053 
2094.784010 0.050077 
2095.748459 0.050067 
2096.712909 0.050040 
2097.677358 0.050067 
2098.641807 0.050066 
2099.606257 0.050062 
2100.570706 0.050064 
2101.535155 0.050076 
2102.499605 0.050083 
2103.464054 0.050050 
2104.428504 0.049992 
2105.392953 0.049991 
2106.357402 0.050008 
2107.321852 0.049988 
2108.286301 0.049964 
2109.250750 0.049908 
2110.215200 0.049847 
2111.179649 0.049789 
2112.144098 0.049782 
2113.108548 0.049734 
2114.072997 0.049698 
2115.037446 0.049737 
2116.001896 0.049716 
2116.966345 0.049666 
2117.930795 0.049674 
2118.895244 0.049643 
2119.859693 0.049621 
2120.824143 0.049593 
2121.788592 0.049509 
2122.753041 0.049486 
2123.717491 0.049515 
2124.681940 0.049500 
2125.646389 0.049475 
2126.610839 0.049475 
2127.575288 0.049533 
2128.539738 0.049557 
2129.504187 0.049536 
2130.468636 0.049493 
2131.433086 0.049483 
2132.397535 0.049465 
2133.361984 0.049445 
2134.326434 0.049420 
2135.290883 0.049447 
2136.255332 0.049444 
2137.219782 0.049399 
2138.184231 0.049416 
2139.148680 0.049485 
2140.113130 0.049498 
2141.077579 0.049449 
2142.042029 0.049430 
2143.006478 0.049456 
2143.970927 0.049445 
2144.935377 0.049428 
2145.899826 0.049433 
2146.864275 0.049420 
2147.828725 0.049402 
2148.793174 0.049417 
2149.757623 0.049448 
2150.722073 0.049442 
2151.686522 0.049442 
2152.650972 0.049461 
2153.615421 0.049466 
2154.579870 0.049515 
2155.544320 0.049526 
2156.508769 0.049519 
2157.473218 0.049524 
2158.437668 0.049541 
2159.402117 0.049563 
2160.366566 0.049593 
2161.331016 0.049608 
2162.295465 0.049627 
2163.259914 0.049628 
2164.224364 0.049645 
2165.188813 0.049703 
2166.153263 0.049730 
2167.117712 0.049741 
2168.082161 0.049744 
2169.046611 0.049719 
2170.011060 0.049756 
2170.975509 0.049788 
2171.939959 0.049808 
2172.904408 0.049836 
2173.868857 0.049892 
2174.833307 0.049929 
2175.797756 0.049994 
2176.762206 0.050075 
2177.726655 0.050113 
2178.691104 0.050129 
2179.655554 0.050147 
2180.620003 0.050192 
2181.584452 0.050202 
2182.548902 0.050194 
2183.513351 0.050220 
2184.477800 0.050250 
2185.442250 0.050272 
2186.406699 0.050272 
2187.371148 0.050294 
2188.335598 0.050312 
2189.300047 0.050307 
2190.264497 0.050307 
2191.228946 0.050364 
2192.193395 0.050378 
2193.157845 0.050343 
2194.122294 0.050326 
2195.086743 0.050372 
2196.051193 0.050418 
2197.015642 0.050406 
2197.980091 0.050435 
2198.944541 0.050500 
2199.908990 0.050549 
2200.873440 0.050606 
2201.837889 0.050641 
2202.802338 0.050664 
2203.766788 0.050653 
2204.731237 0.050640 
2205.695686 0.050647 
2206.660136 0.050722 
2207.624585 0.050791 
2208.589034 0.050797 
2209.553484 0.050799 
2210.517933 0.050801 
2211.482382 0.050756 
2212.446832 0.050737 
2213.411281 0.050751 
2214.375731 0.050777 
2215.340180 0.050796 
2216.304629 0.050800 
2217.269079 0.050735 
2218.233528 0.050732 
2219.197977 0.050755 
2220.162427 0.050777 
2221.126876 0.050820 
2222.091325 0.050913 
2223.055775 0.050928 
2224.020224 0.050890 
2224.984674 0.050915 
2225.949123 0.050985 
2226.913572 0.051005 
2227.878022 0.051006 
2228.842471 0.051017 
2229.806920 0.051101 
2230.771370 0.051158 
2231.735819 0.051167 
2232.700268 0.051193 
2233.664718 0.051254 
2234.629167 0.051268 
2235.593616 0.051306 
2236.558066 0.051356 
2237.522515 0.051447 
2238.486965 0.051464 
2239.451414 0.051543 
2240.415863 0.051567 
2241.380313 0.051629 
2242.344762 0.051700 
2243.309211 0.051820 
2244.273661 0.051835 
2245.238110 0.051922 
2246.202559 0.051971 
2247.167009 0.052059 
2248.131458 0.052143 
2249.095908 0.052242 
2250.060357 0.052319 
2251.024806 0.052414 
2251.989256 0.052521 
2252.953705 0.052635 
2253.918154 0.052729 
2254.882604 0.052864 
2255.847053 0.053016 
2256.811502 0.053074 
2257.775952 0.053182 
2258.740401 0.053339 
2259.704850 0.053491 
2260.669300 0.053638 
2261.633749 0.053792 
2262.598199 0.053904 
2263.562648 0.054018 
2264.527097 0.054084 
2265.491547 0.054201 
2266.455996 0.054330 
2267.420445 0.054483 
2268.384895 0.054540 
2269.349344 0.054604 
2270.313793 0.054728 
2271.278243 0.054856 
2272.242692 0.054960 
2273.207142 0.055058 
2274.171591 0.055175 
2275.136040 0.055263 
2276.100490 0.055332 
2277.064939 0.055380 
2278.029388 0.055476 
2278.993838 0.055519 
2279.958287 0.055571 
2280.922736 0.055582 
2281.887186 0.055621 
2282.851635 0.055614 
2283.816084 0.055679 
2284.780534 0.055841 
2285.744983 0.056020 
2286.709433 0.056342 
2287.673882 0.056601 
2288.638331 0.056821 
2289.602781 0.057129 
2290.567230 0.057167 
2291.531679 0.057501 
2292.496129 0.057521 
2293.460578 0.057961 
2294.425027 0.058043 
2295.389477 0.058168 
2296.353926 0.058593 
2297.318376 0.058571 
2298.282825 0.059152 
2299.247274 0.059014 
2300.211724 0.059611 
2301.176173 0.059716 
2302.140622 0.059873 
2303.105072 0.060434 
2304.069521 0.060255 
2305.033970 0.061315 
2305.998420 0.061071 
2306.962869 0.062557 
2307.927318 0.062304 
2308.891768 0.063756 
2309.856217 0.063578 
2310.820667 0.064540 
2311.785116 0.064866 
2312.749565 0.065112 
2313.714015 0.065629 
2314.678464 0.065031 
2315.642913 0.065758 
2316.607363 0.065818 
2317.571812 0.067337 
2318.536261 0.067660 
2319.500711 0.069433 
2320.465160 0.069633 
2321.429610 0.071404 
2322.394059 0.071157 
2323.358508 0.072520 
2324.322958 0.071902 
2325.287407 0.072525 
2326.251856 0.072291 
2327.216306 0.073458 
2328.180755 0.073544 
2329.145204 0.074898 
2330.109654 0.075066 
2331.074103 0.075858 
2332.038552 0.075311 
2333.003002 0.075452 
2333.967451 0.074855 
2334.931901 0.074810 
2335.896350 0.075453 
2336.860799 0.076600 
2337.825249 0.075765 
2338.789698 0.076207 
2339.754147 0.076849 
2340.718597 0.077364 
2341.683046 0.077105 
2342.647495 0.077284 
2343.611945 0.077121 
2344.576394 0.077169 
2345.540844 0.076396 
2346.505293 0.074333 
2347.469742 0.071422 
2348.434192 0.068159 
2349.398641 0.067894 
2350.363090 0.070975 
2351.327540 0.073209 
2352.291989 0.075606 
2353.256438 0.077075 
2354.220888 0.079463 
2355.185337 0.081028 
2356.149786 0.083062 
2357.114236 0.084000 
2358.078685 0.085473 
2359.043135 0.085572 
2360.007584 0.086416 
2360.972033 0.085592 
2361.936483 0.085473 
2362.900932 0.084738 
2363.865381 0.084457 
2364.829831 0.083390 
2365.794280 0.082584 
2366.758729 0.080966 
2367.723179 0.079895 
2368.687628 0.078185 
2369.652078 0.076806 
2370.616527 0.075045 
2371.580976 0.073614 
2372.545426 0.071954 
2373.509875 0.070517 
2374.474324 0.068824 
2375.438774 0.067481 
2376.403223 0.066133 
2377.367672 0.064906 
2378.332122 0.063537 
2379.296571 0.062216 
2380.261020 0.060790 
2381.225470 0.059428 
2382.189919 0.058105 
2383.154369 0.057027 
2384.118818 0.056103 
2385.083267 0.055372 
2386.047717 0.054827 
2387.012166 0.054477 
2387.976615 0.054270 
2388.941065 0.054207 
2389.905514 0.054138 
2390.869963 0.054092 
2391.834413 0.054086 
2392.798862 0.054120 
2393.763312 0.054121 
2394.727761 0.054143 
2395.692210 0.054117 
2396.656660 0.054105 
2397.621109 0.054069 
2398.585558 0.054058 
2399.550008 0.054026 
2400.514457 0.054041 
2401.478906 0.054029 
2402.443356 0.053996 
2403.407805 0.053989 
2404.372254 0.054018 
2405.336704 0.054036 
2406.301153 0.054006 
2407.265603 0.053982 
2408.230052 0.054007 
2409.194501 0.053971 
2410.158951 0.053977 
2411.123400 0.053962 
2412.087849 0.054001 
2413.052299 0.054020 
2414.016748 0.053981 
2414.981197 0.053944 
2415.945647 0.053897 
2416.910096 0.053858 
2417.874546 0.053855 
2418.838995 0.053791 
2419.803444 0.053753 
2420.767894 0.053747 
2421.732343 0.053732 
2422.696792 0.053710 
2423.661242 0.053715 
2424.625691 0.053678 
2425.590140 0.053648 
2426.554590 0.053559 
2427.519039 0.053525 
2428.483488 0.053515 
2429.447938 0.053513 
2430.412387 0.053462 
2431.376837 0.053377 
2432.341286 0.053334 
2433.305735 0.053367 
2434.270185 0.053340 
2435.234634 0.053268 
2436.199083 0.053191 
2437.163533 0.053207 
2438.127982 0.053224 
2439.092431 0.053168 
2440.056881 0.053080 
2441.021330 0.053054 
2441.985780 0.053005 
2442.950229 0.052981 
2443.914678 0.052961 
2444.879128 0.052950 
2445.843577 0.052945 
2446.808026 0.052913 
2447.772476 0.052857 
2448.736925 0.052844 
2449.701374 0.052852 
2450.665824 0.052852 
2451.630273 0.052772 
2452.594722 0.052758 
2453.559172 0.052717 
2454.523621 0.052695 
2455.488071 0.052688 
2456.452520 0.052662 
2457.416969 0.052642 
2458.381419 0.052667 
2459.345868 0.052631 
2460.310317 0.052601 
2461.274767 0.052616 
2462.239216 0.052642 
2463.203665 0.052653 
2464.168115 0.052628 
2465.132564 0.052576 
2466.097014 0.052589 
2467.061463 0.052580 
2468.025912 0.052587 
2468.990362 0.052587 
2469.954811 0.052579 
2470.919260 0.052577 
2471.883710 0.052575 
2472.848159 0.052550 
2473.812608 0.052557 
2474.777058 0.052564 
2475.741507 0.052599 
2476.705956 0.052600 
2477.670406 0.052579 
2478.634855 0.052620 
2479.599305 0.052689 
2480.563754 0.052691 
2481.528203 0.052725 
2482.492653 0.052816 
2483.457102 0.052841 
2484.421551 0.052786 
2485.386001 0.052783 
2486.350450 0.052786 
2487.314899 0.052843 
2488.279349 0.052941 
2489.243798 0.052967 
2490.208248 0.052973 
2491.172697 0.053003 
2492.137146 0.052988 
2493.101596 0.053048 
2494.066045 0.053112 
2495.030494 0.053160 
2495.994944 0.053173 
2496.959393 0.053197 
2497.923842 0.053280 
2498.888292 0.053326 
2499.852741 0.053317 
2500.817190 0.053289 
2501.781640 0.053302 
2502.746089 0.053353 
2503.710539 0.053401 
2504.674988 0.053459 
2505.639437 0.053469 
2506.603887 0.053487 
2507.568336 0.053496 
2508.532785 0.053545 
2509.497235 0.053585 
2510.461684 0.053587 
2511.426133 0.053621 
2512.390583 0.053677 
2513.355032 0.053672 
2514.319482 0.053715 
2515.283931 0.053792 
2516.248380 0.053796 
2517.212830 0.053815 
2518.177279 0.053900 
2519.141728 0.053957 
2520.106178 0.053948 
2521.070627 0.053951 
2522.035076 0.053952 
2522.999526 0.053960 
2523.963975 0.054034 
2524.928424 0.054059 
2525.892874 0.054030 
2526.857323 0.053994 
2527.821773 0.054052 
2528.786222 0.054090 
2529.750671 0.054055 
2530.715121 0.054025 
2531.679570 0.054034 
2532.644019 0.054051 
2533.608469 0.054055 
2534.572918 0.054042 
2535.537367 0.054111 
2536.501817 0.054176 
2537.466266 0.054174 
2538.430716 0.054145 
2539.395165 0.054170 
2540.359614 0.054168 
2541.324064 0.054204 
2542.288513 0.054234 
2543.252962 0.054177 
2544.217412 0.054137 
2545.181861 0.054162 
2546.146310 0.054186 
2547.110760 0.054185 
2548.075209 0.054175 
2549.039658 0.054171 
2550.004108 0.054098 
2550.968557 0.054075 
2551.933007 0.054140 
2552.897456 0.054203 
2553.861905 0.054202 
2554.826355 0.054145 
2555.790804 0.054120 
2556.755253 0.054092 
2557.719703 0.054043 
2558.684152 0.054058 
2559.648601 0.054066 
2560.613051 0.054066 
2561.577500 0.054055 
2562.541950 0.054041 
2563.506399 0.054029 
2564.470848 0.053993 
2565.435298 0.053993 
2566.399747 0.053995 
2567.364196 0.053996 
2568.328646 0.054001 
2569.293095 0.054044 
2570.257544 0.054082 
2571.221994 0.054087 
2572.186443 0.054096 
2573.150892 0.054064 
2574.115342 0.054099 
2575.079791 0.054138 
2576.044241 0.054115 
2577.008690 0.054082 
2577.973139 0.054067 
2578.937589 0.054026 
2579.902038 0.053962 
2580.866487 0.053937 
2581.830937 0.053956 
2582.795386 0.053979 
2583.759835 0.053991 
2584.724285 0.053948 
2585.688734 0.053953 
2586.653184 0.053964 
2587.617633 0.053978 
2588.582082 0.053994 
2589.546532 0.053987 
2590.510981 0.053948 
2591.475430 0.053955 
2592.439880 0.054014 
2593.404329 0.054025 
2594.368778 0.054021 
2595.333228 0.054050 
2596.297677 0.054046 
2597.262126 0.054054 
2598.226576 0.054086 
2599.191025 0.054046 
2600.155475 0.053990 
2601.119924 0.053982 
2602.084373 0.053925 
2603.048823 0.053957 
2604.013272 0.054028 
2604.977721 0.054044 
2605.942171 0.054031 
2606.906620 0.054080 
2607.871069 0.054105 
2608.835519 0.054046 
2609.799968 0.053998 
2610.764418 0.054010 
2611.728867 0.054062 
2612.693316 0.054093 
2613.657766 0.054100 
2614.622215 0.054056 
2615.586664 0.054021 
2616.551114 0.054027 
2617.515563 0.054028 
2618.480012 0.054053 
2619.444462 0.054080 
2620.408911 0.054048 
2621.373360 0.054027 
2622.337810 0.054030 
2623.302259 0.054060 
2624.266709 0.054111 
2625.231158 0.054139 
2626.195607 0.054172 
2627.160057 0.054198 
2628.124506 0.054243 
2629.088955 0.054228 
2630.053405 0.054160 
2631.017854 0.054123 
2631.982303 0.054158 
2632.946753 0.054157 
2633.911202 0.054098 
2634.875652 0.054124 
2635.840101 0.054160 
2636.804550 0.054173 
2637.769000 0.054147 
2638.733449 0.054100 
2639.697898 0.054106 
2640.662348 0.054122 
2641.626797 0.054127 
2642.591246 0.054123 
2643.555696 0.054181 
2644.520145 0.054219 
2645.484594 0.054233 
2646.449044 0.054268 
2647.413493 0.054294 
2648.377943 0.054300 
2649.342392 0.054301 
2650.306841 0.054307 
2651.271291 0.054312 
2652.235740 0.054311 
2653.200189 0.054340 
2654.164639 0.054382 
2655.129088 0.054421 
2656.093537 0.054425 
2657.057987 0.054434 
2658.022436 0.054423 
2658.986886 0.054426 
2659.951335 0.054416 
2660.915784 0.054441 
2661.880234 0.054435 
2662.844683 0.054445 
2663.809132 0.054445 
2664.773582 0.054463 
2665.738031 0.054498 
2666.702480 0.054530 
2667.666930 0.054574 
2668.631379 0.054619 
2669.595828 0.054631 
2670.560278 0.054650 
2671.524727 0.054630 
2672.489177 0.054655 
2673.453626 0.054699 
2674.418075 0.054707 
2675.382525 0.054712 
2676.346974 0.054775 
2677.311423 0.054834 
2678.275873 0.054804 
2679.240322 0.054792 
2680.204771 0.054797 
2681.169221 0.054758 
2682.133670 0.054775 
2683.098120 0.054818 
2684.062569 0.054908 
2685.027018 0.054928 
2685.991468 0.054911 
2686.955917 0.054908 
2687.920366 0.054924 
2688.884816 0.054935 
2689.849265 0.054955 
2690.813714 0.054992 
2691.778164 0.054981 
2692.742613 0.054980 
2693.707062 0.055006 
2694.671512 0.054998 
2695.635961 0.055018 
2696.600411 0.055091 
2697.564860 0.055107 
2698.529309 0.055151 
2699.493759 0.055195 
2700.458208 0.055210 
2701.422657 0.055267 
2702.387107 0.055342 
2703.351556 0.055334 
2704.316005 0.055326 
2705.280455 0.055326 
2706.244904 0.055324 
2707.209354 0.055363 
2708.173803 0.055398 
2709.138252 0.055367 
2710.102702 0.055312 
2711.067151 0.055312 
2712.031600 0.055351 
2712.996050 0.055373 
2713.960499 0.055342 
2714.924948 0.055324 
2715.889398 0.055326 
2716.853847 0.055320 
2717.818296 0.055318 
2718.782746 0.055384 
2719.747195 0.055428 
2720.711645 0.055458 
2721.676094 0.055451 
2722.640543 0.055442 
2723.604993 0.055475 
2724.569442 0.055516 
2725.533891 0.055491 
2726.498341 0.055485 
2727.462790 0.055495 
2728.427239 0.055508 
2729.391689 0.055533 
2730.356138 0.055553 
2731.320588 0.055523 
2732.285037 0.055483 
2733.249486 0.055497 
2734.213936 0.055524 
2735.178385 0.055510 
2736.142834 0.055519 
2737.107284 0.055496 
2738.071733 0.055471 
2739.036182 0.055473 
2740.000632 0.055419 
2740.965081 0.055413 
2741.929530 0.055456 
2742.893980 0.055501 
2743.858429 0.055480 
2744.822879 0.055432 
2745.787328 0.055418 
2746.751777 0.055401 
2747.716227 0.055448 
2748.680676 0.055495 
2749.645125 0.055450 
2750.609575 0.055430 
2751.574024 0.055485 
2752.538473 0.055443 
2753.502923 0.055408 
2754.467372 0.055412 
2755.431822 0.055434 
2756.396271 0.055432 
2757.360720 0.055464 
2758.325170 0.055508 
2759.289619 0.055487 
2760.254068 0.055487 
2761.218518 0.055494 
2762.182967 0.055455 
2763.147416 0.055491 
2764.111866 0.055480 
2765.076315 0.055462 
2766.040764 0.055473 
2767.005214 0.055427 
2767.969663 0.055416 
2768.934113 0.055424 
2769.898562 0.055428 
2770.863011 0.055465 
2771.827461 0.055480 
2772.791910 0.055442 
2773.756359 0.055409 
2774.720809 0.055410 
2775.685258 0.055414 
2776.649707 0.055506 
2777.614157 0.055577 
2778.578606 0.055589 
2779.543056 0.055593 
2780.507505 0.055627 
2781.471954 0.055645 
2782.436404 0.055631 
2783.400853 0.055613 
2784.365302 0.055691 
2785.329752 0.055716 
2786.294201 0.055661 
2787.258650 0.055667 
2788.223100 0.055723 
2789.187549 0.055737 
2790.151998 0.055760 
2791.116448 0.055774 
2792.080897 0.055782 
2793.045347 0.055836 
2794.009796 0.055849 
2794.974245 0.055844 
2795.938695 0.055888 
2796.903144 0.055986 
2797.867593 0.055973 
2798.832043 0.055897 
2799.796492 0.055960 
2800.760941 0.056005 
2801.725391 0.056023 
2802.689840 0.056082 
2803.654290 0.056123 
2804.618739 0.056155 
2805.583188 0.056203 
2806.547638 0.056237 
2807.512087 0.056231 
2808.476536 0.056265 
2809.440986 0.056314 
2810.405435 0.056253 
2811.369884 0.056253 
2812.334334 0.056290 
2813.298783 0.056359 
2814.263232 0.056400 
2815.227682 0.056398 
2816.192131 0.056392 
2817.156581 0.056432 
2818.121030 0.056466 
2819.085479 0.056453 
2820.049929 0.056433 
2821.014378 0.056500 
2821.978827 0.056491 
2822.943277 0.056490 
2823.907726 0.056544 
2824.872175 0.056594 
2825.836625 0.056720 
2826.801074 0.056788 
2827.765524 0.056810 
2828.729973 0.056819 
2829.694422 0.056815 
2830.658872 0.056881 
2831.623321 0.056906 
2832.587770 0.056900 
2833.552220 0.056981 
2834.516669 0.057000 
2835.481118 0.057001 
2836.445568 0.057015 
2837.410017 0.057075 
2838.374466 0.057121 
2839.338916 0.057125 
2840.303365 0.057195 
2841.267815 0.057218 
2842.232264 0.057246 
2843.196713 0.057297 
2844.161163 0.057456 
2845.125612 0.057545 
2846.090061 0.057624 
2847.054511 0.057725 
2848.018960 0.057819 
2848.983409 0.057900 
2849.947859 0.058018 
2850.912308 0.058018 
2851.876758 0.058000 
2852.841207 0.057994 
2853.805656 0.057973 
2854.770106 0.057969 
2855.734555 0.057999 
2856.699004 0.057980 
2857.663454 0.058000 
2858.627903 0.058034 
2859.592352 0.057936 
2860.556802 0.057915 
2861.521251 0.057975 
2862.485700 0.057933 
2863.450150 0.057893 
2864.414599 0.057880 
2865.379049 0.057857 
2866.343498 0.057840 
2867.307947 0.057875 
2868.272397 0.057839 
2869.236846 0.057838 
2870.201295 0.057891 
2871.165745 0.057898 
2872.130194 0.057888 
2873.094643 0.057841 
2874.059093 0.057760 
2875.023542 0.057814 
2875.987992 0.057897 
2876.952441 0.057919 
2877.916890 0.057909 
2878.881340 0.057915 
2879.845789 0.057918 
2880.810238 0.057936 
2881.774688 0.058012 
2882.739137 0.058070 
2883.703586 0.058082 
2884.668036 0.058113 
2885.632485 0.058099 
2886.596934 0.058144 
2887.561384 0.058203 
2888.525833 0.058197 
2889.490283 0.058113 
2890.454732 0.058108 
2891.419181 0.058137 
2892.383631 0.058140 
2893.348080 0.058180 
2894.312529 0.058269 
2895.276979 0.058255 
2896.241428 0.058181 
2897.205877 0.058221 
2898.170327 0.058299 
2899.134776 0.058357 
2900.099226 0.058386 
2901.063675 0.058424 
2902.028124 0.058421 
2902.992574 0.058374 
2903.957023 0.058366 
2904.921472 0.058394 
2905.885922 0.058529 
2906.850371 0.058651 
2907.814820 0.058701 
2908.779270 0.058718 
2909.743719 0.058782 
2910.708168 0.058833 
2911.672618 0.058913 
2912.637067 0.059047 
2913.601517 0.059063 
2914.565966 0.059101 
2915.530415 0.059280 
2916.494865 0.059372 
2917.459314 0.059427 
2918.423763 0.059394 
2919.388213 0.059369 
2920.352662 0.059404 
2921.317111 0.059456 
2922.281561 0.059447 
2923.246010 0.059459 
2924.210460 0.059498 
2925.174909 0.059435 
2926.139358 0.059404 
2927.103808 0.059387 
2928.068257 0.059398 
2929.032706 0.059377 
2929.997156 0.059241 
2930.961605 0.059157 
2931.926054 0.059124 
2932.890504 0.059153 
2933.854953 0.059117 
2934.819402 0.058992 
2935.783852 0.058988 
2936.748301 0.059061 
2937.712751 0.059006 
2938.677200 0.058949 
2939.641649 0.058970 
2940.606099 0.058996 
2941.570548 0.058981 
2942.534997 0.058954 
2943.499447 0.058922 
2944.463896 0.058836 
2945.428345 0.058869 
2946.392795 0.058859 
2947.357244 0.058732 
2948.321694 0.058752 
2949.286143 0.058877 
2950.250592 0.058980 
2951.215042 0.058983 
2952.179491 0.058870 
2953.143940 0.058830 
2954.108390 0.058961 
2955.072839 0.059108 
2956.037288 0.059182 
2957.001738 0.059246 
2957.966187 0.059279 
2958.930636 0.059281 
2959.895086 0.059329 
2960.859535 0.059405 
2961.823985 0.059442 
2962.788434 0.059349 
2963.752883 0.059352 
2964.717333 0.059453 
2965.681782 0.059506 
2966.646231 0.059520 
2967.610681 0.059511 
2968.575130 0.059427 
2969.539579 0.059403 
2970.504029 0.059399 
2971.468478 0.059320 
2972.432928 0.059260 
2973.397377 0.059306 
2974.361826 0.059340 
2975.326276 0.059378 
2976.290725 0.059386 
2977.255174 0.059429 
2978.219624 0.059446 
2979.184073 0.059442 
2980.148522 0.059528 
2981.112972 0.059553 
2982.077421 0.059497 
2983.041870 0.059526 
2984.006320 0.059640 
2984.970769 0.059723 
2985.935219 0.059757 
2986.899668 0.059811 
2987.864117 0.059861 
2988.828567 0.059900 
2989.793016 0.059896 
2990.757465 0.059959 
2991.721915 0.059970 
2992.686364 0.059899 
2993.650813 0.059898 
2994.615263 0.060073 
2995.579712 0.060214 
2996.544162 0.060222 
2997.508611 0.060152 
2998.473060 0.060130 
2999.437510 0.060181 
3000.401959 0.060249 
3001.366408 0.060302 
3002.330858 0.060353 
3003.295307 0.060368 
3004.259756 0.060382 
3005.224206 0.060455 
3006.188655 0.060509 
3007.153104 0.060520 
3008.117554 0.060531 
3009.082003 0.060600 
3010.046453 0.060728 
3011.010902 0.060722 
3011.975351 0.060758 
3012.939801 0.060870 
3013.904250 0.060849 
3014.868699 0.060871 
3015.833149 0.060923 
3016.797598 0.060880 
3017.762047 0.060866 
3018.726497 0.060929 
3019.690946 0.060913 
3020.655396 0.060928 
3021.619845 0.061002 
3022.584294 0.061108 
3023.548744 0.061127 
3024.513193 0.061030 
3025.477642 0.060992 
3026.442092 0.060977 
3027.406541 0.060942 
3028.370990 0.060984 
3029.335440 0.061011 
3030.299889 0.061012 
3031.264338 0.061162 
3032.228788 0.061200 
3033.193237 0.061137 
3034.157687 0.061240 
3035.122136 0.061198 
3036.086585 0.061131 
3037.051035 0.061160 
3038.015484 0.061180 
3038.979933 0.061172 
3039.944383 0.061105 
3040.908832 0.061084 
3041.873281 0.061118 
3042.837731 0.061056 
3043.802180 0.061061 
3044.766630 0.061075 
3045.731079 0.060964 
3046.695528 0.060968 
3047.659978 0.061067 
3048.624427 0.061171 
3049.588876 0.061171 
3050.553326 0.061035 
3051.517775 0.060923 
3052.482224 0.060904 
3053.446674 0.060922 
3054.411123 0.060840 
3055.375572 0.060854 
3056.340022 0.061043 
3057.304471 0.061016 
3058.268921 0.060935 
3059.233370 0.060939 
3060.197819 0.060906 
3061.162269 0.060897 
3062.126718 0.060954 
3063.091167 0.060907 
3064.055617 0.060901 
3065.020066 0.061042 
3065.984515 0.061076 
3066.948965 0.060998 
3067.913414 0.060864 
3068.877864 0.060844 
3069.842313 0.060811 
3070.806762 0.060720 
3071.771212 0.060790 
3072.735661 0.060882 
3073.700110 0.060818 
3074.664560 0.060830 
3075.629009 0.060971 
3076.593458 0.061033 
3077.557908 0.061096 
3078.522357 0.061112 
3079.486806 0.061178 
3080.451256 0.061240 
3081.415705 0.061243 
3082.380155 0.061321 
3083.344604 0.061282 
3084.309053 0.061103 
3085.273503 0.061045 
3086.237952 0.061117 
3087.202401 0.061178 
3088.166851 0.061142 
3089.131300 0.061209 
3090.095749 0.061240 
3091.060199 0.061176 
3092.024648 0.061122 
3092.989098 0.061074 
3093.953547 0.061054 
3094.917996 0.061047 
3095.882446 0.061153 
3096.846895 0.061262 
3097.811344 0.061287 
3098.775794 0.061366 
3099.740243 0.061393 
3100.704692 0.061378 
3101.669142 0.061403 
3102.633591 0.061440 
3103.598040 0.061501 
3104.562490 0.061441 
3105.526939 0.061450 
3106.491389 0.061618 
3107.455838 0.061780 
3108.420287 0.061731 
3109.384737 0.061698 
3110.349186 0.061827 
3111.313635 0.061865 
3112.278085 0.061966 
3113.242534 0.062083 
3114.206983 0.062162 
3115.171433 0.062248 
3116.135882 0.062442 
3117.100332 0.062444 
3118.064781 0.062398 
3119.029230 0.062531 
3119.993680 0.062486 
3120.958129 0.062326 
3121.922578 0.062346 
3122.887028 0.062496 
3123.851477 0.062505 
3124.815926 0.062524 
3125.780376 0.062581 
3126.744825 0.062699 
3127.709274 0.062857 
3128.673724 0.062927 
3129.638173 0.062886 
3130.602623 0.062843 
3131.567072 0.062878 
3132.531521 0.063016 
3133.495971 0.063204 
3134.460420 0.063179 
3135.424869 0.063171 
3136.389319 0.063295 
3137.353768 0.063448 
3138.318217 0.063455 
3139.282667 0.063391 
3140.247116 0.063342 
3141.211566 0.063379 
3142.176015 0.063411 
3143.140464 0.063489 
3144.104914 0.063563 
3145.069363 0.063659 
3146.033812 0.063729 
3146.998262 0.063753 
3147.962711 0.063818 
3148.927160 0.063866 
3149.891610 0.063881 
3150.856059 0.063935 
3151.820508 0.063907 
3152.784958 0.063832 
3153.749407 0.063858 
3154.713857 0.063922 
3155.678306 0.063888 
3156.642755 0.063949 
3157.607205 0.064031 
3158.571654 0.064039 
3159.536103 0.064011 
3160.500553 0.064039 
3161.465002 0.064067 
3162.429451 0.064133 
3163.393901 0.064143 
3164.358350 0.064062 
3165.322800 0.064073 
3166.287249 0.064098 
3167.251698 0.064119 
3168.216148 0.064191 
3169.180597 0.064256 
3170.145046 0.064299 
3171.109496 0.064304 
3172.073945 0.064298 
3173.038394 0.064303 
3174.002844 0.064296 
3174.967293 0.064304 
3175.931742 0.064312 
3176.896192 0.064267 
3177.860641 0.064331 
3178.825091 0.064473 
3179.789540 0.064429 
3180.753989 0.064339 
3181.718439 0.064385 
3182.682888 0.064410 
3183.647337 0.064345 
3184.611787 0.064420 
3185.576236 0.064447 
3186.540685 0.064355 
3187.505135 0.064350 
3188.469584 0.064373 
3189.434034 0.064325 
3190.398483 0.064368 
3191.362932 0.064427 
3192.327382 0.064455 
3193.291831 0.064494 
3194.256280 0.064523 
3195.220730 0.064559 
3196.185179 0.064633 
3197.149628 0.064670 
3198.114078 0.064729 
3199.078527 0.064681 
3200.042976 0.064621 
3201.007426 0.064613 
3201.971875 0.064557 
3202.936325 0.064594 
3203.900774 0.064651 
3204.865223 0.064612 
3205.829673 0.064596 
3206.794122 0.064579 
3207.758571 0.064574 
3208.723021 0.064554 
3209.687470 0.064634 
3210.651919 0.064636 
3211.616369 0.064570 
3212.580818 0.064662 
3213.545268 0.064798 
3214.509717 0.064864 
3215.474166 0.064849 
3216.438616 0.064891 
3217.403065 0.064943 
3218.367514 0.064898 
3219.331964 0.064844 
3220.296413 0.064826 
3221.260862 0.064828 
3222.225312 0.064837 
3223.189761 0.064868 
3224.154210 0.064878 
3225.118660 0.064871 
3226.083109 0.064877 
3227.047559 0.064902 
3228.012008 0.064949 
3228.976457 0.064918 
3229.940907 0.064947 
3230.905356 0.065005 
3231.869805 0.065059 
3232.834255 0.065055 
3233.798704 0.064995 
3234.763153 0.064945 
3235.727603 0.065011 
3236.692052 0.065118 
3237.656502 0.065054 
3238.620951 0.065032 
3239.585400 0.065185 
3240.549850 0.065291 
3241.514299 0.065245 
3242.478748 0.065232 
3243.443198 0.065230 
3244.407647 0.065278 
3245.372096 0.065420 
3246.336546 0.065306 
3247.300995 0.065225 
3248.265444 0.065304 
3249.229894 0.065387 
3250.194343 0.065446 
3251.158793 0.065485 
3252.123242 0.065508 
3253.087691 0.065598 
3254.052141 0.065775 
3255.016590 0.065802 
3255.981039 0.065634 
3256.945489 0.065602 
3257.909938 0.065658 
3258.874387 0.065680 
3259.838837 0.065702 
3260.803286 0.065798 
3261.767736 0.065787 
3262.732185 0.065770 
3263.696634 0.065763 
3264.661084 0.065813 
3265.625533 0.065880 
3266.589982 0.065872 
3267.554432 0.065883 
3268.518881 0.065957 
3269.483330 0.065968 
3270.447780 0.065968 
3271.412229 0.065984 
3272.376678 0.066064 
3273.341128 0.066222 
3274.305577 0.066241 
3275.270027 0.066138 
3276.234476 0.066279 
3277.198925 0.066436 
3278.163375 0.066387 
3279.127824 0.066374 
3280.092273 0.066393 
3281.056723 0.066375 
3282.021172 0.066284 
3282.985621 0.066310 
3283.950071 0.066414 
3284.914520 0.066435 
3285.878970 0.066481 
3286.843419 0.066524 
3287.807868 0.066571 
3288.772318 0.066657 
3289.736767 0.066759 
3290.701216 0.066793 
3291.665666 0.066680 
3292.630115 0.066617 
3293.594564 0.066752 
3294.559014 0.066794 
3295.523463 0.066774 
3296.487912 0.066827 
3297.452362 0.066890 
3298.416811 0.066928 
3299.381261 0.066935 
3300.345710 0.066971 
3301.310159 0.067031 
3302.274609 0.067062 
3303.239058 0.067109 
3304.203507 0.067087 
3305.167957 0.067037 
3306.132406 0.067019 
3307.096855 0.067060 
3308.061305 0.067185 
3309.025754 0.067292 
3309.990204 0.067308 
3310.954653 0.067340 
3311.919102 0.067371 
3312.883552 0.067429 
3313.848001 0.067506 
3314.812450 0.067580 
3315.776900 0.067612 
3316.741349 0.067654 
3317.705798 0.067712 
3318.670248 0.067748 
3319.634697 0.067741 
3320.599146 0.067740 
3321.563596 0.067772 
3322.528045 0.067816 
3323.492495 0.067865 
3324.456944 0.067900 
3325.421393 0.067848 
3326.385843 0.067835 
3327.350292 0.067965 
3328.314741 0.068106 
3329.279191 0.068202 
3330.243640 0.068241 
3331.208089 0.068214 
3332.172539 0.068235 
3333.136988 0.068288 
3334.101438 0.068362 
3335.065887 0.068437 
3336.030336 0.068418 
3336.994786 0.068517 
3337.959235 0.068503 
3338.923684 0.068339 
3339.888134 0.068352 
3340.852583 0.068451 
3341.817032 0.068490 
3342.781482 0.068410 
3343.745931 0.068423 
3344.710380 0.068592 
3345.674830 0.068696 
3346.639279 0.068755 
3347.603729 0.068782 
3348.568178 0.068777 
3349.532627 0.068809 
3350.497077 0.068798 
3351.461526 0.068752 
3352.425975 0.068791 
3353.390425 0.068945 
3354.354874 0.069039 
3355.319323 0.069061 
3356.283773 0.069091 
3357.248222 0.069075 
3358.212672 0.069083 
3359.177121 0.069079 
3360.141570 0.069073 
3361.106020 0.069017 
3362.070469 0.069077 
3363.034918 0.069050 
3363.999368 0.069011 
3364.963817 0.069125 
3365.928266 0.069153 
3366.892716 0.069094 
3367.857165 0.069132 
3368.821614 0.069183 
3369.786064 0.069167 
3370.750513 0.069124 
3371.714963 0.069032 
3372.679412 0.069070 
3373.643861 0.069254 
3374.608311 0.069347 
3375.572760 0.069286 
3376.537209 0.069227 
3377.501659 0.069217 
3378.466108 0.069291 
3379.430557 0.069279 
3380.395007 0.069156 
3381.359456 0.069152 
3382.323906 0.069236 
3383.288355 0.069349 
3384.252804 0.069391 
3385.217254 0.069399 
3386.181703 0.069416 
3387.146152 0.069402 
3388.110602 0.069391 
3389.075051 0.069482 
3390.039500 0.069508 
3391.003950 0.069355 
3391.968399 0.069344 
3392.932848 0.069614 
3393.897298 0.069700 
3394.861747 0.069554 
3395.826197 0.069460 
3396.790646 0.069611 
3397.755095 0.069714 
3398.719545 0.069613 
3399.683994 0.069485 
3400.648443 0.069531 
3401.612893 0.069495 
3402.577342 0.069456 
3403.541791 0.069641 
3404.506241 0.069633 
3405.470690 0.069528 
3406.435140 0.069555 
3407.399589 0.069681 
3408.364038 0.069643 
3409.328488 0.069620 
3410.292937 0.069787 
3411.257386 0.069859 
3412.221836 0.069772 
3413.186285 0.069731 
3414.150734 0.069737 
3415.115184 0.069736 
3416.079633 0.069765 
3417.044082 0.069845 
3418.008532 0.069915 
3418.972981 0.069944 
3419.937431 0.070094 
3420.901880 0.070289 
3421.866329 0.070251 
3422.830779 0.070211 
3423.795228 0.070240 
3424.759677 0.070204 
3425.724127 0.070175 
3426.688576 0.070316 
3427.653025 0.070393 
3428.617475 0.070291 
3429.581924 0.070212 
3430.546374 0.070263 
3431.510823 0.070343 
3432.475272 0.070473 
3433.439722 0.070535 
3434.404171 0.070508 
3435.368620 0.070512 
3436.333070 0.070551 
3437.297519 0.070521 
3438.261968 0.070521 
3439.226418 0.070533 
3440.190867 0.070503 
3441.155316 0.070511 
3442.119766 0.070769 
3443.084215 0.071067 
3444.048665 0.070874 
3445.013114 0.070762 
3445.977563 0.070725 
3446.942013 0.071100 
3447.906462 0.071425 
3448.870911 0.070973 
3449.835361 0.070719 
3450.799810 0.070685 
3451.764259 0.070700 
3452.728709 0.070729 
3453.693158 0.070759 
3454.657608 0.070769 
3455.622057 0.070879 
3456.586506 0.070988 
3457.550956 0.070962 
3458.515405 0.070916 
3459.479854 0.070881 
3460.444304 0.070811 
3461.408753 0.070830 
3462.373202 0.070976 
3463.337652 0.071021 
3464.302101 0.070838 
3465.266550 0.070761 
3466.231000 0.070790 
3467.195449 0.070843 
3468.159899 0.070732 
3469.124348 0.070569 
3470.088797 0.070583 
3471.053247 0.070713 
3472.017696 0.070714 
3472.982145 0.070636 
3473.946595 0.070571 
3474.911044 0.070674 
3475.875493 0.070719 
3476.839943 0.070635 
3477.804392 0.070629 
3478.768842 0.070507 
3479.733291 0.070406 
3480.697740 0.070695 
3481.662190 0.070919 
3482.626639 0.071092 
3483.591088 0.070839 
3484.555538 0.070552 
3485.519987 0.070435 
3486.484436 0.070295 
3487.448886 0.070301 
3488.413335 0.070451 
3489.377784 0.070296 
3490.342234 0.070215 
3491.306683 0.070198 
3492.271133 0.070094 
3493.235582 0.070021 
3494.200031 0.069891 
3495.164481 0.069919 
3496.128930 0.070067 
3497.093379 0.070005 
3498.057829 0.069796 
3499.022278 0.069645 
3499.986727 0.069595 
3500.951177 0.069602 
3501.915626 0.069733 
3502.880076 0.070005 
3503.844525 0.070232 
3504.808974 0.069938 
3505.773424 0.069613 
3506.737873 0.069437 
3507.702322 0.069183 
3508.666772 0.069250 
3509.631221 0.069919 
3510.595670 0.069767 
3511.560120 0.069344 
3512.524569 0.069121 
3513.489018 0.068911 
3514.453468 0.068853 
3515.417917 0.068934 
3516.382367 0.068891 
3517.346816 0.068812 
3518.311265 0.068828 
3519.275715 0.068831 
3520.240164 0.068678 
3521.204613 0.068505 
3522.169063 0.068642 
3523.133512 0.069331 
3524.097961 0.069406 
3525.062411 0.068991 
3526.026860 0.068670 
3526.991310 0.068748 
3527.955759 0.068927 
3528.920208 0.068957 
3529.884658 0.068743 
3530.849107 0.068491 
3531.813556 0.068419 
3532.778006 0.068159 
3533.742455 0.067990 
3534.706904 0.067847 
3535.671354 0.068037 
3536.635803 0.068514 
3537.600252 0.068299 
3538.564702 0.067849 
3539.529151 0.067761 
3540.493601 0.067857 
3541.458050 0.067625 
3542.422499 0.067353 
3543.386949 0.067605 
3544.351398 0.068050 
3545.315847 0.068552 
3546.280297 0.068598 
3547.244746 0.068852 
3548.209195 0.068399 
3549.173645 0.067660 
3550.138094 0.067314 
3551.102544 0.067156 
3552.066993 0.067884 
3553.031442 0.068342 
3553.995892 0.068081 
3554.960341 0.067587 
3555.924790 0.067087 
3556.889240 0.067059 
3557.853689 0.067071 
3558.818138 0.066926 
3559.782588 0.067282 
3560.747037 0.067546 
3561.711486 0.067135 
3562.675936 0.067120 
3563.640385 0.067314 
3564.604835 0.067078 
3565.569284 0.067555 
3566.533733 0.069334 
3567.498183 0.069656 
3568.462632 0.070037 
3569.427081 0.068514 
3570.391531 0.067375 
3571.355980 0.067199 
3572.320429 0.066919 
3573.284879 0.066757 
3574.249328 0.066826 
3575.213778 0.066994 
3576.178227 0.066849 
3577.142676 0.066899 
3578.107126 0.066795 
3579.071575 0.066657 
3580.036024 0.066999 
3581.000474 0.066990 
3581.964923 0.066512 
3582.929372 0.066618 
3583.893822 0.066904 
3584.858271 0.066387 
3585.822720 0.066266 
3586.787170 0.068231 
3587.751619 0.069090 
3588.716069 0.069338 
3589.680518 0.068634 
3590.644967 0.067341 
3591.609417 0.066744 
3592.573866 0.066929 
3593.538315 0.067834 
3594.502765 0.067654 
3595.467214 0.068310 
3596.431663 0.068281 
3597.396113 0.067345 
3598.360562 0.067320 
3599.325012 0.067248 
3600.289461 0.067209 
3601.253910 0.067786 
3602.218360 0.067355 
3603.182809 0.066962 
3604.147258 0.066684 
3605.111708 0.066279 
3606.076157 0.066128 
3607.040606 0.067527 
3608.005056 0.067482 
3608.969505 0.067468 
3609.933954 0.068443 
3610.898404 0.066631 
3611.862853 0.065886 
3612.827303 0.067620 
3613.791752 0.067739 
3614.756201 0.067879 
3615.720651 0.067597 
3616.685100 0.066323 
3617.649549 0.066960 
3618.613999 0.067444 
3619.578448 0.068039 
3620.542897 0.068699 
3621.507347 0.067836 
3622.471796 0.067126 
3623.436246 0.066787 
3624.400695 0.066446 
3625.365144 0.066322 
3626.329594 0.066645 
3627.294043 0.065742 
3628.258492 0.065909 
3629.222942 0.070243 
3630.187391 0.070830 
3631.151840 0.068325 
3632.116290 0.066589 
3633.080739 0.066044 
3634.045188 0.067093 
3635.009638 0.066928 
3635.974087 0.066061 
3636.938537 0.065618 
3637.902986 0.065759 
3638.867435 0.065912 
3639.831885 0.065613 
3640.796334 0.065327 
3641.760783 0.065431 
3642.725233 0.065859 
3643.689682 0.065502 
3644.654131 0.064847 
3645.618581 0.064188 
3646.583030 0.064607 
3647.547480 0.066857 
3648.511929 0.066432 
3649.476378 0.066362 
3650.440828 0.067592 
3651.405277 0.068692 
3652.369726 0.066972 
3653.334176 0.065364 
3654.298625 0.064523 
3655.263074 0.063795 
3656.227524 0.065616 
3657.191973 0.066904 
3658.156422 0.065213 
3659.120872 0.064503 
3660.085321 0.064533 
3661.049771 0.064455 
3662.014220 0.064313 
3662.978669 0.064278 
3663.943119 0.064174 
3664.907568 0.064128 
3665.872017 0.064126 
3666.836467 0.063820 
3667.800916 0.063295 
3668.765365 0.064222 
3669.729815 0.064913 
3670.694264 0.066706 
3671.658714 0.067088 
3672.623163 0.064843 
3673.587612 0.063085 
3674.552062 0.062713 
3675.516511 0.067405 
3676.480960 0.069374 
3677.445410 0.066686 
3678.409859 0.064663 
3679.374308 0.064747 
3680.338758 0.065254 
3681.303207 0.064484 
3682.267656 0.063941 
3683.232106 0.063833 
3684.196555 0.063999 
3685.161005 0.064112 
3686.125454 0.063638 
3687.089903 0.062737 
3688.054353 0.063363 
3689.018802 0.066053 
3689.983251 0.064904 
3690.947701 0.065695 
3691.912150 0.066940 
3692.876599 0.065441 
3693.841049 0.064643 
3694.805498 0.064510 
3695.769948 0.064482 
3696.734397 0.064700 
3697.698846 0.064733 
3698.663296 0.064672 
3699.627745 0.064422 
3700.592194 0.063685 
3701.556644 0.064584 
3702.521093 0.066181 
3703.485542 0.065328 
3704.449992 0.064534 
3705.414441 0.064469 
3706.378890 0.064606 
3707.343340 0.064106 
3708.307789 0.063428 
3709.272239 0.064752 
3710.236688 0.065669 
3711.201137 0.064545 
3712.165587 0.066749 
3713.130036 0.066878 
3714.094485 0.064689 
3715.058935 0.064313 
3716.023384 0.064057 
3716.987833 0.063534 
3717.952283 0.063566 
3718.916732 0.064836 
3719.881182 0.065229 
3720.845631 0.064068 
3721.810080 0.064814 
3722.774530 0.066946 
3723.738979 0.066040 
3724.703428 0.065424 
3725.667878 0.065762 
3726.632327 0.066819 
3727.596776 0.066982 
3728.561226 0.065764 
3729.525675 0.065118 
3730.490124 0.064569 
3731.454574 0.064362 
3732.419023 0.066146 
3733.383473 0.065660 
3734.347922 0.065688 
3735.312371 0.068931 
3736.276821 0.069016 
3737.241270 0.067507 
3738.205719 0.066256 
3739.170169 0.065385 
3740.134618 0.064439 
3741.099067 0.064910 
3742.063517 0.064710 
3743.027966 0.062642 
3743.992416 0.062159 
3744.956865 0.069505 
3745.921314 0.067631 
3746.885764 0.065090 
3747.850213 0.063642 
3748.814662 0.063236 
3749.779112 0.066232 
3750.743561 0.065345 
3751.708010 0.064587 
3752.672460 0.067662 
3753.636909 0.066614 
3754.601358 0.064780 
3755.565808 0.063768 
3756.530257 0.064612 
3757.494707 0.064914 
3758.459156 0.063828 
3759.423605 0.064590 
3760.388055 0.065821 
3761.352504 0.064695 
3762.316953 0.064081 
3763.281403 0.064016 
3764.245852 0.063556 
3765.210301 0.063929 
3766.174751 0.065680 
3767.139200 0.065111 
3768.103650 0.063841 
3769.068099 0.063350 
3770.032548 0.065403 
3770.996998 0.066089 
3771.961447 0.064968 
3772.925896 0.064284 
3773.890346 0.064104 
3774.854795 0.064069 
3775.819244 0.063959 
3776.783694 0.063905 
3777.748143 0.063670 
3778.712592 0.063482 
3779.677042 0.065059 
3780.641491 0.065498 
3781.605941 0.064617 
3782.570390 0.064195 
3783.534839 0.063882 
3784.499289 0.064487 
3785.463738 0.065212 
3786.428187 0.064838 
3787.392637 0.064436 
3788.357086 0.064300 
3789.321535 0.064247 
3790.285985 0.064194 
3791.250434 0.064124 
3792.214884 0.064061 
3793.179333 0.064128 
3794.143782 0.064004 
3795.108232 0.063465 
3796.072681 0.064053 
3797.037130 0.065826 
3798.001580 0.065460 
3798.966029 0.064378 
3799.930478 0.063129 
3800.894928 0.063600 
3801.859377 0.067404 
3802.823826 0.067358 
3803.788276 0.065694 
3804.752725 0.064199 
3805.717175 0.062925 
3806.681624 0.064075 
3807.646073 0.066755 
3808.610523 0.065337 
3809.574972 0.064161 
3810.539421 0.063834 
3811.503871 0.063813 
3812.468320 0.063858 
3813.432769 0.063742 
3814.397219 0.062934 
3815.361668 0.062759 
3816.326118 0.066280 
3817.290567 0.066357 
3818.255016 0.064544 
3819.219466 0.063352 
3820.183915 0.062843 
3821.148364 0.065877 
3822.112814 0.067837 
3823.077263 0.065842 
3824.041712 0.064679 
3825.006162 0.064013 
3825.970611 0.063758 
3826.935060 0.064763 
3827.899510 0.065062 
3828.863959 0.064323 
3829.828409 0.063480 
3830.792858 0.062974 
3831.757307 0.064549 
3832.721757 0.064829 
3833.686206 0.063249 
3834.650655 0.063753 
3835.615105 0.064835 
3836.579554 0.062996 
3837.544003 0.063541 
3838.508453 0.066450 
3839.472902 0.065457 
3840.437352 0.065760 
3841.401801 0.066072 
3842.366250 0.064300 
3843.330700 0.064054 
3844.295149 0.065439 
3845.259598 0.064710 
3846.224048 0.063776 
3847.188497 0.063542 
3848.152946 0.063509 
3849.117396 0.063776 
3850.081845 0.063700 
3851.046294 0.062784 
3852.010744 0.063555 
3852.975193 0.064096 
3853.939643 0.066114 
3854.904092 0.068564 
3855.868541 0.065516 
3856.832991 0.064777 
3857.797440 0.065335 
3858.761889 0.064531 
3859.726339 0.063788 
3860.690788 0.063471 
3861.655237 0.064388 
3862.619687 0.065049 
3863.584136 0.064013 
3864.548586 0.064650 
3865.513035 0.066718 
3866.477484 0.065567 
3867.441934 0.063817 
3868.406383 0.062665 
3869.370832 0.063532 
3870.335282 0.067342 
3871.299731 0.066971 
3872.264180 0.064748 
3873.228630 0.063514 
3874.193079 0.065323 
3875.157528 0.066082 
3876.121978 0.064749 
3877.086427 0.064249 
3878.050877 0.063973 
3879.015326 0.063373 
3879.979775 0.064576 
3880.944225 0.067245 
3881.908674 0.066010 
3882.873123 0.064952 
3883.837573 0.064586 
3884.802022 0.063704 
3885.766471 0.065680 
3886.730921 0.066915 
3887.695370 0.065140 
3888.659820 0.064410 
3889.624269 0.063894 
3890.588718 0.063900 
3891.553168 0.066240 
3892.517617 0.066687 
3893.482066 0.065595 
3894.446516 0.065286 
3895.410965 0.064824 
3896.375414 0.064447 
3897.339864 0.064254 
3898.304313 0.064331 
3899.268762 0.066075 
3900.233212 0.066300 
3901.197661 0.065245 
3902.162111 0.066679 
3903.126560 0.066168 
3904.091009 0.066298 
3905.055459 0.067362 
3906.019908 0.066871 
3906.984357 0.065992 
3907.948807 0.065090 
3908.913256 0.064776 
3909.877705 0.064712 
3910.842155 0.064693 
3911.806604 0.064671 
3912.771054 0.064777 
3913.735503 0.064863 
3914.699952 0.064731 
3915.664402 0.064614 
3916.628851 0.065540 
3917.593300 0.066507 
3918.557750 0.065495 
3919.522199 0.065166 
3920.486648 0.065970 
3921.451098 0.065501 
3922.415547 0.064881 
3923.379996 0.065043 
3924.344446 0.065768 
3925.308895 0.066467 
3926.273345 0.066008 
3927.237794 0.065162 
3928.202243 0.064869 
3929.166693 0.065176 
3930.131142 0.065622 
3931.095591 0.065490 
3932.060041 0.065936 
3933.024490 0.066423 
3933.988939 0.065799 
3934.953389 0.065310 
3935.917838 0.065045 
3936.882288 0.064935 
3937.846737 0.065046 
3938.811186 0.065271 
3939.775636 0.065188 
3940.740085 0.064997 
3941.704534 0.064921 
3942.668984 0.065990 
3943.633433 0.066463 
3944.597882 0.065656 
3945.562332 0.065110 
3946.526781 0.065095 
3947.491230 0.065791 
3948.455680 0.066017 
3949.420129 0.065849 
3950.384579 0.066063 
3951.349028 0.065504 
3952.313477 0.065069 
3953.277927 0.065184 
3954.242376 0.065196 
3955.206825 0.065025 
3956.171275 0.065041 
3957.135724 0.065246 
3958.100173 0.065214 
3959.064623 0.065046 
3960.029072 0.065019 
3960.993522 0.065170 
3961.957971 0.065624 
3962.922420 0.065483 
3963.886870 0.065095 
3964.851319 0.065093 
3965.815768 0.064928 
3966.780218 0.064776 
3967.744667 0.064802 
3968.709116 0.065001 
3969.673566 0.065160 
3970.638015 0.065068 
3971.602464 0.064987 
3972.566914 0.065079 
3973.531363 0.065125 
3974.495813 0.065182 
3975.460262 0.065313 
3976.424711 0.065315 
3977.389161 0.065051 
3978.353610 0.064833 
3979.318059 0.064792 
3980.282509 0.064816 
3981.246958 0.064831 
3982.211407 0.065030 
3983.175857 0.065080 
3984.140306 0.064894 
3985.104756 0.064883 
3986.069205 0.064942 
3987.033654 0.064986 
3987.998104 0.064882 
3988.962553 0.064870 
3989.927002 0.064987 
3990.891452 0.065090 
3991.855901 0.064998 
3992.820350 0.064857 
3993.784800 0.064806 
3994.749249 0.064915 
3995.713698 0.064974 
3996.678148 0.064877 
3997.642597 0.064766 
3998.607047 0.064800 
3999.571496 0.064856 
4000.535945 0.064823 