##YUNITS=Abs
399.282035 0.212711 
400.246484 0.195954 
401.210934 0.165662 
402.175383 0.154797 
403.139832 0.158020 
404.104282 0.151545 
405.068731 0.140225 
406.033181 0.137412 
406.997630 0.137801 
407.962079 0.137226 
408.926529 0.139741 
409.890978 0.140376 
410.855427 0.135657 
411.819877 0.127920 
412.784326 0.124463 
413.748775 0.127670 
414.713225 0.131304 
415.677674 0.132970 
416.642124 0.141014 
417.606573 0.170257 
418.571022 0.201580 
419.535472 0.171089 
420.499921 0.137444 
421.464370 0.132568 
422.428820 0.146375 
423.393269 0.154369 
424.357718 0.149840 
425.322168 0.156992 
426.286617 0.150722 
427.251066 0.149487 
428.215516 0.155969 
429.179965 0.164157 
430.144415 0.172842 
431.108864 0.182335 
432.073313 0.188452 
433.037763 0.192151 
434.002212 0.197988 
434.966661 0.203998 
435.931111 0.208454 
436.895560 0.204738 
437.860009 0.188248 
438.824459 0.177165 
439.788908 0.162531 
440.753358 0.150182 
441.717807 0.145655 
442.682256 0.142304 
443.646706 0.139947 
444.611155 0.129849 
445.575604 0.124332 
446.540054 0.125186 
447.504503 0.116808 
448.468952 0.108386 
449.433402 0.104603 
450.397851 0.103089 
451.362300 0.104340 
452.326750 0.110227 
453.291199 0.108591 
454.255649 0.097499 
455.220098 0.093293 
456.184547 0.093188 
457.148997 0.100789 
458.113446 0.102011 
459.077895 0.091331 
460.042345 0.089129 
461.006794 0.096033 
461.971243 0.096309 
462.935693 0.088125 
463.900142 0.085894 
464.864592 0.084078 
465.829041 0.081909 
466.793490 0.085408 
467.757940 0.099003 
468.722389 0.098069 
469.686838 0.086543 
470.651288 0.085235 
471.615737 0.091368 
472.580186 0.098833 
473.544636 0.087380 
474.509085 0.080883 
475.473534 0.083442 
476.437984 0.086899 
477.402433 0.083218 
478.366883 0.079676 
479.331332 0.078106 
480.295781 0.079241 
481.260231 0.080652 
482.224680 0.079303 
483.189129 0.080437 
484.153579 0.081243 
485.118028 0.080314 
486.082477 0.081559 
487.046927 0.077046 
488.011376 0.073707 
488.975826 0.074122 
489.940275 0.074599 
490.904724 0.078856 
491.869174 0.084342 
492.833623 0.076889 
493.798072 0.072127 
494.762522 0.070005 
495.726971 0.068079 
496.691420 0.067807 
497.655870 0.066963 
498.620319 0.065406 
499.584768 0.064126 
500.549218 0.065463 
501.513667 0.071898 
502.478117 0.073468 
503.442566 0.065867 
504.407015 0.064233 
505.371465 0.062202 
506.335914 0.063008 
507.300363 0.062811 
508.264813 0.059261 
509.229262 0.058611 
510.193711 0.061647 
511.158161 0.060304 
512.122610 0.056471 
513.087060 0.055830 
514.051509 0.056937 
515.015958 0.057354 
515.980408 0.059591 
516.944857 0.066824 
517.909306 0.064696 
518.873756 0.063665 
519.838205 0.064676 
520.802654 0.057193 
521.767104 0.053881 
522.731553 0.053357 
523.696002 0.053842 
524.660452 0.055964 
525.624901 0.061904 
526.589351 0.061990 
527.553800 0.057569 
528.518249 0.057415 
529.482699 0.057756 
530.447148 0.057699 
531.411597 0.057185 
532.376047 0.057351 
533.340496 0.059429 
534.304945 0.060407 
535.269395 0.059935 
536.233844 0.060297 
537.198294 0.059553 
538.162743 0.058537 
539.127192 0.058267 
540.091642 0.058614 
541.056091 0.059195 
542.020540 0.059715 
542.984990 0.060543 
543.949439 0.061453 
544.913888 0.063210 
545.878338 0.065062 
546.842787 0.066132 
547.807236 0.068149 
548.771686 0.068454 
549.736135 0.072639 
550.700585 0.074351 
551.665034 0.072836 
552.629483 0.074485 
553.593933 0.077277 
554.558382 0.081369 
555.522831 0.085248 
556.487281 0.090081 
557.451730 0.095945 
558.416179 0.102406 
559.380629 0.109291 
560.345078 0.117458 
561.309528 0.126092 
562.273977 0.135635 
563.238426 0.146553 
564.202876 0.158611 
565.167325 0.170093 
566.131774 0.181228 
567.096224 0.192486 
568.060673 0.200635 
569.025122 0.207153 
569.989572 0.209330 
570.954021 0.207866 
571.918470 0.202826 
572.882920 0.193525 
573.847369 0.182937 
574.811819 0.172545 
575.776268 0.165278 
576.740717 0.150818 
577.705167 0.134003 
578.669616 0.122514 
579.634065 0.116093 
580.598515 0.112391 
581.562964 0.102122 
582.527413 0.092883 
583.491863 0.088462 
584.456312 0.086572 
585.420762 0.081881 
586.385211 0.076841 
587.349660 0.075197 
588.314110 0.073474 
589.278559 0.070630 
590.243008 0.068745 
591.207458 0.071806 
592.171907 0.072044 
593.136356 0.065763 
594.100806 0.064054 
595.065255 0.064041 
596.029704 0.062432 
596.994154 0.061306 
597.958603 0.060989 
598.923053 0.061935 
599.887502 0.065580 
600.851951 0.063615 
601.816401 0.059731 
602.780850 0.059182 
603.745299 0.059327 
604.709749 0.059314 
605.674198 0.058379 
606.638647 0.057927 
607.603097 0.057556 
608.567546 0.057218 
609.531996 0.056784 
610.496445 0.056758 
611.460894 0.056930 
612.425344 0.056990 
613.389793 0.057036 
614.354242 0.057163 
615.318692 0.058277 
616.283141 0.059726 
617.247590 0.060051 
618.212040 0.059588 
619.176489 0.059266 
620.140938 0.061092 
621.105388 0.061765 
622.069837 0.061077 
623.034287 0.061524 
623.998736 0.063117 
624.963185 0.066182 
625.927635 0.066881 
626.892084 0.065519 
627.856533 0.065585 
628.820983 0.066162 
629.785432 0.066657 
630.749881 0.066680 
631.714331 0.066417 
632.678780 0.065543 
633.643230 0.063104 
634.607679 0.062387 
635.572128 0.063357 
636.536578 0.059787 
637.501027 0.057868 
638.465476 0.057505 
639.429926 0.058971 
640.394375 0.058963 
641.358824 0.057451 
642.323274 0.057865 
643.287723 0.058184 
644.252172 0.057762 
645.216622 0.058282 
646.181071 0.058361 
647.145521 0.057866 
648.109970 0.058398 
649.074419 0.058926 
650.038869 0.057958 
651.003318 0.058534 
651.967767 0.059389 
652.932217 0.058637 
653.896666 0.058449 
654.861115 0.058176 
655.825565 0.058633 
656.790014 0.059515 
657.754464 0.059001 
658.718913 0.060751 
659.683362 0.062341 
660.647812 0.061589 
661.612261 0.061845 
662.576710 0.062607 
663.541160 0.063653 
664.505609 0.064853 
665.470058 0.065506 
666.434508 0.064168 
667.398957 0.061517 
668.363406 0.081478 
669.327856 0.082243 
670.292305 0.076661 
671.256755 0.074449 
672.221204 0.074833 
673.185653 0.076268 
674.150103 0.079671 
675.114552 0.083050 
676.079001 0.087055 
677.043451 0.090642 
678.007900 0.095352 
678.972349 0.101526 
679.936799 0.109321 
680.901248 0.118810 
681.865698 0.130212 
682.830147 0.143947 
683.794596 0.160582 
684.759046 0.181180 
685.723495 0.206350 
686.687944 0.237998 
687.652394 0.277450 
688.616843 0.323239 
689.581292 0.371291 
690.545742 0.416942 
691.510191 0.457279 
692.474640 0.481101 
693.439090 0.480941 
694.403539 0.453877 
695.367989 0.409791 
696.332438 0.359211 
697.296887 0.311563 
698.261337 0.268587 
699.225786 0.232986 
700.190235 0.205213 
701.154685 0.184047 
702.119134 0.167584 
703.083583 0.155641 
704.048033 0.146525 
705.012482 0.139833 
705.976932 0.134025 
706.941381 0.129149 
707.905830 0.126116 
708.870280 0.124261 
709.834729 0.123207 
710.799178 0.122879 
711.763628 0.123332 
712.728077 0.124779 
713.692526 0.126867 
714.656976 0.128755 
715.621425 0.130808 
716.585874 0.133910 
717.550324 0.138183 
718.514773 0.143418 
719.479223 0.149873 
720.443672 0.157264 
721.408121 0.163695 
722.372571 0.171173 
723.337020 0.180821 
724.301469 0.192325 
725.265919 0.205846 
726.230368 0.221754 
727.194817 0.240017 
728.159267 0.260969 
729.123716 0.285236 
730.088166 0.312900 
731.052615 0.344265 
732.017064 0.380209 
732.981514 0.421837 
733.945963 0.470807 
734.910412 0.528241 
735.874862 0.596280 
736.839311 0.677232 
737.803760 0.773092 
738.768210 0.885396 
739.732659 1.018383 
740.697108 1.175706 
741.661558 1.363051 
742.626007 1.586192 
743.590457 1.864501 
744.554906 2.229235 
745.519355 2.467461 
746.483805 2.341498 
747.448254 2.214535 
748.412703 2.160960 
749.377153 2.138192 
750.341602 2.152953 
751.306051 2.158533 
752.270501 2.154714 
753.234950 2.138779 
754.199400 2.141293 
755.163849 2.138352 
756.128298 2.147449 
757.092748 2.141743 
758.057197 2.142517 
759.021646 2.130028 
759.986096 2.142319 
760.950545 2.146400 
761.914994 2.144430 
762.879444 2.129623 
763.843893 2.131230 
764.808342 2.136530 
765.772792 2.150724 
766.737241 2.137201 
767.701691 2.144148 
768.666140 2.146733 
769.630589 2.151505 
770.595039 2.146641 
771.559488 2.156021 
772.523937 2.152828 
773.488387 2.147384 
774.452836 2.131246 
775.417285 2.140104 
776.381735 2.147420 
777.346184 2.168290 
778.310634 2.169686 
779.275083 2.171121 
780.239532 2.166384 
781.203982 2.169418 
782.168431 2.160063 
783.132880 2.166207 
784.097330 2.162194 
785.061779 2.173715 
786.026228 2.165789 
786.990678 2.163275 
787.955127 2.152364 
788.919576 2.156879 
789.884026 2.157281 
790.848475 2.165251 
791.812925 2.157519 
792.777374 2.161400 
793.741823 2.152338 
794.706273 2.151077 
795.670722 2.156125 
796.635171 2.169943 
797.599621 2.172406 
798.564070 2.166554 
799.528519 2.163399 
800.492969 2.167596 
801.457418 2.155488 
802.421868 2.189070 
803.386317 2.310040 
804.350766 2.517064 
805.315216 1.930409 
806.279665 1.544800 
807.244114 1.279709 
808.208564 1.083116 
809.173013 0.928584 
810.137462 0.800467 
811.101912 0.692281 
812.066361 0.602050 
813.030810 0.529897 
813.995260 0.474004 
814.959709 0.430696 
815.924159 0.395696 
816.888608 0.365906 
817.853057 0.338729 
818.817507 0.313159 
819.781956 0.288701 
820.746405 0.265638 
821.710855 0.243984 
822.675304 0.223846 
823.639753 0.205673 
824.604203 0.189866 
825.568652 0.176431 
826.533102 0.165521 
827.497551 0.156516 
828.462000 0.149253 
829.426450 0.143622 
830.390899 0.139397 
831.355348 0.135970 
832.319798 0.133244 
833.284247 0.130734 
834.248696 0.128488 
835.213146 0.126330 
836.177595 0.124219 
837.142044 0.121986 
838.106494 0.119838 
839.070943 0.117730 
840.035393 0.115675 
840.999842 0.113441 
841.964291 0.111459 
842.928741 0.109604 
843.893190 0.107802 
844.857639 0.105780 
845.822089 0.103773 
846.786538 0.101804 
847.750987 0.099629 
848.715437 0.097011 
849.679886 0.093981 
850.644336 0.090645 
851.608785 0.087725 
852.573234 0.085308 
853.537684 0.083115 
854.502133 0.081225 
855.466582 0.079877 
856.431032 0.078792 
857.395481 0.078076 
858.359930 0.077689 
859.324380 0.077715 
860.288829 0.077929 
861.253278 0.078337 
862.217728 0.078830 
863.182177 0.079606 
864.146627 0.080402 
865.111076 0.081342 
866.075525 0.082253 
867.039975 0.083336 
868.004424 0.084559 
868.968873 0.085869 
869.933323 0.086910 
870.897772 0.087837 
871.862221 0.088743 
872.826671 0.089736 
873.791120 0.090841 
874.755570 0.092108 
875.720019 0.093225 
876.684468 0.094273 
877.648918 0.095177 
878.613367 0.096124 
879.577816 0.097005 
880.542266 0.098023 
881.506715 0.099085 
882.471164 0.100375 
883.435614 0.101721 
884.400063 0.103277 
885.364512 0.105085 
886.328962 0.107228 
887.293411 0.109619 
888.257861 0.112432 
889.222310 0.115666 
890.186759 0.119724 
891.151209 0.124454 
892.115658 0.129808 
893.080107 0.135866 
894.044557 0.142852 
895.009006 0.150732 
895.973455 0.160004 
896.937905 0.171011 
897.902354 0.184527 
898.866804 0.201006 
899.831253 0.221253 
900.795702 0.245827 
901.760152 0.274892 
902.724601 0.307659 
903.689050 0.341760 
904.653500 0.373371 
905.617949 0.398841 
906.582398 0.415861 
907.546848 0.425987 
908.511297 0.433650 
909.475746 0.443778 
910.440196 0.460309 
911.404645 0.485561 
912.369095 0.520409 
913.333544 0.564759 
914.297993 0.616856 
915.262443 0.673892 
916.226892 0.730120 
917.191341 0.776934 
918.155791 0.803222 
919.120240 0.797906 
920.084689 0.757916 
921.049139 0.689755 
922.013588 0.606568 
922.978038 0.521767 
923.942487 0.444398 
924.906936 0.378155 
925.871386 0.323541 
926.835835 0.279665 
927.800284 0.244965 
928.764734 0.217703 
929.729183 0.196325 
930.693632 0.179497 
931.658082 0.166067 
932.622531 0.155552 
933.586980 0.146920 
934.551430 0.138690 
935.515879 0.130854 
936.480329 0.124627 
937.444778 0.119699 
938.409227 0.115620 
939.373677 0.112042 
940.338126 0.109002 
941.302575 0.106411 
942.267025 0.104217 
943.231474 0.102277 
944.195923 0.100611 
945.160373 0.098928 
946.124822 0.097423 
947.089272 0.096107 
948.053721 0.095027 
949.018170 0.093964 
949.982620 0.093004 
950.947069 0.092156 
951.911518 0.091540 
952.875968 0.090945 
953.840417 0.090411 
954.804866 0.090074 
955.769316 0.089917 
956.733765 0.089739 
957.698214 0.089711 
958.662664 0.089831 
959.627113 0.090158 
960.591563 0.090493 
961.556012 0.090997 
962.520461 0.091586 
963.484911 0.092296 
964.449360 0.093129 
965.413809 0.094057 
966.378259 0.095141 
967.342708 0.096455 
968.307157 0.097759 
969.271607 0.099265 
970.236056 0.100845 
971.200506 0.102418 
972.164955 0.103979 
973.129404 0.105691 
974.093854 0.107336 
975.058303 0.108840 
976.022752 0.110139 
976.987202 0.111397 
977.951651 0.112362 
978.916100 0.113150 
979.880550 0.113685 
980.844999 0.114085 
981.809448 0.114252 
982.773898 0.114198 
983.738347 0.113782 
984.702797 0.113296 
985.667246 0.112799 
986.631695 0.112348 
987.596145 0.111866 
988.560594 0.111422 
989.525043 0.111206 
990.489493 0.111433 
991.453942 0.111773 
992.418391 0.112433 
993.382841 0.113495 
994.347290 0.114985 
995.311740 0.116742 
996.276189 0.118694 
997.240638 0.120882 
998.205088 0.123434 
999.169537 0.126254 
1000.133986 0.129280 
1001.098436 0.132507 
1002.062885 0.136209 
1003.027334 0.140341 
1003.991784 0.144821 
1004.956233 0.149560 
1005.920682 0.154799 
1006.885132 0.160760 
1007.849581 0.167681 
1008.814031 0.175687 
1009.778480 0.185483 
1010.742929 0.197533 
1011.707379 0.211906 
1012.671828 0.227770 
1013.636277 0.243041 
1014.600727 0.253600 
1015.565176 0.255646 
1016.529625 0.248378 
1017.494075 0.234427 
1018.458524 0.217486 
1019.422974 0.200534 
1020.387423 0.184847 
1021.351872 0.170799 
1022.316322 0.158378 
1023.280771 0.147737 
1024.245220 0.138608 
1025.209670 0.130661 
1026.174119 0.123750 
1027.138568 0.118009 
1028.103018 0.113323 
1029.067467 0.109411 
1030.031916 0.106080 
1030.996366 0.103434 
1031.960815 0.101349 
1032.925265 0.099862 
1033.889714 0.098722 
1034.854163 0.097846 
1035.818613 0.097202 
1036.783062 0.096826 
1037.747511 0.096471 
1038.711961 0.096093 
1039.676410 0.095446 
1040.640859 0.094557 
1041.605309 0.093412 
1042.569758 0.092096 
1043.534208 0.090505 
1044.498657 0.088922 
1045.463106 0.087389 
1046.427556 0.086025 
1047.392005 0.084687 
1048.356454 0.083536 
1049.320904 0.082553 
1050.285353 0.081847 
1051.249802 0.081206 
1052.214252 0.080815 
1053.178701 0.080614 
1054.143150 0.080635 
1055.107600 0.080797 
1056.072049 0.081170 
1057.036499 0.081711 
1058.000948 0.082467 
1058.965397 0.083385 
1059.929847 0.084561 
1060.894296 0.085798 
1061.858745 0.087336 
1062.823195 0.089129 
1063.787644 0.091250 
1064.752093 0.093475 
1065.716543 0.095896 
1066.680992 0.098185 
1067.645442 0.100153 
1068.609891 0.101874 
1069.574340 0.103442 
1070.538790 0.104925 
1071.503239 0.106787 
1072.467688 0.109263 
1073.432138 0.112699 
1074.396587 0.117295 
1075.361036 0.123596 
1076.325486 0.132383 
1077.289935 0.144382 
1078.254384 0.160052 
1079.218834 0.179750 
1080.183283 0.201461 
1081.147733 0.218266 
1082.112182 0.219744 
1083.076631 0.202674 
1084.041081 0.175924 
1085.005530 0.150634 
1085.969979 0.131286 
1086.934429 0.117630 
1087.898878 0.107979 
1088.863327 0.101138 
1089.827777 0.096183 
1090.792226 0.092594 
1091.756676 0.089760 
1092.721125 0.087621 
1093.685574 0.086061 
1094.650024 0.085022 
1095.614473 0.084215 
1096.578922 0.083764 
1097.543372 0.083568 
1098.507821 0.083736 
1099.472270 0.084020 
1100.436720 0.084486 
1101.401169 0.085110 
1102.365618 0.086104 
1103.330068 0.087230 
1104.294517 0.088686 
1105.258967 0.090383 
1106.223416 0.092424 
1107.187865 0.094686 
1108.152315 0.097256 
1109.116764 0.100221 
1110.081213 0.103670 
1111.045663 0.107595 
1112.010112 0.111934 
1112.974561 0.116408 
1113.939011 0.121235 
1114.903460 0.126306 
1115.867910 0.131317 
1116.832359 0.135702 
1117.796808 0.139103 
1118.761258 0.140883 
1119.725707 0.140575 
1120.690156 0.137924 
1121.654606 0.133189 
1122.619055 0.126896 
1123.583504 0.120116 
1124.547954 0.113234 
1125.512403 0.106811 
1126.476852 0.101080 
1127.441302 0.096176 
1128.405751 0.092005 
1129.370201 0.088483 
1130.334650 0.085205 
1131.299099 0.082460 
1132.263549 0.080228 
1133.227998 0.078357 
1134.192447 0.076694 
1135.156897 0.075563 
1136.121346 0.074456 
1137.085795 0.073225 
1138.050245 0.072209 
1139.014694 0.071334 
1139.979144 0.070514 
1140.943593 0.069779 
1141.908042 0.068885 
1142.872492 0.068060 
1143.836941 0.067318 
1144.801390 0.066862 
1145.765840 0.066456 
1146.730289 0.066071 
1147.694738 0.065641 
1148.659188 0.065384 
1149.623637 0.065110 
1150.588086 0.064770 
1151.552536 0.064377 
1152.516985 0.063977 
1153.481435 0.063432 
1154.445884 0.062965 
1155.410333 0.062556 
1156.374783 0.062346 
1157.339232 0.062155 
1158.303681 0.062022 
1159.268131 0.061939 
1160.232580 0.061941 
1161.197029 0.062026 
1162.161479 0.062268 
1163.125928 0.062389 
1164.090378 0.062136 
1165.054827 0.061480 
1166.019276 0.061073 
1166.983726 0.060971 
1167.948175 0.061026 
1168.912624 0.061020 
1169.877074 0.061084 
1170.841523 0.061073 
1171.805972 0.061164 
1172.770422 0.061311 
1173.734871 0.061767 
1174.699320 0.061956 
1175.663770 0.061599 
1176.628219 0.061542 
1177.592669 0.061873 
1178.557118 0.062244 
1179.521567 0.062694 
1180.486017 0.062945 
1181.450466 0.062974 
1182.414915 0.062873 
1183.379365 0.062867 
1184.343814 0.063039 
1185.308263 0.063407 
1186.272713 0.064085 
1187.237162 0.064788 
1188.201612 0.064806 
1189.166061 0.065177 
1190.130510 0.065778 
1191.094960 0.066363 
1192.059409 0.066865 
1193.023858 0.067525 
1193.988308 0.068270 
1194.952757 0.069037 
1195.917206 0.069742 
1196.881656 0.070599 
1197.846105 0.071628 
1198.810554 0.072506 
1199.775004 0.073084 
1200.739453 0.073903 
1201.703903 0.074828 
1202.668352 0.075865 
1203.632801 0.076873 
1204.597251 0.077882 
1205.561700 0.078868 
1206.526149 0.079921 
1207.490599 0.080964 
1208.455048 0.082043 
1209.419497 0.083143 
1210.383947 0.084420 
1211.348396 0.085970 
1212.312846 0.087497 
1213.277295 0.087935 
1214.241744 0.088617 
1215.206194 0.089633 
1216.170643 0.090660 
1217.135092 0.091526 
1218.099542 0.092591 
1219.063991 0.093408 
1220.028440 0.094035 
1220.992890 0.094752 
1221.957339 0.095646 
1222.921788 0.096723 
1223.886238 0.098112 
1224.850687 0.099935 
1225.815137 0.101397 
1226.779586 0.102514 
1227.744035 0.104386 
1228.708485 0.106750 
1229.672934 0.109704 
1230.637383 0.113064 
1231.601833 0.116934 
1232.566282 0.121156 
1233.530731 0.125800 
1234.495181 0.130559 
1235.459630 0.135490 
1236.424080 0.140293 
1237.388529 0.144666 
1238.352978 0.148249 
1239.317428 0.150833 
1240.281877 0.151781 
1241.246326 0.151243 
1242.210776 0.149496 
1243.175225 0.146947 
1244.139674 0.143632 
1245.104124 0.139635 
1246.068573 0.135789 
1247.033022 0.132745 
1247.997472 0.130191 
1248.961921 0.128189 
1249.926371 0.126591 
1250.890820 0.125648 
1251.855269 0.124956 
1252.819719 0.124397 
1253.784168 0.123555 
1254.748617 0.122298 
1255.713067 0.120457 
1256.677516 0.118053 
1257.641965 0.115157 
1258.606415 0.112069 
1259.570864 0.109397 
1260.535314 0.106657 
1261.499763 0.102020 
1262.464212 0.098055 
1263.428662 0.094987 
1264.393111 0.092225 
1265.357560 0.090029 
1266.322010 0.088470 
1267.286459 0.086364 
1268.250908 0.085067 
1269.215358 0.084608 
1270.179807 0.084017 
1271.144256 0.082809 
1272.108706 0.082451 
1273.073155 0.080920 
1274.037605 0.079885 
1275.002054 0.079541 
1275.966503 0.079583 
1276.930953 0.079624 
1277.895402 0.079790 
1278.859851 0.080200 
1279.824301 0.081317 
1280.788750 0.081683 
1281.753199 0.081623 
1282.717649 0.081888 
1283.682098 0.082599 
1284.646548 0.083419 
1285.610997 0.084234 
1286.575446 0.086093 
1287.539896 0.089133 
1288.504345 0.089163 
1289.468794 0.087360 
1290.433244 0.087065 
1291.397693 0.085772 
1292.362142 0.083924 
1293.326592 0.082687 
1294.291041 0.081079 
1295.255490 0.079690 
1296.219940 0.079178 
1297.184389 0.077595 
1298.148839 0.074577 
1299.113288 0.072761 
1300.077737 0.071261 
1301.042187 0.070176 
1302.006636 0.069138 
1302.971085 0.068376 
1303.935535 0.067606 
1304.899984 0.067554 
1305.864433 0.067376 
1306.828883 0.067578 
1307.793332 0.068796 
1308.757782 0.069031 
1309.722231 0.067798 
1310.686680 0.068125 
1311.651130 0.070814 
1312.615579 0.075662 
1313.580028 0.075582 
1314.544478 0.075381 
1315.508927 0.074739 
1316.473376 0.077590 
1317.437826 0.080496 
1318.402275 0.082172 
1319.366724 0.085502 
1320.331174 0.085913 
1321.295623 0.086779 
1322.260073 0.088302 
1323.224522 0.092321 
1324.188971 0.095666 
1325.153421 0.098908 
1326.117870 0.102640 
1327.082319 0.106150 
1328.046769 0.108650 
1329.011218 0.109935 
1329.975667 0.109622 
1330.940117 0.106803 
1331.904566 0.102968 
1332.869016 0.099211 
1333.833465 0.095611 
1334.797914 0.092472 
1335.762364 0.092597 
1336.726813 0.095011 
1337.691262 0.094482 
1338.655712 0.099939 
1339.620161 0.104791 
1340.584610 0.097337 
1341.549060 0.083067 
1342.513509 0.077012 
1343.477958 0.075927 
1344.442408 0.074826 
1345.406857 0.073617 
1346.371307 0.072371 
1347.335756 0.071268 
1348.300205 0.070779 
1349.264655 0.070794 
1350.229104 0.069472 
1351.193553 0.068372 
1352.158003 0.067899 
1353.122452 0.067445 
1354.086901 0.068930 
1355.051351 0.070824 
1356.015800 0.067770 
1356.980250 0.066887 
1357.944699 0.068338 
1358.909148 0.067583 
1359.873598 0.067637 
1360.838047 0.073435 
1361.802496 0.077045 
1362.766946 0.083209 
1363.731395 0.080061 
1364.695844 0.069871 
1365.660294 0.068064 
1366.624743 0.068636 
1367.589192 0.071299 
1368.553642 0.076219 
1369.518091 0.076253 
1370.482541 0.074180 
1371.446990 0.075648 
1372.411439 0.078663 
1373.375889 0.084937 
1374.340338 0.089724 
1375.304787 0.087137 
1376.269237 0.084231 
1377.233686 0.087042 
1378.198135 0.093148 
1379.162585 0.095561 
1380.127034 0.097666 
1381.091484 0.100184 
1382.055933 0.105408 
1383.020382 0.110380 
1383.984832 0.114219 
1384.949281 0.116024 
1385.913730 0.118708 
1386.878180 0.121302 
1387.842629 0.112248 
1388.807078 0.097642 
1389.771528 0.090304 
1390.735977 0.087814 
1391.700426 0.084633 
1392.664876 0.082030 
1393.629325 0.084296 
1394.593775 0.092066 
1395.558224 0.092931 
1396.522673 0.088982 
1397.487123 0.091666 
1398.451572 0.094663 
1399.416021 0.094377 
1400.380471 0.092304 
1401.344920 0.092563 
1402.309369 0.097383 
1403.273819 0.104296 
1404.238268 0.115853 
1405.202718 0.133450 
1406.167167 0.144308 
1407.131616 0.157875 
1408.096066 0.178325 
1409.060515 0.196745 
1410.024964 0.206698 
1410.989414 0.203667 
1411.953863 0.190982 
1412.918312 0.172209 
1413.882762 0.157955 
1414.847211 0.148817 
1415.811660 0.145273 
1416.776110 0.143267 
1417.740559 0.138403 
1418.705009 0.132232 
1419.669458 0.126773 
1420.633907 0.114402 
1421.598357 0.108763 
1422.562806 0.107407 
1423.527255 0.113904 
1424.491705 0.115740 
1425.456154 0.107681 
1426.420603 0.105011 
1427.385053 0.105321 
1428.349502 0.105904 
1429.313952 0.104763 
1430.278401 0.103578 
1431.242850 0.100147 
1432.207300 0.099703 
1433.171749 0.100221 
1434.136198 0.095961 
1435.100648 0.095156 
1436.065097 0.101348 
1437.029546 0.102993 
1437.993996 0.093412 
1438.958445 0.088761 
1439.922894 0.088283 
1440.887344 0.088960 
1441.851793 0.089749 
1442.816243 0.090306 
1443.780692 0.092379 
1444.745141 0.095842 
1445.709591 0.099418 
1446.674040 0.103128 
1447.638489 0.112477 
1448.602939 0.119147 
1449.567388 0.117457 
1450.531837 0.117704 
1451.496287 0.120525 
1452.460736 0.120414 
1453.425186 0.115071 
1454.389635 0.117487 
1455.354084 0.124127 
1456.318534 0.128027 
1457.282983 0.139347 
1458.247432 0.147976 
1459.211882 0.160524 
1460.176331 0.166214 
1461.140780 0.166553 
1462.105230 0.162933 
1463.069679 0.156204 
1464.034128 0.150517 
1464.998578 0.145368 
1465.963027 0.136166 
1466.927477 0.125395 
1467.891926 0.115167 
1468.856375 0.105393 
1469.820825 0.098901 
1470.785274 0.096081 
1471.749723 0.098822 
1472.714173 0.099336 
1473.678622 0.097399 
1474.643071 0.090095 
1475.607521 0.087606 
1476.571970 0.090966 
1477.536420 0.083233 
1478.500869 0.078189 
1479.465318 0.077136 
1480.429768 0.078782 
1481.394217 0.081963 
1482.358666 0.078583 
1483.323116 0.075223 
1484.287565 0.074631 
1485.252014 0.076939 
1486.216464 0.080636 
1487.180913 0.079565 
1488.145362 0.081685 
1489.109812 0.092013 
1490.074261 0.097171 
1491.038711 0.086136 
1492.003160 0.078040 
1492.967609 0.073986 
1493.932059 0.073815 
1494.896508 0.074151 
1495.860957 0.077412 
1496.825407 0.080981 
1497.789856 0.077291 
1498.754305 0.077926 
1499.718755 0.080691 
1500.683204 0.081398 
1501.647654 0.085380 
1502.612103 0.082878 
1503.576552 0.078845 
1504.541002 0.076500 
1505.505451 0.076278 
1506.469900 0.095184 
1507.434350 0.128131 
1508.398799 0.118800 
1509.363248 0.112301 
1510.327698 0.107730 
1511.292147 0.098324 
1512.256596 0.099014 
1513.221046 0.095015 
1514.185495 0.093444 
1515.149945 0.102028 
1516.114394 0.107620 
1517.078843 0.109606 
1518.043293 0.100686 
1519.007742 0.096187 
1519.972191 0.100180 
1520.936641 0.109453 
1521.901090 0.103834 
1522.865539 0.100447 
1523.829989 0.101692 
1524.794438 0.106074 
1525.758888 0.109996 
1526.723337 0.110082 
1527.687786 0.112844 
1528.652236 0.108924 
1529.616685 0.105130 
1530.581134 0.106724 
1531.545584 0.114762 
1532.510033 0.114117 
1533.474482 0.113746 
1534.438932 0.121649 
1535.403381 0.123159 
1536.367830 0.120208 
1537.332280 0.117094 
1538.296729 0.116483 
1539.261179 0.117882 
1540.225628 0.125465 
1541.190077 0.126628 
1542.154527 0.133239 
1543.118976 0.145802 
1544.083425 0.152403 
1545.047875 0.158849 
1546.012324 0.151227 
1546.976773 0.141734 
1547.941223 0.140435 
1548.905672 0.145444 
1549.870122 0.159568 
1550.834571 0.153928 
1551.799020 0.143002 
1552.763470 0.140780 
1553.727919 0.142651 
1554.692368 0.147220 
1555.656818 0.140992 
1556.621267 0.133716 
1557.585716 0.126846 
1558.550166 0.130934 
1559.514615 0.135304 
1560.479064 0.132305 
1561.443514 0.126525 
1562.407963 0.122747 
1563.372413 0.119734 
1564.336862 0.116907 
1565.301311 0.116784 
1566.265761 0.115288 
1567.230210 0.112590 
1568.194659 0.109985 
1569.159109 0.108090 
1570.123558 0.108984 
1571.088007 0.107786 
1572.052457 0.106597 
1573.016906 0.105985 
1573.981356 0.104157 
1574.945805 0.099856 
1575.910254 0.095373 
1576.874704 0.104469 
1577.839153 0.105696 
1578.803602 0.103846 
1579.768052 0.102818 
1580.732501 0.102505 
1581.696950 0.102229 
1582.661400 0.102419 
1583.625849 0.101868 
1584.590298 0.100688 
1585.554748 0.099514 
1586.519197 0.098635 
1587.483647 0.097618 
1588.448096 0.096587 
1589.412545 0.096166 
1590.376995 0.095316 
1591.341444 0.093379 
1592.305893 0.091668 
1593.270343 0.089508 
1594.234792 0.088701 
1595.199241 0.087694 
1596.163691 0.086154 
1597.128140 0.083950 
1598.092590 0.081565 
1599.057039 0.080028 
1600.021488 0.078626 
1600.985938 0.077958 
1601.950387 0.077548 
1602.914836 0.077096 
1603.879286 0.075131 
1604.843735 0.072699 
1605.808184 0.071801 
1606.772634 0.072368 
1607.737083 0.071593 
1608.701532 0.069681 
1609.665982 0.069974 
1610.630431 0.068198 
1611.594881 0.066792 
1612.559330 0.066127 
1613.523779 0.064976 
1614.488229 0.063345 
1615.452678 0.059455 
1616.417127 0.054655 
1617.381577 0.060558 
1618.346026 0.062049 
1619.310475 0.062709 
1620.274925 0.063322 
1621.239374 0.063208 
1622.203824 0.061677 
1623.168273 0.059999 
1624.132722 0.060904 
1625.097172 0.061132 
1626.061621 0.060256 
1627.026070 0.058006 
1627.990520 0.058133 
1628.954969 0.059741 
1629.919418 0.059309 
1630.883868 0.059361 
1631.848317 0.059099 
1632.812766 0.058719 
1633.777216 0.056160 
1634.741665 0.051303 
1635.706115 0.055985 
1636.670564 0.059699 
1637.635013 0.061128 
1638.599463 0.061854 
1639.563912 0.060673 
1640.528361 0.061362 
1641.492811 0.060879 
1642.457260 0.061434 
1643.421709 0.060333 
1644.386159 0.058829 
1645.350608 0.056788 
1646.315058 0.060475 
1647.279507 0.063159 
1648.243956 0.063849 
1649.208406 0.062606 
1650.172855 0.061063 
1651.137304 0.057134 
1652.101754 0.050374 
1653.066203 0.050203 
1654.030652 0.069477 
1654.995102 0.068787 
1655.959551 0.065674 
1656.924000 0.065368 
1657.888450 0.064699 
1658.852899 0.063257 
1659.817349 0.063639 
1660.781798 0.065051 
1661.746247 0.064690 
1662.710697 0.062770 
1663.675146 0.065239 
1664.639595 0.064976 
1665.604045 0.065501 
1666.568494 0.065550 
1667.532943 0.067751 
1668.497393 0.070258 
1669.461842 0.069860 
1670.426292 0.067521 
1671.390741 0.069828 
1672.355190 0.071718 
1673.319640 0.069564 
1674.284089 0.067134 
1675.248538 0.071728 
1676.212988 0.076333 
1677.177437 0.073642 
1678.141886 0.073826 
1679.106336 0.078555 
1680.070785 0.090271 
1681.035234 0.089440 
1681.999684 0.081347 
1682.964133 0.081031 
1683.928583 0.088797 
1684.893032 0.090675 
1685.857481 0.087434 
1686.821931 0.088346 
1687.786380 0.095805 
1688.750829 0.100196 
1689.715279 0.096558 
1690.679728 0.096319 
1691.644177 0.095106 
1692.608627 0.095821 
1693.573076 0.096839 
1694.537526 0.096645 
1695.501975 0.098076 
1696.466424 0.110814 
1697.430874 0.110476 
1698.395323 0.109578 
1699.359772 0.106414 
1700.324222 0.119063 
1701.288671 0.129543 
1702.253120 0.130433 
1703.217570 0.133397 
1704.182019 0.140927 
1705.146468 0.149550 
1706.110918 0.157531 
1707.075367 0.174929 
1708.039817 0.186836 
1709.004266 0.199877 
1709.968715 0.221942 
1710.933165 0.244618 
1711.897614 0.264215 
1712.862063 0.286484 
1713.826513 0.308744 
1714.790962 0.331307 
1715.755411 0.343621 
1716.719861 0.340486 
1717.684310 0.335048 
1718.648760 0.312239 
1719.613209 0.285891 
1720.577658 0.262782 
1721.542108 0.239214 
1722.506557 0.217226 
1723.471006 0.197746 
1724.435456 0.175947 
1725.399905 0.158265 
1726.364354 0.145212 
1727.328804 0.134658 
1728.293253 0.126693 
1729.257702 0.125413 
1730.222152 0.126164 
1731.186601 0.115319 
1732.151051 0.109694 
1733.115500 0.110477 
1734.079949 0.113504 
1735.044399 0.104810 
1736.008848 0.098785 
1736.973297 0.097957 
1737.937747 0.098135 
1738.902196 0.095425 
1739.866645 0.095685 
1740.831095 0.096946 
1741.795544 0.097283 
1742.759994 0.104637 
1743.724443 0.114010 
1744.688892 0.110451 
1745.653342 0.107643 
1746.617791 0.110724 
1747.582240 0.114792 
1748.546690 0.118953 
1749.511139 0.122878 
1750.475588 0.123944 
1751.440038 0.131952 
1752.404487 0.128219 
1753.368936 0.122869 
1754.333386 0.121652 
1755.297835 0.122152 
1756.262285 0.126822 
1757.226734 0.132214 
1758.191183 0.130976 
1759.155633 0.128639 
1760.120082 0.127270 
1761.084531 0.129525 
1762.048981 0.135821 
1763.013430 0.133895 
1763.977879 0.133094 
1764.942329 0.135552 
1765.906778 0.139523 
1766.871228 0.144885 
1767.835677 0.157147 
1768.800126 0.164888 
1769.764576 0.163099 
1770.729025 0.166670 
1771.693474 0.175558 
1772.657924 0.189956 
1773.622373 0.206423 
1774.586822 0.216721 
1775.551272 0.235884 
1776.515721 0.253782 
1777.480170 0.269528 
1778.444620 0.293952 
1779.409069 0.320802 
1780.373519 0.351950 
1781.337968 0.394603 
1782.302417 0.430980 
1783.266867 0.473283 
1784.231316 0.526785 
1785.195765 0.598591 
1786.160215 0.660653 
1787.124664 0.718028 
1788.089113 0.784768 
1789.053563 0.845231 
1790.018012 0.898449 
1790.982462 0.945137 
1791.946911 0.976902 
1792.911360 0.985742 
1793.875810 0.976012 
1794.840259 0.952421 
1795.804708 0.921031 
1796.769158 0.856748 
1797.733607 0.790573 
1798.698056 0.727079 
1799.662506 0.656641 
1800.626955 0.591188 
1801.591404 0.546601 
1802.555854 0.493190 
1803.520303 0.446399 
1804.484753 0.411225 
1805.449202 0.384493 
1806.413651 0.362534 
1807.378101 0.349268 
1808.342550 0.334850 
1809.306999 0.322807 
1810.271449 0.316636 
1811.235898 0.315597 
1812.200347 0.313991 
1813.164797 0.311889 
1814.129246 0.309836 
1815.093696 0.312893 
1816.058145 0.315791 
1817.022594 0.321907 
1817.987044 0.322779 
1818.951493 0.318823 
1819.915942 0.313755 
1820.880392 0.309112 
1821.844841 0.303000 
1822.809290 0.297228 
1823.773740 0.287964 
1824.738189 0.284353 
1825.702638 0.279023 
1826.667088 0.268085 
1827.631537 0.261015 
1828.595987 0.258934 
1829.560436 0.260011 
1830.524885 0.260920 
1831.489335 0.257530 
1832.453784 0.259507 
1833.418233 0.263979 
1834.382683 0.266883 
1835.347132 0.270044 
1836.311581 0.276850 
1837.276031 0.284237 
1838.240480 0.287062 
1839.204930 0.287186 
1840.169379 0.287760 
1841.133828 0.286367 
1842.098278 0.284380 
1843.062727 0.275663 
1844.027176 0.264957 
1844.991626 0.247352 
1845.956075 0.229856 
1846.920524 0.213365 
1847.884974 0.200008 
1848.849423 0.180701 
1849.813872 0.163542 
1850.778322 0.150023 
1851.742771 0.139823 
1852.707221 0.130486 
1853.671670 0.122855 
1854.636119 0.115888 
1855.600569 0.110559 
1856.565018 0.105571 
1857.529467 0.102584 
1858.493917 0.100427 
1859.458366 0.097140 
1860.422815 0.094051 
1861.387265 0.093159 
1862.351714 0.089521 
1863.316164 0.086702 
1864.280613 0.085099 
1865.245062 0.083885 
1866.209512 0.084217 
1867.173961 0.084995 
1868.138410 0.086106 
1869.102860 0.087293 
1870.067309 0.085343 
1871.031758 0.082057 
1871.996208 0.077638 
1872.960657 0.075576 
1873.925106 0.074768 
1874.889556 0.074391 
1875.854005 0.073704 
1876.818455 0.073419 
1877.782904 0.072958 
1878.747353 0.073715 
1879.711803 0.073631 
1880.676252 0.072207 
1881.640701 0.071223 
1882.605151 0.071043 
1883.569600 0.070895 
1884.534049 0.071713 
1885.498499 0.071550 
1886.462948 0.070464 
1887.427398 0.069880 
1888.391847 0.070549 
1889.356296 0.074425 
1890.320746 0.074483 
1891.285195 0.070498 
1892.249644 0.069870 
1893.214094 0.069894 
1894.178543 0.071124 
1895.142992 0.073465 
1896.107442 0.072300 
1897.071891 0.069992 
1898.036340 0.069920 
1899.000790 0.069406 
1899.965239 0.069511 
1900.929689 0.069658 
1901.894138 0.070356 
1902.858587 0.069792 
1903.823037 0.069873 
1904.787486 0.069765 
1905.751935 0.069776 
1906.716385 0.070211 
1907.680834 0.072804 
1908.645283 0.073294 
1909.609733 0.074180 
1910.574182 0.074181 
1911.538632 0.071649 
1912.503081 0.071039 
1913.467530 0.071460 
1914.431980 0.072170 
1915.396429 0.072692 
1916.360878 0.072767 
1917.325328 0.074730 
1918.289777 0.078767 
1919.254226 0.076918 
1920.218676 0.075085 
1921.183125 0.076586 
1922.147574 0.082042 
1923.112024 0.086101 
1924.076473 0.080992 
1925.040923 0.077697 
1926.005372 0.077483 
1926.969821 0.077896 
1927.934271 0.078120 
1928.898720 0.078219 
1929.863169 0.077916 
1930.827619 0.077693 
1931.792068 0.077312 
1932.756517 0.077510 
1933.720967 0.076500 
1934.685416 0.074796 
1935.649866 0.073434 
1936.614315 0.072512 
1937.578764 0.071445 
1938.543214 0.070529 
1939.507663 0.069498 
1940.472112 0.069319 
1941.436562 0.070988 
1942.401011 0.075873 
1943.365460 0.073102 
1944.329910 0.067504 
1945.294359 0.066919 
1946.258808 0.066723 
1947.223258 0.065462 
1948.187707 0.064765 
1949.152157 0.064970 
1950.116606 0.064623 
1951.081055 0.063715 
1952.045505 0.063177 
1953.009954 0.062897 
1953.974403 0.063234 
1954.938853 0.064159 
1955.903302 0.063789 
1956.867751 0.063685 
1957.832201 0.066377 
1958.796650 0.067814 
1959.761100 0.064943 
1960.725549 0.062887 
1961.689998 0.062377 
1962.654448 0.061550 
1963.618897 0.061261 
1964.583346 0.061236 
1965.547796 0.062495 
1966.512245 0.065290 
1967.476694 0.067123 
1968.441144 0.063886 
1969.405593 0.061139 
1970.370042 0.060766 
1971.334492 0.060623 
1972.298941 0.060529 
1973.263391 0.060533 
1974.227840 0.060456 
1975.192289 0.060392 
1976.156739 0.060349 
1977.121188 0.060360 
1978.085637 0.060334 
1979.050087 0.060266 
1980.014536 0.060182 
1980.978985 0.060237 
1981.943435 0.060297 
1982.907884 0.060260 
1983.872334 0.060231 
1984.836783 0.060245 
1985.801232 0.060306 
1986.765682 0.060558 
1987.730131 0.062545 
1988.694580 0.064111 
1989.659030 0.061860 
1990.623479 0.061331 
1991.587928 0.065726 
1992.552378 0.068449 
1993.516827 0.063749 
1994.481276 0.061283 
1995.445726 0.061039 
1996.410175 0.061154 
1997.374625 0.061158 
1998.339074 0.061514 
1999.303523 0.061684 
2000.267973 0.061608 
2001.232422 0.061544 
2002.196871 0.061710 
2003.161321 0.061751 
2004.125770 0.061844 
2005.090219 0.061844 
2006.054669 0.062024 
2007.019118 0.062479 
2007.983568 0.062910 
2008.948017 0.062634 
2009.912466 0.062466 
2010.876916 0.062412 
2011.841365 0.062538 
2012.805814 0.062657 
2013.770264 0.062766 
2014.734713 0.062915 
2015.699162 0.064149 
2016.663612 0.067409 
2017.628061 0.067865 
2018.592510 0.066539 
2019.556960 0.065232 
2020.521409 0.063854 
2021.485859 0.063806 
2022.450308 0.064321 
2023.414757 0.064763 
2024.379207 0.064128 
2025.343656 0.064024 
2026.308105 0.064214 
2027.272555 0.064722 
2028.237004 0.065355 
2029.201453 0.065420 
2030.165903 0.064387 
2031.130352 0.063976 
2032.094802 0.063731 
2033.059251 0.063712 
2034.023700 0.063546 
2034.988150 0.063469 
2035.952599 0.063267 
2036.917048 0.063367 
2037.881498 0.063163 
2038.845947 0.062938 
2039.810396 0.062985 
2040.774846 0.064884 
2041.739295 0.065639 
2042.703744 0.063513 
2043.668194 0.062722 
2044.632643 0.062717 
2045.597093 0.062504 
2046.561542 0.062576 
2047.525991 0.062327 
2048.490441 0.062137 
2049.454890 0.062014 
2050.419339 0.062008 
2051.383789 0.061923 
2052.348238 0.061888 
2053.312687 0.061794 
2054.277137 0.061798 
2055.241586 0.061732 
2056.206036 0.061656 
2057.170485 0.061477 
2058.134934 0.061443 
2059.099384 0.061442 
2060.063833 0.061726 
2061.028282 0.061689 
2061.992732 0.061354 
2062.957181 0.061135 
2063.921630 0.062220 
2064.886080 0.064532 
2065.850529 0.063958 
2066.814978 0.061710 
2067.779428 0.061003 
2068.743877 0.060960 
2069.708327 0.060947 
2070.672776 0.060782 
2071.637225 0.060816 
2072.601675 0.060894 
2073.566124 0.061124 
2074.530573 0.060986 
2075.495023 0.060777 
2076.459472 0.060665 
2077.423921 0.060881 
2078.388371 0.060938 
2079.352820 0.060756 
2080.317270 0.060543 
2081.281719 0.060707 
2082.246168 0.060745 
2083.210618 0.060499 
2084.175067 0.060302 
2085.139516 0.060405 
2086.103966 0.060624 
2087.068415 0.060851 
2088.032864 0.060549 
2088.997314 0.060816 
2089.961763 0.062125 
2090.926212 0.061720 
2091.890662 0.060234 
2092.855111 0.060067 
2093.819561 0.060204 
2094.784010 0.060555 
2095.748459 0.060262 
2096.712909 0.060100 
2097.677358 0.060152 
2098.641807 0.060508 
2099.606257 0.060479 
2100.570706 0.060255 
2101.535155 0.060162 
2102.499605 0.060508 
2103.464054 0.060743 
2104.428504 0.060452 
2105.392953 0.060251 
2106.357402 0.060507 
2107.321852 0.060890 
2108.286301 0.060704 
2109.250750 0.060351 
2110.215200 0.060500 
2111.179649 0.060908 
2112.144098 0.060896 
2113.108548 0.060521 
2114.072997 0.060970 
2115.037446 0.061800 
2116.001896 0.061578 
2116.966345 0.060761 
2117.930795 0.060672 
2118.895244 0.061015 
2119.859693 0.061391 
2120.824143 0.061045 
2121.788592 0.060930 
2122.753041 0.061214 
2123.717491 0.061708 
2124.681940 0.061509 
2125.646389 0.061289 
2126.610839 0.061444 
2127.575288 0.061907 
2128.539738 0.061780 
2129.504187 0.061625 
2130.468636 0.061726 
2131.433086 0.062084 
2132.397535 0.062002 
2133.361984 0.061826 
2134.326434 0.061914 
2135.290883 0.062487 
2136.255332 0.062817 
2137.219782 0.062397 
2138.184231 0.062153 
2139.148680 0.062464 
2140.113130 0.062439 
2141.077579 0.062177 
2142.042029 0.062096 
2143.006478 0.062165 
2143.970927 0.062236 
2144.935377 0.062337 
2145.899826 0.062361 
2146.864275 0.062486 
2147.828725 0.062531 
2148.793174 0.062454 
2149.757623 0.062494 
2150.722073 0.062731 
2151.686522 0.062762 
2152.650972 0.062703 
2153.615421 0.062783 
2154.579870 0.063002 
2155.544320 0.062855 
2156.508769 0.062684 
2157.473218 0.062877 
2158.437668 0.063121 
2159.402117 0.062844 
2160.366566 0.062746 
2161.331016 0.063285 
2162.295465 0.063485 
2163.259914 0.062896 
2164.224364 0.062762 
2165.188813 0.063124 
2166.153263 0.063172 
2167.117712 0.062683 
2168.082161 0.062854 
2169.046611 0.063335 
2170.011060 0.063127 
2170.975509 0.062682 
2171.939959 0.063047 
2172.904408 0.063406 
2173.868857 0.063049 
2174.833307 0.062822 
2175.797756 0.063343 
2176.762206 0.063441 
2177.726655 0.062996 
2178.691104 0.063055 
2179.655554 0.063522 
2180.620003 0.063358 
2181.584452 0.063107 
2182.548902 0.063448 
2183.513351 0.063727 
2184.477800 0.063424 
2185.442250 0.063517 
2186.406699 0.064025 
2187.371148 0.064035 
2188.335598 0.063715 
2189.300047 0.064031 
2190.264497 0.064225 
2191.228946 0.063922 
2192.193395 0.063785 
2193.157845 0.064081 
2194.122294 0.063914 
2195.086743 0.063558 
2196.051193 0.063588 
2197.015642 0.063655 
2197.980091 0.063364 
2198.944541 0.063337 
2199.908990 0.063430 
2200.873440 0.063276 
2201.837889 0.063099 
2202.802338 0.063258 
2203.766788 0.063261 
2204.731237 0.063233 
2205.695686 0.063367 
2206.660136 0.063420 
2207.624585 0.063258 
2208.589034 0.063251 
2209.553484 0.063362 
2210.517933 0.063362 
2211.482382 0.063327 
2212.446832 0.063391 
2213.411281 0.063386 
2214.375731 0.063479 
2215.340180 0.063582 
2216.304629 0.063609 
2217.269079 0.063609 
2218.233528 0.063802 
2219.197977 0.063950 
2220.162427 0.064008 
2221.126876 0.064112 
2222.091325 0.064341 
2223.055775 0.064466 
2224.020224 0.064648 
2224.984674 0.064792 
2225.949123 0.064963 
2226.913572 0.065173 
2227.878022 0.065390 
2228.842471 0.065472 
2229.806920 0.065637 
2230.771370 0.065787 
2231.735819 0.065811 
2232.700268 0.065812 
2233.664718 0.065881 
2234.629167 0.065886 
2235.593616 0.065917 
2236.558066 0.065837 
2237.522515 0.065799 
2238.486965 0.065757 
2239.451414 0.065781 
2240.415863 0.065701 
2241.380313 0.065728 
2242.344762 0.065757 
2243.309211 0.065808 
2244.273661 0.065725 
2245.238110 0.065694 
2246.202559 0.065683 
2247.167009 0.065719 
2248.131458 0.065699 
2249.095908 0.065683 
2250.060357 0.065757 
2251.024806 0.065785 
2251.989256 0.065830 
2252.953705 0.065838 
2253.918154 0.065888 
2254.882604 0.065972 
2255.847053 0.066049 
2256.811502 0.066035 
2257.775952 0.066046 
2258.740401 0.066034 
2259.704850 0.066090 
2260.669300 0.066144 
2261.633749 0.066151 
2262.598199 0.066128 
2263.562648 0.066186 
2264.527097 0.066234 
2265.491547 0.066218 
2266.455996 0.066195 
2267.420445 0.066240 
2268.384895 0.066264 
2269.349344 0.066305 
2270.313793 0.066364 
2271.278243 0.066471 
2272.242692 0.066585 
2273.207142 0.066633 
2274.171591 0.066756 
2275.136040 0.066965 
2276.100490 0.067131 
2277.064939 0.067375 
2278.029388 0.067528 
2278.993838 0.067609 
2279.958287 0.067947 
2280.922736 0.068159 
2281.887186 0.068486 
2282.851635 0.068742 
2283.816084 0.068978 
2284.780534 0.069315 
2285.744983 0.069265 
2286.709433 0.069621 
2287.673882 0.069799 
2288.638331 0.070027 
2289.602781 0.070546 
2290.567230 0.070498 
2291.531679 0.071351 
2292.496129 0.071336 
2293.460578 0.072139 
2294.425027 0.072557 
2295.389477 0.072807 
2296.353926 0.073953 
2297.318376 0.073799 
2298.282825 0.075293 
2299.247274 0.075090 
2300.211724 0.076228 
2301.176173 0.076678 
2302.140622 0.076682 
2303.105072 0.077887 
2304.069521 0.077677 
2305.033970 0.079610 
2305.998420 0.079153 
2306.962869 0.081176 
2307.927318 0.080534 
2308.891768 0.081596 
2309.856217 0.081506 
2310.820667 0.081667 
2311.785116 0.082040 
2312.749565 0.080734 
2313.714015 0.081228 
2314.678464 0.078757 
2315.642913 0.079144 
2316.607363 0.077736 
2317.571812 0.078659 
2318.536261 0.077957 
2319.500711 0.078947 
2320.465160 0.077680 
2321.429610 0.078196 
2322.394059 0.076617 
2323.358508 0.076514 
2324.322958 0.074290 
2325.287407 0.072210 
2326.251856 0.070290 
2327.216306 0.069385 
2328.180755 0.068584 
2329.145204 0.068060 
2330.109654 0.067402 
2331.074103 0.066435 
2332.038552 0.064850 
2333.003002 0.062996 
2333.967451 0.061049 
2334.931901 0.059250 
2335.896350 0.058803 
2336.860799 0.058507 
2337.825249 0.057381 
2338.789698 0.057161 
2339.754147 0.057983 
2340.718597 0.058003 
2341.683046 0.058322 
2342.647495 0.059414 
2343.611945 0.061810 
2344.576394 0.064750 
2345.540844 0.067160 
2346.505293 0.069136 
2347.469742 0.071066 
2348.434192 0.074705 
2349.398641 0.075033 
2350.363090 0.072744 
2351.327540 0.069749 
2352.291989 0.065814 
2353.256438 0.062364 
2354.220888 0.061169 
2355.185337 0.059924 
2356.149786 0.057003 
2357.114236 0.055209 
2358.078685 0.054968 
2359.043135 0.054930 
2360.007584 0.053437 
2360.972033 0.053217 
2361.936483 0.053513 
2362.900932 0.054179 
2363.865381 0.055009 
2364.829831 0.056450 
2365.794280 0.057605 
2366.758729 0.059439 
2367.723179 0.061255 
2368.687628 0.063319 
2369.652078 0.065076 
2370.616527 0.067060 
2371.580976 0.069013 
2372.545426 0.070951 
2373.509875 0.072667 
2374.474324 0.074339 
2375.438774 0.075922 
2376.403223 0.077263 
2377.367672 0.078219 
2378.332122 0.078847 
2379.296571 0.078968 
2380.261020 0.078517 
2381.225470 0.077534 
2382.189919 0.076244 
2383.154369 0.074778 
2384.118818 0.073295 
2385.083267 0.071866 
2386.047717 0.070685 
2387.012166 0.069725 
2387.976615 0.069101 
2388.941065 0.068610 
2389.905514 0.068371 
2390.869963 0.068234 
2391.834413 0.068208 
2392.798862 0.068198 
2393.763312 0.068236 
2394.727761 0.068248 
2395.692210 0.068357 
2396.656660 0.068385 
2397.621109 0.068416 
2398.585558 0.068476 
2399.550008 0.068589 
2400.514457 0.068645 
2401.478906 0.068667 
2402.443356 0.068638 
2403.407805 0.068674 
2404.372254 0.068672 
2405.336704 0.068705 
2406.301153 0.068706 
2407.265603 0.068764 
2408.230052 0.068838 
2409.194501 0.068925 
2410.158951 0.068905 
2411.123400 0.068938 
2412.087849 0.068988 
2413.052299 0.069088 
2414.016748 0.069089 
2414.981197 0.069147 
2415.945647 0.069235 
2416.910096 0.069366 
2417.874546 0.069425 
2418.838995 0.069532 
2419.803444 0.069586 
2420.767894 0.069705 
2421.732343 0.069805 
2422.696792 0.069945 
2423.661242 0.070050 
2424.625691 0.070171 
2425.590140 0.070228 
2426.554590 0.070272 
2427.519039 0.070251 
2428.483488 0.070268 
2429.447938 0.070259 
2430.412387 0.070271 
2431.376837 0.070266 
2432.341286 0.070370 
2433.305735 0.070384 
2434.270185 0.070375 
2435.234634 0.070386 
2436.199083 0.070422 
2437.163533 0.070441 
2438.127982 0.070570 
2439.092431 0.070673 
2440.056881 0.070749 
2441.021330 0.070795 
2441.985780 0.070916 
2442.950229 0.070979 
2443.914678 0.071039 
2444.879128 0.071119 
2445.843577 0.071234 
2446.808026 0.071297 
2447.772476 0.071379 
2448.736925 0.071399 
2449.701374 0.071446 
2450.665824 0.071469 
2451.630273 0.071495 
2452.594722 0.071498 
2453.559172 0.071590 
2454.523621 0.071698 
2455.488071 0.071849 
2456.452520 0.071900 
2457.416969 0.071994 
2458.381419 0.072083 
2459.345868 0.072166 
2460.310317 0.072228 
2461.274767 0.072290 
2462.239216 0.072220 
2463.203665 0.072146 
2464.168115 0.072097 
2465.132564 0.072050 
2466.097014 0.071927 
2467.061463 0.071809 
2468.025912 0.071673 
2468.990362 0.071611 
2469.954811 0.071527 
2470.919260 0.071500 
2471.883710 0.071464 
2472.848159 0.071411 
2473.812608 0.071322 
2474.777058 0.071345 
2475.741507 0.071337 
2476.705956 0.071323 
2477.670406 0.071300 
2478.634855 0.071343 
2479.599305 0.071360 
2480.563754 0.071403 
2481.528203 0.071416 
2482.492653 0.071457 
2483.457102 0.071444 
2484.421551 0.071454 
2485.386001 0.071445 
2486.350450 0.071490 
2487.314899 0.071529 
2488.279349 0.071552 
2489.243798 0.071541 
2490.208248 0.071572 
2491.172697 0.071600 
2492.137146 0.071650 
2493.101596 0.071670 
2494.066045 0.071732 
2495.030494 0.071774 
2495.994944 0.071856 
2496.959393 0.071883 
2497.923842 0.071899 
2498.888292 0.071945 
2499.852741 0.072045 
2500.817190 0.072080 
2501.781640 0.072170 
2502.746089 0.072236 
2503.710539 0.072325 
2504.674988 0.072385 
2505.639437 0.072432 
2506.603887 0.072431 
2507.568336 0.072557 
2508.532785 0.072657 
2509.497235 0.072753 
2510.461684 0.072839 
2511.426133 0.072966 
2512.390583 0.073085 
2513.355032 0.073233 
2514.319482 0.073295 
2515.283931 0.073468 
2516.248380 0.073689 
2517.212830 0.073898 
2518.177279 0.074023 
2519.141728 0.074194 
2520.106178 0.074351 
2521.070627 0.074483 
2522.035076 0.074612 
2522.999526 0.074809 
2523.963975 0.074913 
2524.928424 0.075150 
2525.892874 0.075330 
2526.857323 0.075466 
2527.821773 0.075552 
2528.786222 0.075778 
2529.750671 0.075904 
2530.715121 0.076093 
2531.679570 0.076231 
2532.644019 0.076462 
2533.608469 0.076638 
2534.572918 0.076882 
2535.537367 0.077053 
2536.501817 0.077267 
2537.466266 0.077472 
2538.430716 0.077675 
2539.395165 0.077796 
2540.359614 0.078019 
2541.324064 0.078252 
2542.288513 0.078486 
2543.252962 0.078641 
2544.217412 0.078803 
2545.181861 0.079016 
2546.146310 0.079252 
2547.110760 0.079487 
2548.075209 0.079709 
2549.039658 0.079921 
2550.004108 0.080151 
2550.968557 0.080304 
2551.933007 0.080398 
2552.897456 0.080516 
2553.861905 0.080660 
2554.826355 0.080742 
2555.790804 0.080873 
2556.755253 0.081015 
2557.719703 0.081136 
2558.684152 0.081199 
2559.648601 0.081199 
2560.613051 0.081162 
2561.577500 0.081197 
2562.541950 0.081199 
2563.506399 0.081196 
2564.470848 0.081196 
2565.435298 0.081206 
2566.399747 0.081215 
2567.364196 0.081219 
2568.328646 0.081188 
2569.293095 0.081115 
2570.257544 0.081009 
2571.221994 0.080927 
2572.186443 0.080856 
2573.150892 0.080794 
2574.115342 0.080666 
2575.079791 0.080507 
2576.044241 0.080365 
2577.008690 0.080252 
2577.973139 0.080137 
2578.937589 0.080049 
2579.902038 0.079953 
2580.866487 0.079826 
2581.830937 0.079743 
2582.795386 0.079708 
2583.759835 0.079616 
2584.724285 0.079511 
2585.688734 0.079407 
2586.653184 0.079393 
2587.617633 0.079390 
2588.582082 0.079359 
2589.546532 0.079336 
2590.510981 0.079364 
2591.475430 0.079293 
2592.439880 0.079204 
2593.404329 0.079233 
2594.368778 0.079268 
2595.333228 0.079244 
2596.297677 0.079252 
2597.262126 0.079229 
2598.226576 0.079214 
2599.191025 0.079239 
2600.155475 0.079277 
2601.119924 0.079257 
2602.084373 0.079253 
2603.048823 0.079313 
2604.013272 0.079349 
2604.977721 0.079389 
2605.942171 0.079410 
2606.906620 0.079371 
2607.871069 0.079340 
2608.835519 0.079353 
2609.799968 0.079387 
2610.764418 0.079381 
2611.728867 0.079455 
2612.693316 0.079498 
2613.657766 0.079515 
2614.622215 0.079587 
2615.586664 0.079696 
2616.551114 0.079842 
2617.515563 0.079994 
2618.480012 0.080147 
2619.444462 0.080382 
2620.408911 0.080607 
2621.373360 0.080828 
2622.337810 0.081067 
2623.302259 0.081285 
2624.266709 0.081513 
2625.231158 0.081754 
2626.195607 0.081979 
2627.160057 0.082286 
2628.124506 0.082567 
2629.088955 0.082756 
2630.053405 0.082978 
2631.017854 0.083330 
2631.982303 0.083655 
2632.946753 0.083858 
2633.911202 0.083963 
2634.875652 0.084084 
2635.840101 0.084280 
2636.804550 0.084543 
2637.769000 0.084666 
2638.733449 0.084767 
2639.697898 0.084876 
2640.662348 0.084989 
2641.626797 0.085074 
2642.591246 0.085138 
2643.555696 0.085194 
2644.520145 0.085288 
2645.484594 0.085380 
2646.449044 0.085458 
2647.413493 0.085540 
2648.377943 0.085648 
2649.342392 0.085806 
2650.306841 0.085882 
2651.271291 0.085931 
2652.235740 0.086066 
2653.200189 0.086192 
2654.164639 0.086227 
2655.129088 0.086215 
2656.093537 0.086280 
2657.057987 0.086411 
2658.022436 0.086545 
2658.986886 0.086603 
2659.951335 0.086660 
2660.915784 0.086764 
2661.880234 0.086822 
2662.844683 0.086857 
2663.809132 0.086915 
2664.773582 0.086965 
2665.738031 0.087023 
2666.702480 0.087067 
2667.666930 0.087076 
2668.631379 0.087063 
2669.595828 0.087036 
2670.560278 0.087035 
2671.524727 0.087079 
2672.489177 0.087057 
2673.453626 0.087024 
2674.418075 0.087078 
2675.382525 0.087164 
2676.346974 0.087181 
2677.311423 0.087183 
2678.275873 0.087197 
2679.240322 0.087276 
2680.204771 0.087331 
2681.169221 0.087336 
2682.133670 0.087344 
2683.098120 0.087341 
2684.062569 0.087367 
2685.027018 0.087378 
2685.991468 0.087344 
2686.955917 0.087330 
2687.920366 0.087288 
2688.884816 0.087239 
2689.849265 0.087290 
2690.813714 0.087335 
2691.778164 0.087269 
2692.742613 0.087166 
2693.707062 0.087155 
2694.671512 0.087107 
2695.635961 0.086973 
2696.600411 0.086884 
2697.564860 0.086808 
2698.529309 0.086706 
2699.493759 0.086586 
2700.458208 0.086402 
2701.422657 0.086222 
2702.387107 0.086068 
2703.351556 0.085892 
2704.316005 0.085746 
2705.280455 0.085591 
2706.244904 0.085439 
2707.209354 0.085334 
2708.173803 0.085242 
2709.138252 0.085102 
2710.102702 0.084987 
2711.067151 0.084937 
2712.031600 0.084877 
2712.996050 0.084812 
2713.960499 0.084770 
2714.924948 0.084718 
2715.889398 0.084675 
2716.853847 0.084658 
2717.818296 0.084672 
2718.782746 0.084744 
2719.747195 0.084837 
2720.711645 0.084907 
2721.676094 0.084870 
2722.640543 0.084868 
2723.604993 0.085015 
2724.569442 0.085146 
2725.533891 0.085194 
2726.498341 0.085229 
2727.462790 0.085364 
2728.427239 0.085541 
2729.391689 0.085690 
2730.356138 0.085835 
2731.320588 0.085974 
2732.285037 0.086105 
2733.249486 0.086263 
2734.213936 0.086432 
2735.178385 0.086605 
2736.142834 0.086755 
2737.107284 0.086859 
2738.071733 0.086920 
2739.036182 0.087043 
2740.000632 0.087254 
2740.965081 0.087461 
2741.929530 0.087571 
2742.893980 0.087671 
2743.858429 0.087796 
2744.822879 0.087982 
2745.787328 0.088189 
2746.751777 0.088299 
2747.716227 0.088311 
2748.680676 0.088350 
2749.645125 0.088326 
2750.609575 0.088240 
2751.574024 0.088204 
2752.538473 0.088161 
2753.502923 0.088063 
2754.467372 0.088031 
2755.431822 0.088004 
2756.396271 0.088013 
2757.360720 0.088022 
2758.325170 0.088011 
2759.289619 0.088055 
2760.254068 0.088108 
2761.218518 0.088163 
2762.182967 0.088222 
2763.147416 0.088189 
2764.111866 0.088245 
2765.076315 0.088348 
2766.040764 0.088368 
2767.005214 0.088404 
2767.969663 0.088417 
2768.934113 0.088433 
2769.898562 0.088517 
2770.863011 0.088579 
2771.827461 0.088635 
2772.791910 0.088662 
2773.756359 0.088752 
2774.720809 0.088757 
2775.685258 0.088750 
2776.649707 0.088828 
2777.614157 0.088910 
2778.578606 0.089005 
2779.543056 0.089085 
2780.507505 0.089193 
2781.471954 0.089336 
2782.436404 0.089439 
2783.400853 0.089523 
2784.365302 0.089616 
2785.329752 0.089748 
2786.294201 0.089845 
2787.258650 0.089949 
2788.223100 0.090023 
2789.187549 0.090034 
2790.151998 0.090152 
2791.116448 0.090224 
2792.080897 0.090215 
2793.045347 0.090333 
2794.009796 0.090523 
2794.974245 0.090620 
2795.938695 0.090661 
2796.903144 0.090836 
2797.867593 0.090955 
2798.832043 0.091043 
2799.796492 0.091172 
2800.760941 0.091387 
2801.725391 0.091680 
2802.689840 0.091956 
2803.654290 0.092163 
2804.618739 0.092339 
2805.583188 0.092493 
2806.547638 0.092605 
2807.512087 0.092671 
2808.476536 0.092736 
2809.440986 0.092745 
2810.405435 0.092659 
2811.369884 0.092551 
2812.334334 0.092476 
2813.298783 0.092486 
2814.263232 0.092462 
2815.227682 0.092484 
2816.192131 0.092534 
2817.156581 0.092581 
2818.121030 0.092678 
2819.085479 0.092776 
2820.049929 0.092818 
2821.014378 0.092905 
2821.978827 0.093052 
2822.943277 0.093206 
2823.907726 0.093358 
2824.872175 0.093545 
2825.836625 0.093776 
2826.801074 0.094005 
2827.765524 0.094206 
2828.729973 0.094446 
2829.694422 0.094669 
2830.658872 0.094853 
2831.623321 0.094991 
2832.587770 0.095128 
2833.552220 0.095329 
2834.516669 0.095510 
2835.481118 0.095648 
2836.445568 0.095886 
2837.410017 0.096141 
2838.374466 0.096356 
2839.338916 0.096558 
2840.303365 0.096696 
2841.267815 0.096787 
2842.232264 0.096950 
2843.196713 0.097084 
2844.161163 0.097072 
2845.125612 0.097083 
2846.090061 0.097259 
2847.054511 0.097407 
2848.018960 0.097485 
2848.983409 0.097597 
2849.947859 0.097785 
2850.912308 0.097998 
2851.876758 0.098161 
2852.841207 0.098235 
2853.805656 0.098393 
2854.770106 0.098650 
2855.734555 0.098887 
2856.699004 0.099062 
2857.663454 0.099276 
2858.627903 0.099559 
2859.592352 0.099824 
2860.556802 0.100114 
2861.521251 0.100470 
2862.485700 0.100858 
2863.450150 0.101307 
2864.414599 0.101862 
2865.379049 0.102471 
2866.343498 0.103076 
2867.307947 0.103825 
2868.272397 0.104679 
2869.236846 0.105565 
2870.201295 0.106480 
2871.165745 0.107474 
2872.130194 0.108571 
2873.094643 0.109751 
2874.059093 0.111048 
2875.023542 0.112749 
2875.987992 0.114674 
2876.952441 0.116770 
2877.916890 0.118985 
2878.881340 0.121256 
2879.845789 0.123396 
2880.810238 0.125367 
2881.774688 0.126815 
2882.739137 0.127684 
2883.703586 0.128058 
2884.668036 0.127924 
2885.632485 0.127218 
2886.596934 0.126122 
2887.561384 0.124833 
2888.525833 0.123605 
2889.490283 0.122438 
2890.454732 0.121373 
2891.419181 0.120480 
2892.383631 0.119782 
2893.348080 0.119201 
2894.312529 0.118807 
2895.276979 0.118437 
2896.241428 0.118216 
2897.205877 0.118272 
2898.170327 0.118450 
2899.134776 0.118680 
2900.099226 0.119064 
2901.063675 0.119591 
2902.028124 0.120297 
2902.992574 0.121133 
2903.957023 0.122004 
2904.921472 0.122825 
2905.885922 0.123459 
2906.850371 0.123758 
2907.814820 0.123951 
2908.779270 0.124232 
2909.743719 0.124606 
2910.708168 0.125091 
2911.672618 0.125974 
2912.637067 0.126950 
2913.601517 0.127944 
2914.565966 0.129099 
2915.530415 0.130364 
2916.494865 0.131557 
2917.459314 0.132709 
2918.423763 0.133815 
2919.388213 0.134813 
2920.352662 0.135580 
2921.317111 0.136113 
2922.281561 0.136451 
2923.246010 0.136613 
2924.210460 0.136621 
2925.174909 0.136614 
2926.139358 0.136464 
2927.103808 0.136311 
2928.068257 0.136267 
2929.032706 0.136193 
2929.997156 0.136122 
2930.961605 0.136223 
2931.926054 0.136466 
2932.890504 0.137135 
2933.854953 0.137950 
2934.819402 0.138775 
2935.783852 0.139960 
2936.748301 0.141610 
2937.712751 0.143692 
2938.677200 0.146561 
2939.641649 0.150230 
2940.606099 0.154760 
2941.570548 0.160171 
2942.534997 0.166559 
2943.499447 0.173366 
2944.463896 0.179834 
2945.428345 0.184459 
2946.392795 0.185652 
2947.357244 0.182678 
2948.321694 0.176686 
2949.286143 0.169152 
2950.250592 0.161491 
2951.215042 0.154454 
2952.179491 0.148493 
2953.143940 0.143814 
2954.108390 0.140387 
2955.072839 0.137665 
2956.037288 0.135527 
2957.001738 0.133912 
2957.966187 0.132719 
2958.930636 0.131960 
2959.895086 0.131597 
2960.859535 0.131398 
2961.823985 0.131387 
2962.788434 0.131375 
2963.752883 0.131581 
2964.717333 0.131955 
2965.681782 0.132567 
2966.646231 0.133123 
2967.610681 0.133692 
2968.575130 0.134433 
2969.539579 0.135539 
2970.504029 0.136787 
2971.468478 0.138162 
2972.432928 0.139803 
2973.397377 0.141837 
2974.361826 0.144004 
2975.326276 0.146561 
2976.290725 0.149444 
2977.255174 0.152848 
2978.219624 0.156682 
2979.184073 0.161008 
2980.148522 0.166199 
2981.112972 0.171802 
2982.077421 0.177575 
2983.041870 0.184035 
2984.006320 0.190773 
2984.970769 0.197492 
2985.935219 0.203709 
2986.899668 0.209515 
2987.864117 0.214111 
2988.828567 0.216819 
2989.793016 0.217545 
2990.757465 0.216444 
2991.721915 0.213481 
2992.686364 0.209083 
2993.650813 0.203620 
2994.615263 0.197442 
2995.579712 0.190429 
2996.544162 0.183261 
2997.508611 0.176176 
2998.473060 0.169597 
2999.437510 0.163460 
3000.401959 0.157767 
3001.366408 0.152541 
3002.330858 0.147981 
3003.295307 0.143880 
3004.259756 0.140473 
3005.224206 0.137431 
3006.188655 0.134409 
3007.153104 0.131782 
3008.117554 0.129745 
3009.082003 0.127987 
3010.046453 0.126621 
3011.010902 0.125217 
3011.975351 0.124313 
3012.939801 0.123497 
3013.904250 0.121908 
3014.868699 0.120795 
3015.833149 0.120142 
3016.797598 0.119027 
3017.762047 0.118150 
3018.726497 0.117809 
3019.690946 0.117563 
3020.655396 0.117259 
3021.619845 0.117005 
3022.584294 0.116783 
3023.548744 0.116277 
3024.513193 0.115621 
3025.477642 0.115315 
3026.442092 0.115099 
3027.406541 0.114769 
3028.370990 0.114503 
3029.335440 0.114229 
3030.299889 0.114177 
3031.264338 0.114642 
3032.228788 0.114594 
3033.193237 0.113824 
3034.157687 0.113622 
3035.122136 0.113435 
3036.086585 0.113036 
3037.051035 0.112872 
3038.015484 0.112742 
3038.979933 0.112592 
3039.944383 0.112439 
3040.908832 0.112299 
3041.873281 0.112127 
3042.837731 0.111968 
3043.802180 0.111835 
3044.766630 0.111706 
3045.731079 0.111461 
3046.695528 0.111310 
3047.659978 0.111235 
3048.624427 0.111523 
3049.588876 0.111522 
3050.553326 0.111076 
3051.517775 0.110766 
3052.482224 0.110762 
3053.446674 0.110715 
3054.411123 0.110506 
3055.375572 0.110499 
3056.340022 0.110783 
3057.304471 0.110315 
3058.268921 0.109709 
3059.233370 0.109614 
3060.197819 0.109622 
3061.162269 0.109453 
3062.126718 0.109267 
3063.091167 0.109089 
3064.055617 0.109219 
3065.020066 0.109399 
3065.984515 0.108965 
3066.948965 0.108681 
3067.913414 0.108457 
3068.877864 0.108334 
3069.842313 0.108395 
3070.806762 0.108375 
3071.771212 0.108290 
3072.735661 0.108179 
3073.700110 0.108170 
3074.664560 0.108166 
3075.629009 0.108122 
3076.593458 0.107984 
3077.557908 0.108131 
3078.522357 0.108297 
3079.486806 0.108433 
3080.451256 0.108322 
3081.415705 0.108180 
3082.380155 0.108287 
3083.344604 0.108182 
3084.309053 0.107863 
3085.273503 0.107570 
3086.237952 0.107523 
3087.202401 0.107724 
3088.166851 0.107739 
3089.131300 0.107604 
3090.095749 0.107453 
3091.060199 0.107358 
3092.024648 0.107377 
3092.989098 0.107366 
3093.953547 0.107318 
3094.917996 0.107088 
3095.882446 0.107189 
3096.846895 0.107407 
3097.811344 0.107235 
3098.775794 0.107156 
3099.740243 0.107075 
3100.704692 0.106810 
3101.669142 0.106723 
3102.633591 0.106593 
3103.598040 0.106363 
3104.562490 0.106050 
3105.526939 0.105985 
3106.491389 0.106139 
3107.455838 0.106308 
3108.420287 0.106225 
3109.384737 0.106038 
3110.349186 0.106021 
3111.313635 0.105929 
3112.278085 0.105980 
3113.242534 0.105837 
3114.206983 0.105666 
3115.171433 0.105785 
3116.135882 0.106115 
3117.100332 0.105968 
3118.064781 0.105914 
3119.029230 0.106107 
3119.993680 0.105646 
3120.958129 0.105107 
3121.922578 0.105198 
3122.887028 0.105505 
3123.851477 0.105151 
3124.815926 0.104841 
3125.780376 0.104772 
3126.744825 0.104788 
3127.709274 0.104735 
3128.673724 0.104520 
3129.638173 0.104257 
3130.602623 0.104048 
3131.567072 0.103918 
3132.531521 0.103878 
3133.495971 0.104045 
3134.460420 0.103841 
3135.424869 0.103698 
3136.389319 0.103723 
3137.353768 0.103648 
3138.318217 0.103421 
3139.282667 0.103213 
3140.247116 0.102957 
3141.211566 0.102891 
3142.176015 0.102841 
3143.140464 0.102730 
3144.104914 0.102542 
3145.069363 0.102425 
3146.033812 0.102306 
3146.998262 0.102171 
3147.962711 0.102036 
3148.927160 0.101979 
3149.891610 0.101980 
3150.856059 0.101950 
3151.820508 0.101778 
3152.784958 0.101580 
3153.749407 0.101395 
3154.713857 0.101275 
3155.678306 0.101208 
3156.642755 0.101148 
3157.607205 0.100986 
3158.571654 0.100863 
3159.536103 0.100762 
3160.500553 0.100695 
3161.465002 0.100580 
3162.429451 0.100477 
3163.393901 0.100354 
3164.358350 0.100272 
3165.322800 0.100213 
3166.287249 0.100191 
3167.251698 0.100064 
3168.216148 0.099967 
3169.180597 0.099960 
3170.145046 0.099985 
3171.109496 0.099916 
3172.073945 0.099864 
3173.038394 0.099776 
3174.002844 0.099697 
3174.967293 0.099619 
3175.931742 0.099540 
3176.896192 0.099330 
3177.860641 0.099321 
3178.825091 0.099445 
3179.789540 0.099236 
3180.753989 0.099035 
3181.718439 0.098959 
3182.682888 0.098870 
3183.647337 0.098697 
3184.611787 0.098711 
3185.576236 0.098843 
3186.540685 0.098754 
3187.505135 0.098591 
3188.469584 0.098464 
3189.434034 0.098380 
3190.398483 0.098375 
3191.362932 0.098374 
3192.327382 0.098331 
3193.291831 0.098245 
3194.256280 0.098159 
3195.220730 0.098011 
3196.185179 0.097934 
3197.149628 0.097914 
3198.114078 0.098073 
3199.078527 0.097882 
3200.042976 0.097600 
3201.007426 0.097495 
3201.971875 0.097401 
3202.936325 0.097311 
3203.900774 0.097146 
3204.865223 0.096957 
3205.829673 0.096842 
3206.794122 0.096721 
3207.758571 0.096543 
3208.723021 0.096402 
3209.687470 0.096523 
3210.651919 0.096481 
3211.616369 0.096185 
3212.580818 0.095917 
3213.545268 0.095720 
3214.509717 0.095821 
3215.474166 0.095722 
3216.438616 0.095614 
3217.403065 0.095470 
3218.367514 0.095213 
3219.331964 0.095267 
3220.296413 0.095358 
3221.260862 0.095008 
3222.225312 0.094767 
3223.189761 0.094624 
3224.154210 0.094464 
3225.118660 0.094393 
3226.083109 0.094437 
3227.047559 0.094478 
3228.012008 0.094458 
3228.976457 0.094142 
3229.940907 0.094063 
3230.905356 0.094018 
3231.869805 0.093752 
3232.834255 0.093476 
3233.798704 0.093176 
3234.763153 0.092892 
3235.727603 0.092743 
3236.692052 0.092708 
3237.656502 0.092568 
3238.620951 0.092310 
3239.585400 0.092315 
3240.549850 0.092298 
3241.514299 0.092115 
3242.478748 0.091933 
3243.443198 0.091706 
3244.407647 0.091718 
3245.372096 0.092002 
3246.336546 0.091719 
3247.300995 0.091373 
3248.265444 0.091277 
3249.229894 0.091220 
3250.194343 0.091151 
3251.158793 0.091059 
3252.123242 0.090943 
3253.087691 0.090903 
3254.052141 0.091209 
3255.016590 0.091128 
3255.981039 0.090622 
3256.945489 0.090577 
3257.909938 0.090550 
3258.874387 0.090329 
3259.838837 0.090198 
3260.803286 0.090154 
3261.767736 0.089919 
3262.732185 0.089844 
3263.696634 0.089775 
3264.661084 0.089704 
3265.625533 0.089678 
3266.589982 0.089553 
3267.554432 0.089482 
3268.518881 0.089560 
3269.483330 0.089556 
3270.447780 0.089502 
3271.412229 0.089351 
3272.376678 0.089301 
3273.341128 0.089522 
3274.305577 0.089622 
3275.270027 0.089291 
3276.234476 0.089531 
3277.198925 0.089545 
3278.163375 0.089141 
3279.127824 0.089009 
3280.092273 0.088881 
3281.056723 0.088693 
3282.021172 0.088782 
3282.985621 0.089278 
3283.950071 0.089491 
3284.914520 0.089034 
3285.878970 0.088614 
3286.843419 0.088462 
3287.807868 0.088511 
3288.772318 0.088707 
3289.736767 0.088720 
3290.701216 0.088728 
3291.665666 0.088840 
3292.630115 0.088760 
3293.594564 0.088684 
3294.559014 0.088351 
3295.523463 0.088135 
3296.487912 0.088090 
3297.452362 0.088391 
3298.416811 0.088533 
3299.381261 0.088303 
3300.345710 0.088168 
3301.310159 0.088016 
3302.274609 0.087981 
3303.239058 0.088101 
3304.203507 0.087946 
3305.167957 0.087818 
3306.132406 0.087812 
3307.096855 0.087810 
3308.061305 0.088055 
3309.025754 0.088390 
3309.990204 0.088366 
3310.954653 0.088249 
3311.919102 0.087817 
3312.883552 0.087656 
3313.848001 0.087546 
3314.812450 0.087260 
3315.776900 0.087189 
3316.741349 0.087344 
3317.705798 0.087372 
3318.670248 0.087114 
3319.634697 0.086909 
3320.599146 0.086862 
3321.563596 0.086856 
3322.528045 0.086892 
3323.492495 0.086983 
3324.456944 0.087153 
3325.421393 0.087055 
3326.385843 0.087057 
3327.350292 0.087221 
3328.314741 0.087029 
3329.279191 0.086816 
3330.243640 0.086758 
3331.208089 0.086633 
3332.172539 0.086470 
3333.136988 0.086489 
3334.101438 0.087040 
3335.065887 0.087350 
3336.030336 0.087321 
3336.994786 0.087796 
3337.959235 0.086924 
3338.923684 0.085935 
3339.888134 0.085925 
3340.852583 0.085967 
3341.817032 0.085930 
3342.781482 0.085661 
3343.745931 0.085352 
3344.710380 0.085286 
3345.674830 0.085411 
3346.639279 0.085410 
3347.603729 0.085474 
3348.568178 0.085621 
3349.532627 0.085559 
3350.497077 0.085357 
3351.461526 0.085278 
3352.425975 0.085192 
3353.390425 0.085197 
3354.354874 0.085393 
3355.319323 0.086010 
3356.283773 0.086281 
3357.248222 0.085770 
3358.212672 0.085200 
3359.177121 0.085149 
3360.141570 0.085257 
3361.106020 0.085482 
3362.070469 0.085987 
3363.034918 0.085379 
3363.999368 0.084884 
3364.963817 0.085064 
3365.928266 0.085110 
3366.892716 0.085305 
3367.857165 0.085699 
3368.821614 0.085370 
3369.786064 0.084697 
3370.750513 0.084275 
3371.714963 0.084151 
3372.679412 0.084173 
3373.643861 0.084255 
3374.608311 0.084359 
3375.572760 0.084272 
3376.537209 0.084038 
3377.501659 0.084072 
3378.466108 0.084283 
3379.430557 0.084193 
3380.395007 0.084013 
3381.359456 0.083876 
3382.323906 0.083932 
3383.288355 0.084266 
3384.252804 0.084741 
3385.217254 0.084753 
3386.181703 0.084333 
3387.146152 0.084034 
3388.110602 0.083989 
3389.075051 0.084135 
3390.039500 0.084247 
3391.003950 0.084468 
3391.968399 0.085452 
3392.932848 0.086757 
3393.897298 0.085666 
3394.861747 0.084239 
3395.826197 0.084318 
3396.790646 0.085620 
3397.755095 0.086274 
3398.719545 0.085168 
3399.683994 0.084673 
3400.648443 0.084904 
3401.612893 0.085041 
3402.577342 0.084643 
3403.541791 0.084722 
3404.506241 0.084703 
3405.470690 0.084533 
3406.435140 0.084603 
3407.399589 0.084729 
3408.364038 0.084682 
3409.328488 0.084690 
3410.292937 0.084811 
3411.257386 0.084993 
3412.221836 0.085143 
3413.186285 0.085289 
3414.150734 0.085193 
3415.115184 0.084967 
3416.079633 0.084929 
3417.044082 0.084830 
3418.008532 0.084966 
3418.972981 0.085749 
3419.937431 0.087460 
3420.901880 0.088355 
3421.866329 0.087426 
3422.830779 0.086843 
3423.795228 0.086128 
3424.759677 0.085302 
3425.724127 0.085068 
3426.688576 0.085366 
3427.653025 0.085734 
3428.617475 0.085819 
3429.581924 0.085633 
3430.546374 0.085826 
3431.510823 0.086088 
3432.475272 0.086101 
3433.439722 0.086155 
3434.404171 0.085995 
3435.368620 0.086011 
3436.333070 0.086402 
3437.297519 0.086428 
3438.261968 0.086208 
3439.226418 0.085857 
3440.190867 0.085462 
3441.155316 0.085627 
3442.119766 0.087014 
3443.084215 0.087829 
3444.048665 0.086627 
3445.013114 0.086724 
3445.977563 0.087565 
3446.942013 0.090223 
3447.906462 0.090326 
3448.870911 0.087044 
3449.835361 0.085607 
3450.799810 0.085258 
3451.764259 0.085327 
3452.728709 0.085380 
3453.693158 0.085386 
3454.657608 0.085385 
3455.622057 0.085787 
3456.586506 0.085959 
3457.550956 0.085987 
3458.515405 0.086547 
3459.479854 0.086678 
3460.444304 0.086743 
3461.408753 0.086943 
3462.373202 0.087322 
3463.337652 0.087177 
3464.302101 0.085951 
3465.266550 0.085913 
3466.231000 0.086721 
3467.195449 0.087525 
3468.159899 0.086326 
3469.124348 0.085343 
3470.088797 0.085507 
3471.053247 0.085856 
3472.017696 0.085476 
3472.982145 0.085292 
3473.946595 0.085682 
3474.911044 0.086553 
3475.875493 0.085961 
3476.839943 0.085002 
3477.804392 0.084850 
3478.768842 0.085285 
3479.733291 0.087005 
3480.697740 0.089090 
3481.662190 0.088903 
3482.626639 0.088692 
3483.591088 0.087088 
3484.555538 0.086256 
3485.519987 0.086606 
3486.484436 0.086391 
3487.448886 0.086919 
3488.413335 0.088304 
3489.377784 0.086564 
3490.342234 0.085531 
3491.306683 0.085926 
3492.271133 0.085553 
3493.235582 0.085144 
3494.200031 0.085425 
3495.164481 0.086380 
3496.128930 0.087200 
3497.093379 0.086958 
3498.057829 0.085652 
3499.022278 0.085637 
3499.986727 0.087131 
3500.951177 0.089616 
3501.915626 0.093644 
3502.880076 0.095249 
3503.844525 0.093133 
3504.808974 0.089723 
3505.773424 0.087136 
3506.737873 0.085686 
3507.702322 0.085923 
3508.666772 0.089403 
3509.631221 0.093993 
3510.595670 0.091273 
3511.560120 0.087921 
3512.524569 0.086903 
3513.489018 0.086422 
3514.453468 0.086065 
3515.417917 0.085857 
3516.382367 0.086201 
3517.346816 0.087278 
3518.311265 0.087718 
3519.275715 0.087888 
3520.240164 0.087442 
3521.204613 0.087376 
3522.169063 0.090391 
3523.133512 0.097652 
3524.097961 0.100047 
3525.062411 0.097092 
3526.026860 0.094669 
3526.991310 0.094773 
3527.955759 0.095260 
3528.920208 0.094078 
3529.884658 0.092572 
3530.849107 0.092043 
3531.813556 0.091786 
3532.778006 0.089938 
3533.742455 0.089416 
3534.706904 0.090237 
3535.671354 0.094496 
3536.635803 0.098800 
3537.600252 0.094687 
3538.564702 0.090882 
3539.529151 0.090689 
3540.493601 0.090823 
3541.458050 0.090971 
3542.422499 0.092078 
3543.386949 0.095195 
3544.351398 0.100371 
3545.315847 0.107074 
3546.280297 0.107159 
3547.244746 0.105642 
3548.209195 0.099609 
3549.173645 0.093998 
3550.138094 0.093217 
3551.102544 0.093988 
3552.066993 0.097946 
3553.031442 0.100339 
3553.995892 0.099290 
3554.960341 0.095848 
3555.924790 0.093110 
3556.889240 0.093172 
3557.853689 0.093779 
3558.818138 0.094729 
3559.782588 0.098692 
3560.747037 0.100485 
3561.711486 0.097512 
3562.675936 0.096397 
3563.640385 0.096317 
3564.604835 0.098680 
3565.569284 0.108142 
3566.533733 0.121048 
3567.498183 0.118381 
3568.462632 0.113756 
3569.427081 0.102546 
3570.391531 0.096930 
3571.355980 0.095052 
3572.320429 0.092580 
3573.284879 0.092303 
3574.249328 0.092633 
3575.213778 0.092621 
3576.178227 0.091895 
3577.142676 0.092593 
3578.107126 0.092094 
3579.071575 0.092444 
3580.036024 0.095458 
3581.000474 0.094918 
3581.964923 0.092342 
3582.929372 0.092280 
3583.893822 0.093212 
3584.858271 0.093666 
3585.822720 0.096825 
3586.787170 0.108335 
3587.751619 0.111568 
3588.716069 0.107931 
3589.680518 0.099689 
3590.644967 0.092684 
3591.609417 0.091008 
3592.573866 0.092745 
3593.538315 0.096840 
3594.502765 0.095991 
3595.467214 0.099440 
3596.431663 0.098243 
3597.396113 0.092897 
3598.360562 0.093452 
3599.325012 0.094113 
3600.289461 0.092774 
3601.253910 0.094157 
3602.218360 0.093935 
3603.182809 0.093391 
3604.147258 0.091474 
3605.111708 0.090474 
3606.076157 0.091681 
3607.040606 0.098959 
3608.005056 0.099695 
3608.969505 0.098817 
3609.933954 0.100360 
3610.898404 0.093738 
3611.862853 0.093176 
3612.827303 0.099636 
3613.791752 0.099106 
3614.756201 0.099208 
3615.720651 0.096289 
3616.685100 0.090890 
3617.649549 0.094436 
3618.613999 0.096084 
3619.578448 0.096163 
3620.542897 0.096776 
3621.507347 0.093020 
3622.471796 0.089436 
3623.436246 0.087898 
3624.400695 0.087501 
3625.365144 0.088217 
3626.329594 0.090760 
3627.294043 0.088894 
3628.258492 0.090970 
3629.222942 0.104124 
3630.187391 0.101769 
3631.151840 0.093467 
3632.116290 0.089141 
3633.080739 0.088804 
3634.045188 0.092188 
3635.009638 0.090343 
3635.974087 0.087421 
3636.938537 0.086467 
3637.902986 0.086762 
3638.867435 0.087314 
3639.831885 0.087202 
3640.796334 0.087948 
3641.760783 0.090430 
3642.725233 0.092238 
3643.689682 0.089640 
3644.654131 0.087797 
3645.618581 0.088123 
3646.583030 0.091629 
3647.547480 0.098180 
3648.511929 0.094948 
3649.476378 0.095035 
3650.440828 0.096756 
3651.405277 0.097373 
3652.369726 0.092482 
3653.334176 0.088834 
3654.298625 0.087129 
3655.263074 0.085284 
3656.227524 0.090020 
3657.191973 0.092486 
3658.156422 0.088485 
3659.120872 0.087815 
3660.085321 0.088313 
3661.049771 0.087723 
3662.014220 0.086945 
3662.978669 0.086966 
3663.943119 0.087001 
3664.907568 0.087313 
3665.872017 0.087494 
3666.836467 0.086719 
3667.800916 0.084716 
3668.765365 0.087283 
3669.729815 0.089201 
3670.694264 0.092221 
3671.658714 0.092513 
3672.623163 0.087555 
3673.587612 0.084791 
3674.552062 0.083657 
3675.516511 0.090089 
3676.480960 0.094851 
3677.445410 0.092338 
3678.409859 0.088442 
3679.374308 0.088747 
3680.338758 0.089840 
3681.303207 0.087989 
3682.267656 0.087165 
3683.232106 0.087025 
3684.196555 0.087677 
3685.161005 0.087905 
3686.125454 0.086674 
3687.089903 0.083814 
3688.054353 0.082722 
3689.018802 0.088718 
3689.983251 0.085983 
3690.947701 0.087900 
3691.912150 0.090878 
3692.876599 0.088475 
3693.841049 0.088293 
3694.805498 0.087961 
3695.769948 0.087849 
3696.734397 0.089127 
3697.698846 0.088463 
3698.663296 0.087993 
3699.627745 0.088124 
3700.592194 0.086327 
3701.556644 0.088817 
3702.521093 0.091466 
3703.485542 0.087806 
3704.449992 0.086739 
3705.414441 0.087910 
3706.378890 0.088800 
3707.343340 0.087309 
3708.307789 0.084065 
3709.272239 0.085099 
3710.236688 0.089389 
3711.201137 0.088019 
3712.165587 0.093004 
3713.130036 0.095934 
3714.094485 0.092748 
3715.058935 0.093585 
3716.023384 0.091130 
3716.987833 0.087769 
3717.952283 0.086982 
3718.916732 0.091013 
3719.881182 0.091935 
3720.845631 0.087724 
3721.810080 0.090683 
3722.774530 0.099331 
3723.738979 0.096308 
3724.703428 0.095957 
3725.667878 0.099161 
3726.632327 0.100499 
3727.596776 0.098508 
3728.561226 0.091808 
3729.525675 0.088417 
3730.490124 0.086154 
3731.454574 0.082525 
3732.419023 0.086025 
3733.383473 0.088596 
3734.347922 0.096238 
3735.312371 0.114901 
3736.276821 0.108569 
3737.241270 0.099097 
3738.205719 0.093363 
3739.170169 0.092514 
3740.134618 0.091001 
3741.099067 0.093499 
3742.063517 0.091930 
3743.027966 0.085880 
3743.992416 0.085288 
3744.956865 0.103466 
3745.921314 0.096097 
3746.885764 0.091622 
3747.850213 0.088250 
3748.814662 0.082553 
3749.779112 0.087520 
3750.743561 0.087147 
3751.708010 0.085865 
3752.672460 0.094991 
3753.636909 0.093442 
3754.601358 0.089934 
3755.565808 0.086794 
3756.530257 0.088826 
3757.494707 0.090777 
3758.459156 0.089984 
3759.423605 0.091752 
3760.388055 0.091174 
3761.352504 0.087675 
3762.316953 0.087575 
3763.281403 0.087935 
3764.245852 0.087721 
3765.210301 0.088980 
3766.174751 0.093438 
3767.139200 0.091140 
3768.103650 0.087704 
3769.068099 0.085262 
3770.032548 0.089382 
3770.996998 0.091596 
3771.961447 0.090002 
3772.925896 0.088872 
3773.890346 0.088402 
3774.854795 0.088096 
3775.819244 0.087924 
3776.783694 0.087894 
3777.748143 0.087241 
3778.712592 0.085521 
3779.677042 0.088828 
3780.641491 0.090205 
3781.605941 0.089037 
3782.570390 0.088999 
3783.534839 0.088049 
3784.499289 0.089787 
3785.463738 0.092311 
3786.428187 0.091686 
3787.392637 0.090297 
3788.357086 0.089195 
3789.321535 0.089190 
3790.285985 0.088759 
3791.250434 0.088202 
3792.214884 0.088269 
3793.179333 0.088414 
3794.143782 0.087990 
3795.108232 0.086038 
3796.072681 0.085872 
3797.037130 0.091313 
3798.001580 0.092555 
3798.966029 0.089609 
3799.930478 0.084389 
3800.894928 0.081800 
3801.859377 0.087351 
3802.823826 0.090756 
3803.788276 0.090011 
3804.752725 0.087451 
3805.717175 0.083638 
3806.681624 0.083523 
3807.646073 0.089661 
3808.610523 0.088765 
3809.574972 0.088203 
3810.539421 0.088480 
3811.503871 0.088430 
3812.468320 0.088312 
3813.432769 0.087749 
3814.397219 0.085069 
3815.361668 0.081606 
3816.326118 0.088028 
3817.290567 0.090337 
3818.255016 0.089116 
3819.219466 0.087475 
3820.183915 0.083693 
3821.148364 0.086433 
3822.112814 0.092910 
3823.077263 0.091424 
3824.041712 0.090229 
3825.006162 0.089147 
3825.970611 0.088143 
3826.935060 0.090512 
3827.899510 0.091395 
3828.863959 0.089979 
3829.828409 0.087991 
3830.792858 0.085583 
3831.757307 0.088646 
3832.721757 0.090127 
3833.686206 0.086791 
3834.650655 0.087729 
3835.615105 0.090677 
3836.579554 0.085179 
3837.544003 0.084777 
3838.508453 0.092720 
3839.472902 0.093147 
3840.437352 0.096301 
3841.401801 0.096258 
3842.366250 0.090840 
3843.330700 0.090982 
3844.295149 0.095362 
3845.259598 0.092433 
3846.224048 0.090327 
3847.188497 0.089753 
3848.152946 0.089747 
3849.117396 0.091531 
3850.081845 0.092228 
3851.046294 0.087718 
3852.010744 0.088403 
3852.975193 0.088792 
3853.939643 0.092229 
3854.904092 0.099516 
3855.868541 0.093170 
3856.832991 0.094937 
3857.797440 0.097570 
3858.761889 0.092826 
3859.726339 0.090111 
3860.690788 0.089447 
3861.655237 0.093278 
3862.619687 0.095266 
3863.584136 0.091308 
3864.548586 0.093946 
3865.513035 0.100013 
3866.477484 0.095660 
3867.441934 0.091168 
3868.406383 0.089340 
3869.370832 0.093658 
3870.335282 0.104547 
3871.299731 0.101623 
3872.264180 0.095367 
3873.228630 0.091915 
3874.193079 0.097636 
3875.157528 0.096518 
3876.121978 0.091652 
3877.086427 0.090895 
3878.050877 0.090454 
3879.015326 0.089708 
3879.979775 0.096204 
3880.944225 0.105878 
3881.908674 0.098659 
3882.873123 0.095569 
3883.837573 0.096973 
3884.802022 0.094621 
3885.766471 0.100180 
3886.730921 0.100371 
3887.695370 0.093160 
3888.659820 0.091099 
3889.624269 0.089991 
3890.588718 0.090951 
3891.553168 0.098933 
3892.517617 0.098556 
3893.482066 0.095980 
3894.446516 0.096937 
3895.410965 0.094071 
3896.375414 0.092118 
3897.339864 0.092983 
3898.304313 0.095884 
3899.268762 0.102300 
3900.233212 0.101049 
3901.197661 0.098235 
3902.162111 0.107387 
3903.126560 0.102928 
3904.091009 0.101787 
3905.055459 0.106085 
3906.019908 0.103762 
3906.984357 0.097689 
3907.948807 0.092521 
3908.913256 0.091503 
3909.877705 0.091186 
3910.842155 0.091255 
3911.806604 0.091407 
3912.771054 0.091759 
3913.735503 0.091980 
3914.699952 0.092276 
3915.664402 0.094542 
3916.628851 0.101740 
3917.593300 0.104144 
3918.557750 0.096909 
3919.522199 0.095960 
3920.486648 0.099496 
3921.451098 0.095473 
3922.415547 0.093397 
3923.379996 0.097214 
3924.344446 0.102724 
3925.308895 0.102881 
3926.273345 0.096721 
3927.237794 0.092952 
3928.202243 0.093068 
3929.166693 0.094281 
3930.131142 0.097657 
3931.095591 0.099983 
3932.060041 0.104073 
3933.024490 0.104868 
3933.988939 0.098932 
3934.953389 0.095148 
3935.917838 0.092882 
3936.882288 0.092759 
3937.846737 0.094240 
3938.811186 0.095313 
3939.775636 0.094232 
3940.740085 0.093696 
3941.704534 0.095913 
3942.668984 0.103900 
3943.633433 0.104555 
3944.597882 0.098530 
3945.562332 0.095160 
3946.526781 0.096128 
3947.491230 0.102411 
3948.455680 0.103383 
3949.420129 0.101135 
3950.384579 0.101194 
3951.349028 0.096558 
3952.313477 0.093698 
3953.277927 0.094006 
3954.242376 0.093914 
3955.206825 0.094245 
3956.171275 0.095357 
3957.135724 0.096500 
3958.100173 0.095998 
3959.064623 0.095350 
3960.029072 0.095312 
3960.993522 0.096714 
3961.957971 0.100012 
3962.922420 0.098214 
3963.886870 0.094894 
3964.851319 0.094514 
3965.815768 0.093695 
3966.780218 0.093243 
3967.744667 0.093818 
3968.709116 0.095909 
3969.673566 0.096643 
3970.638015 0.094813 
3971.602464 0.094671 
3972.566914 0.095489 
3973.531363 0.094883 
3974.495813 0.095837 
3975.460262 0.098105 
3976.424711 0.098175 
3977.389161 0.095294 
3978.353610 0.093594 
3979.318059 0.093906 
3980.282509 0.094559 
3981.246958 0.094695 
3982.211407 0.094761 
3983.175857 0.094166 
3984.140306 0.093667 
3985.104756 0.093901 
3986.069205 0.094030 
3987.033654 0.093717 
3987.998104 0.093814 
3988.962553 0.094836 
3989.927002 0.097070 
3990.891452 0.097995 
3991.855901 0.096152 
3992.820350 0.094827 
3993.784800 0.094790 
3994.749249 0.095553 
3995.713698 0.095652 
3996.678148 0.094357 
3997.642597 0.093991 
3998.607047 0.094054 
3999.571496 0.094150 
4000.535945 0.094172 