##YUNITS=Abs
399.282035 0.107986 
400.246484 0.110511 
401.210934 0.112665 
402.175383 0.113415 
403.139832 0.113912 
404.104282 0.115086 
405.068731 0.112766 
406.033181 0.111925 
406.997630 0.110035 
407.962079 0.106540 
408.926529 0.105497 
409.890978 0.103928 
410.855427 0.102410 
411.819877 0.103334 
412.784326 0.101586 
413.748775 0.098821 
414.713225 0.096688 
415.677674 0.096154 
416.642124 0.096504 
417.606573 0.091434 
418.571022 0.081576 
419.535472 0.081768 
420.499921 0.087096 
421.464370 0.089182 
422.428820 0.088612 
423.393269 0.087228 
424.357718 0.087341 
425.322168 0.087070 
426.286617 0.086477 
427.251066 0.084757 
428.215516 0.084876 
429.179965 0.087209 
430.144415 0.087997 
431.108864 0.088507 
432.073313 0.088072 
433.037763 0.086070 
434.002212 0.085343 
434.966661 0.085093 
435.931111 0.086063 
436.895560 0.088769 
437.860009 0.089224 
438.824459 0.087330 
439.788908 0.086589 
440.753358 0.088213 
441.717807 0.088629 
442.682256 0.087589 
443.646706 0.085592 
444.611155 0.084331 
445.575604 0.084889 
446.540054 0.086513 
447.504503 0.088930 
448.468952 0.088696 
449.433402 0.087451 
450.397851 0.086276 
451.362300 0.085357 
452.326750 0.083916 
453.291199 0.082751 
454.255649 0.082420 
455.220098 0.082119 
456.184547 0.082284 
457.148997 0.081268 
458.113446 0.077154 
459.077895 0.078762 
460.042345 0.080024 
461.006794 0.078811 
461.971243 0.077980 
462.935693 0.079620 
463.900142 0.080034 
464.864592 0.079265 
465.829041 0.079125 
466.793490 0.079512 
467.757940 0.079934 
468.722389 0.080887 
469.686838 0.081450 
470.651288 0.080765 
471.615737 0.079371 
472.580186 0.078683 
473.544636 0.080748 
474.509085 0.081819 
475.473534 0.080448 
476.437984 0.080141 
477.402433 0.080325 
478.366883 0.080033 
479.331332 0.079148 
480.295781 0.077963 
481.260231 0.078163 
482.224680 0.078364 
483.189129 0.076390 
484.153579 0.074211 
485.118028 0.072888 
486.082477 0.072021 
487.046927 0.071918 
488.011376 0.071578 
488.975826 0.070580 
489.940275 0.069800 
490.904724 0.068648 
491.869174 0.067725 
492.833623 0.067439 
493.798072 0.067265 
494.762522 0.066519 
495.726971 0.065737 
496.691420 0.064949 
497.655870 0.064785 
498.620319 0.064069 
499.584768 0.063097 
500.549218 0.062813 
501.513667 0.061987 
502.478117 0.061061 
503.442566 0.061555 
504.407015 0.061584 
505.371465 0.061422 
506.335914 0.060972 
507.300363 0.060713 
508.264813 0.060484 
509.229262 0.060815 
510.193711 0.060654 
511.158161 0.060460 
512.122610 0.060609 
513.087060 0.061305 
514.051509 0.061571 
515.015958 0.061424 
515.980408 0.060534 
516.944857 0.059930 
517.909306 0.060385 
518.873756 0.060487 
519.838205 0.059695 
520.802654 0.059940 
521.767104 0.060869 
522.731553 0.061213 
523.696002 0.061568 
524.660452 0.061867 
525.624901 0.061325 
526.589351 0.062438 
527.553800 0.063464 
528.518249 0.063572 
529.482699 0.064191 
530.447148 0.066759 
531.411597 0.069869 
532.376047 0.069521 
533.340496 0.069056 
534.304945 0.067715 
535.269395 0.064446 
536.233844 0.063412 
537.198294 0.063565 
538.162743 0.063053 
539.127192 0.063520 
540.091642 0.063058 
541.056091 0.062746 
542.020540 0.062487 
542.984990 0.062548 
543.949439 0.062733 
544.913888 0.062333 
545.878338 0.062011 
546.842787 0.062066 
547.807236 0.062324 
548.771686 0.062190 
549.736135 0.061666 
550.700585 0.061962 
551.665034 0.062233 
552.629483 0.062133 
553.593933 0.062187 
554.558382 0.062630 
555.522831 0.062975 
556.487281 0.062696 
557.451730 0.062726 
558.416179 0.063004 
559.380629 0.063281 
560.345078 0.063296 
561.309528 0.063418 
562.273977 0.063746 
563.238426 0.063897 
564.202876 0.063715 
565.167325 0.063516 
566.131774 0.063742 
567.096224 0.064393 
568.060673 0.064493 
569.025122 0.064185 
569.989572 0.063882 
570.954021 0.064034 
571.918470 0.064299 
572.882920 0.064419 
573.847369 0.064200 
574.811819 0.064027 
575.776268 0.063842 
576.740717 0.063917 
577.705167 0.064000 
578.669616 0.063767 
579.634065 0.063618 
580.598515 0.063857 
581.562964 0.063998 
582.527413 0.064092 
583.491863 0.064119 
584.456312 0.064114 
585.420762 0.064158 
586.385211 0.064442 
587.349660 0.065430 
588.314110 0.066208 
589.278559 0.065502 
590.243008 0.064933 
591.207458 0.064810 
592.171907 0.064921 
593.136356 0.065406 
594.100806 0.065650 
595.065255 0.065385 
596.029704 0.065660 
596.994154 0.066139 
597.958603 0.066229 
598.923053 0.066137 
599.887502 0.066091 
600.851951 0.066340 
601.816401 0.066689 
602.780850 0.066742 
603.745299 0.066842 
604.709749 0.067099 
605.674198 0.067444 
606.638647 0.067469 
607.603097 0.067470 
608.567546 0.068018 
609.531996 0.068353 
610.496445 0.068124 
611.460894 0.068357 
612.425344 0.068797 
613.389793 0.069129 
614.354242 0.069215 
615.318692 0.069210 
616.283141 0.069746 
617.247590 0.070890 
618.212040 0.071556 
619.176489 0.071881 
620.140938 0.072483 
621.105388 0.073342 
622.069837 0.074264 
623.034287 0.074924 
623.998736 0.075453 
624.963185 0.075952 
625.927635 0.076593 
626.892084 0.077299 
627.856533 0.078180 
628.820983 0.079198 
629.785432 0.079898 
630.749881 0.079628 
631.714331 0.078245 
632.678780 0.076119 
633.643230 0.073479 
634.607679 0.071141 
635.572128 0.069426 
636.536578 0.068755 
637.501027 0.068564 
638.465476 0.068337 
639.429926 0.067875 
640.394375 0.067708 
641.358824 0.067958 
642.323274 0.068195 
643.287723 0.068134 
644.252172 0.068120 
645.216622 0.068256 
646.181071 0.068338 
647.145521 0.068639 
648.109970 0.069087 
649.074419 0.069090 
650.038869 0.068736 
651.003318 0.068670 
651.967767 0.068831 
652.932217 0.069121 
653.896666 0.069577 
654.861115 0.069917 
655.825565 0.069941 
656.790014 0.070225 
657.754464 0.070692 
658.718913 0.070969 
659.683362 0.071060 
660.647812 0.071109 
661.612261 0.071379 
662.576710 0.071837 
663.541160 0.071949 
664.505609 0.071887 
665.470058 0.072093 
666.434508 0.073124 
667.398957 0.076170 
668.363406 0.081722 
669.327856 0.077365 
670.292305 0.074629 
671.256755 0.074020 
672.221204 0.073875 
673.185653 0.073984 
674.150103 0.074482 
675.114552 0.075052 
676.079001 0.075201 
677.043451 0.075385 
678.007900 0.075632 
678.972349 0.075999 
679.936799 0.076148 
680.901248 0.076454 
681.865698 0.076935 
682.830147 0.077324 
683.794596 0.077642 
684.759046 0.077929 
685.723495 0.078136 
686.687944 0.078657 
687.652394 0.079206 
688.616843 0.079700 
689.581292 0.080407 
690.545742 0.081178 
691.510191 0.081815 
692.474640 0.082394 
693.439090 0.082842 
694.403539 0.083582 
695.367989 0.084571 
696.332438 0.085654 
697.296887 0.086518 
698.261337 0.087315 
699.225786 0.088440 
700.190235 0.089746 
701.154685 0.090777 
702.119134 0.092163 
703.083583 0.093929 
704.048033 0.095731 
705.012482 0.097361 
705.976932 0.099256 
706.941381 0.101584 
707.905830 0.103890 
708.870280 0.106537 
709.834729 0.109690 
710.799178 0.112741 
711.763628 0.116201 
712.728077 0.120191 
713.692526 0.124398 
714.656976 0.128833 
715.621425 0.133732 
716.585874 0.139039 
717.550324 0.144842 
718.514773 0.151233 
719.479223 0.158245 
720.443672 0.166115 
721.408121 0.173839 
722.372571 0.182129 
723.337020 0.191923 
724.301469 0.202849 
725.265919 0.215164 
726.230368 0.229446 
727.194817 0.246293 
728.159267 0.266059 
729.123716 0.289115 
730.088166 0.315946 
731.052615 0.347259 
732.017064 0.383814 
732.981514 0.426155 
733.945963 0.475482 
734.910412 0.533100 
735.874862 0.600597 
736.839311 0.680277 
737.803760 0.773955 
738.768210 0.884400 
739.732659 1.015117 
740.697108 1.171856 
741.661558 1.358548 
742.626007 1.581430 
743.590457 1.849630 
744.554906 2.200217 
745.519355 2.412560 
746.483805 2.340801 
747.448254 2.242554 
748.412703 2.203183 
749.377153 2.174136 
750.341602 2.172403 
751.306051 2.177272 
752.270501 2.185455 
753.234950 2.172521 
754.199400 2.166797 
755.163849 2.169032 
756.128298 2.172445 
757.092748 2.155383 
758.057197 2.166863 
759.021646 2.161824 
759.986096 2.174729 
760.950545 2.174053 
761.914994 2.162704 
762.879444 2.156578 
763.843893 2.160137 
764.808342 2.161534 
765.772792 2.165249 
766.737241 2.148896 
767.701691 2.153800 
768.666140 2.145155 
769.630589 2.156804 
770.595039 2.160123 
771.559488 2.162342 
772.523937 2.158222 
773.488387 2.167714 
774.452836 2.164535 
775.417285 2.169182 
776.381735 2.176854 
777.346184 2.185373 
778.310634 2.172525 
779.275083 2.174105 
780.239532 2.176881 
781.203982 2.178403 
782.168431 2.167631 
783.132880 2.185843 
784.097330 2.187935 
785.061779 2.186527 
786.026228 2.174209 
786.990678 2.177827 
787.955127 2.192835 
788.919576 2.199711 
789.884026 2.184379 
790.848475 2.187422 
791.812925 2.181336 
792.777374 2.176437 
793.741823 2.164400 
794.706273 2.173459 
795.670722 2.177694 
796.635171 2.185673 
797.599621 2.174739 
798.564070 2.173743 
799.528519 2.167651 
800.492969 2.180845 
801.457418 2.193184 
802.421868 2.235527 
803.386317 2.348417 
804.350766 2.248659 
805.315216 1.779664 
806.279665 1.454246 
807.244114 1.210680 
808.208564 1.020816 
809.173013 0.876161 
810.137462 0.767792 
811.101912 0.683768 
812.066361 0.614036 
813.030810 0.551115 
813.995260 0.493372 
814.959709 0.441073 
815.924159 0.395455 
816.888608 0.357586 
817.853057 0.327636 
818.817507 0.303957 
819.781956 0.285463 
820.746405 0.270923 
821.710855 0.259164 
822.675304 0.248797 
823.639753 0.239056 
824.604203 0.229430 
825.568652 0.219900 
826.533102 0.210378 
827.497551 0.200462 
828.462000 0.190375 
829.426450 0.180547 
830.390899 0.171436 
831.355348 0.162855 
832.319798 0.154711 
833.284247 0.147640 
834.248696 0.141506 
835.213146 0.136077 
836.177595 0.131330 
837.142044 0.127452 
838.106494 0.124542 
839.070943 0.122224 
840.035393 0.120158 
840.999842 0.118450 
841.964291 0.117178 
842.928741 0.116316 
843.893190 0.115357 
844.857639 0.113997 
845.822089 0.112544 
846.786538 0.111355 
847.750987 0.110536 
848.715437 0.109796 
849.679886 0.109114 
850.644336 0.108657 
851.608785 0.108385 
852.573234 0.107973 
853.537684 0.107270 
854.502133 0.106602 
855.466582 0.106056 
856.431032 0.105303 
857.395481 0.104357 
858.359930 0.103580 
859.324380 0.102792 
860.288829 0.101953 
861.253278 0.100850 
862.217728 0.099741 
863.182177 0.098901 
864.146627 0.098287 
865.111076 0.097469 
866.075525 0.096519 
867.039975 0.095749 
868.004424 0.095222 
868.968873 0.094677 
869.933323 0.093971 
870.897772 0.093132 
871.862221 0.092384 
872.826671 0.091739 
873.791120 0.090988 
874.755570 0.090189 
875.720019 0.089511 
876.684468 0.088895 
877.648918 0.087983 
878.613367 0.086999 
879.577816 0.086177 
880.542266 0.085501 
881.506715 0.084943 
882.471164 0.084277 
883.435614 0.083795 
884.400063 0.083552 
885.364512 0.083325 
886.328962 0.083035 
887.293411 0.082749 
888.257861 0.082626 
889.222310 0.082748 
890.186759 0.082656 
891.151209 0.082525 
892.115658 0.082602 
893.080107 0.082688 
894.044557 0.082719 
895.009006 0.082690 
895.973455 0.082677 
896.937905 0.082838 
897.902354 0.083021 
898.866804 0.082955 
899.831253 0.082897 
900.795702 0.083071 
901.760152 0.083438 
902.724601 0.083763 
903.689050 0.083755 
904.653500 0.083689 
905.617949 0.083803 
906.582398 0.083846 
907.546848 0.083785 
908.511297 0.083702 
909.475746 0.083695 
910.440196 0.083733 
911.404645 0.083647 
912.369095 0.083569 
913.333544 0.083532 
914.297993 0.083573 
915.262443 0.083635 
916.226892 0.083847 
917.191341 0.084166 
918.155791 0.084498 
919.120240 0.084692 
920.084689 0.084881 
921.049139 0.085162 
922.013588 0.085264 
922.978038 0.085248 
923.942487 0.085062 
924.906936 0.084803 
925.871386 0.084859 
926.835835 0.085053 
927.800284 0.085284 
928.764734 0.085647 
929.729183 0.086336 
930.693632 0.087121 
931.658082 0.087724 
932.622531 0.088447 
933.586980 0.089221 
934.551430 0.088645 
935.515879 0.087022 
936.480329 0.085867 
937.444778 0.085417 
938.409227 0.085171 
939.373677 0.085039 
940.338126 0.084711 
941.302575 0.084469 
942.267025 0.084379 
943.231474 0.084361 
944.195923 0.084322 
945.160373 0.084358 
946.124822 0.084523 
947.089272 0.084701 
948.053721 0.084692 
949.018170 0.084745 
949.982620 0.085088 
950.947069 0.085485 
951.911518 0.085745 
952.875968 0.085993 
953.840417 0.086453 
954.804866 0.087215 
955.769316 0.087899 
956.733765 0.088472 
957.698214 0.089133 
958.662664 0.090090 
959.627113 0.091199 
960.591563 0.092156 
961.556012 0.093141 
962.520461 0.094447 
963.484911 0.095890 
964.449360 0.097275 
965.413809 0.098624 
966.378259 0.100229 
967.342708 0.102055 
968.307157 0.103868 
969.271607 0.105524 
970.236056 0.107241 
971.200506 0.109117 
972.164955 0.111012 
973.129404 0.112625 
974.093854 0.114125 
975.058303 0.115564 
976.022752 0.116857 
976.987202 0.117695 
977.951651 0.118259 
978.916100 0.118715 
979.880550 0.118889 
980.844999 0.118748 
981.809448 0.118314 
982.773898 0.117636 
983.738347 0.116895 
984.702797 0.116076 
985.667246 0.115132 
986.631695 0.114209 
987.596145 0.113616 
988.560594 0.113187 
989.525043 0.112811 
990.489493 0.112616 
991.453942 0.112806 
992.418391 0.113202 
993.382841 0.113720 
994.347290 0.114382 
995.311740 0.115359 
996.276189 0.116603 
997.240638 0.117891 
998.205088 0.119155 
999.169537 0.120554 
1000.133986 0.122063 
1001.098436 0.123491 
1002.062885 0.124601 
1003.027334 0.125495 
1003.991784 0.126223 
1004.956233 0.126796 
1005.920682 0.126958 
1006.885132 0.126777 
1007.849581 0.126383 
1008.814031 0.125674 
1009.778480 0.124575 
1010.742929 0.123262 
1011.707379 0.121857 
1012.671828 0.120445 
1013.636277 0.118876 
1014.600727 0.117047 
1015.565176 0.115101 
1016.529625 0.113291 
1017.494075 0.111416 
1018.458524 0.109411 
1019.422974 0.107405 
1020.387423 0.105544 
1021.351872 0.103790 
1022.316322 0.102144 
1023.280771 0.100593 
1024.245220 0.099360 
1025.209670 0.098369 
1026.174119 0.097349 
1027.138568 0.096356 
1028.103018 0.095594 
1029.067467 0.095026 
1030.031916 0.094470 
1030.996366 0.093816 
1031.960815 0.093294 
1032.925265 0.092997 
1033.889714 0.092675 
1034.854163 0.092221 
1035.818613 0.091812 
1036.783062 0.091588 
1037.747511 0.091450 
1038.711961 0.091197 
1039.676410 0.090968 
1040.640859 0.090878 
1041.605309 0.090935 
1042.569758 0.090993 
1043.534208 0.091001 
1044.498657 0.091062 
1045.463106 0.091358 
1046.427556 0.091649 
1047.392005 0.091793 
1048.356454 0.091856 
1049.320904 0.092154 
1050.285353 0.092544 
1051.249802 0.092766 
1052.214252 0.092923 
1053.178701 0.093212 
1054.143150 0.093657 
1055.107600 0.094095 
1056.072049 0.094340 
1057.036499 0.094700 
1058.000948 0.095167 
1058.965397 0.095592 
1059.929847 0.095920 
1060.894296 0.096202 
1061.858745 0.096543 
1062.823195 0.096910 
1063.787644 0.097070 
1064.752093 0.097071 
1065.716543 0.097200 
1066.680992 0.097347 
1067.645442 0.097335 
1068.609891 0.097175 
1069.574340 0.096915 
1070.538790 0.096724 
1071.503239 0.096541 
1072.467688 0.096215 
1073.432138 0.095785 
1074.396587 0.095483 
1075.361036 0.095197 
1076.325486 0.094774 
1077.289935 0.094195 
1078.254384 0.093677 
1079.218834 0.093360 
1080.183283 0.092996 
1081.147733 0.092477 
1082.112182 0.091949 
1083.076631 0.091571 
1084.041081 0.091323 
1085.005530 0.091116 
1085.969979 0.090956 
1086.934429 0.090882 
1087.898878 0.090869 
1088.863327 0.090853 
1089.827777 0.090762 
1090.792226 0.090742 
1091.756676 0.090844 
1092.721125 0.090885 
1093.685574 0.090939 
1094.650024 0.091190 
1095.614473 0.091528 
1096.578922 0.091742 
1097.543372 0.091887 
1098.507821 0.092124 
1099.472270 0.092493 
1100.436720 0.092782 
1101.401169 0.092973 
1102.365618 0.093144 
1103.330068 0.093464 
1104.294517 0.093843 
1105.258967 0.094128 
1106.223416 0.094258 
1107.187865 0.094377 
1108.152315 0.094563 
1109.116764 0.094688 
1110.081213 0.094670 
1111.045663 0.094688 
1112.010112 0.094686 
1112.974561 0.094519 
1113.939011 0.094142 
1114.903460 0.093653 
1115.867910 0.093156 
1116.832359 0.092615 
1117.796808 0.091961 
1118.761258 0.091284 
1119.725707 0.090676 
1120.690156 0.090126 
1121.654606 0.089583 
1122.619055 0.089115 
1123.583504 0.088755 
1124.547954 0.088450 
1125.512403 0.088078 
1126.476852 0.087643 
1127.441302 0.087355 
1128.405751 0.087202 
1129.370201 0.087008 
1130.334650 0.086569 
1131.299099 0.086066 
1132.263549 0.085797 
1133.227998 0.085586 
1134.192447 0.085303 
1135.156897 0.084965 
1136.121346 0.084831 
1137.085795 0.084778 
1138.050245 0.084655 
1139.014694 0.084423 
1139.979144 0.084334 
1140.943593 0.084460 
1141.908042 0.084607 
1142.872492 0.084688 
1143.836941 0.084755 
1144.801390 0.084990 
1145.765840 0.085224 
1146.730289 0.085332 
1147.694738 0.085444 
1148.659188 0.085676 
1149.623637 0.085994 
1150.588086 0.086151 
1151.552536 0.086088 
1152.516985 0.085965 
1153.481435 0.085970 
1154.445884 0.085954 
1155.410333 0.085878 
1156.374783 0.085884 
1157.339232 0.085970 
1158.303681 0.086037 
1159.268131 0.086044 
1160.232580 0.086041 
1161.197029 0.086251 
1162.161479 0.086559 
1163.125928 0.086805 
1164.090378 0.086901 
1165.054827 0.086801 
1166.019276 0.086400 
1166.983726 0.085939 
1167.948175 0.085581 
1168.912624 0.085415 
1169.877074 0.085402 
1170.841523 0.085428 
1171.805972 0.085271 
1172.770422 0.085076 
1173.734871 0.084964 
1174.699320 0.084909 
1175.663770 0.084885 
1176.628219 0.084869 
1177.592669 0.085032 
1178.557118 0.085443 
1179.521567 0.085861 
1180.486017 0.086274 
1181.450466 0.086471 
1182.414915 0.086204 
1183.379365 0.085940 
1184.343814 0.085922 
1185.308263 0.086105 
1186.272713 0.086431 
1187.237162 0.086826 
1188.201612 0.087221 
1189.166061 0.087656 
1190.130510 0.088300 
1191.094960 0.088941 
1192.059409 0.089566 
1193.023858 0.090241 
1193.988308 0.091059 
1194.952757 0.091938 
1195.917206 0.092762 
1196.881656 0.093538 
1197.846105 0.094421 
1198.810554 0.095392 
1199.775004 0.096382 
1200.739453 0.097244 
1201.703903 0.098154 
1202.668352 0.099114 
1203.632801 0.100088 
1204.597251 0.100950 
1205.561700 0.101763 
1206.526149 0.102697 
1207.490599 0.103667 
1208.455048 0.104516 
1209.419497 0.105253 
1210.383947 0.105933 
1211.348396 0.106609 
1212.312846 0.107194 
1213.277295 0.107629 
1214.241744 0.108103 
1215.206194 0.108670 
1216.170643 0.109140 
1217.135092 0.109398 
1218.099542 0.109316 
1219.063991 0.109118 
1220.028440 0.108859 
1220.992890 0.108511 
1221.957339 0.107975 
1222.921788 0.107424 
1223.886238 0.106911 
1224.850687 0.106320 
1225.815137 0.105542 
1226.779586 0.104788 
1227.744035 0.104165 
1228.708485 0.103633 
1229.672934 0.103161 
1230.637383 0.102951 
1231.601833 0.102994 
1232.566282 0.103198 
1233.530731 0.103465 
1234.495181 0.103824 
1235.459630 0.104355 
1236.424080 0.105015 
1237.388529 0.105687 
1238.352978 0.106468 
1239.317428 0.107431 
1240.281877 0.108594 
1241.246326 0.109814 
1242.210776 0.110954 
1243.175225 0.112035 
1244.139674 0.113261 
1245.104124 0.114512 
1246.068573 0.115590 
1247.033022 0.116416 
1247.997472 0.117123 
1248.961921 0.117728 
1249.926371 0.118145 
1250.890820 0.118395 
1251.855269 0.118611 
1252.819719 0.118762 
1253.784168 0.118712 
1254.748617 0.118430 
1255.713067 0.118001 
1256.677516 0.117336 
1257.641965 0.116437 
1258.606415 0.115237 
1259.570864 0.113699 
1260.535314 0.111794 
1261.499763 0.109759 
1262.464212 0.107503 
1263.428662 0.105023 
1264.393111 0.102585 
1265.357560 0.100398 
1266.322010 0.098458 
1267.286459 0.096781 
1268.250908 0.095357 
1269.215358 0.094256 
1270.179807 0.093314 
1271.144256 0.092428 
1272.108706 0.091543 
1273.073155 0.090906 
1274.037605 0.090349 
1275.002054 0.089708 
1275.966503 0.089059 
1276.930953 0.088577 
1277.895402 0.088223 
1278.859851 0.087839 
1279.824301 0.087378 
1280.788750 0.086932 
1281.753199 0.086497 
1282.717649 0.086108 
1283.682098 0.085663 
1284.646548 0.085315 
1285.610997 0.085101 
1286.575446 0.084833 
1287.539896 0.084453 
1288.504345 0.084191 
1289.468794 0.084108 
1290.433244 0.084028 
1291.397693 0.083888 
1292.362142 0.083788 
1293.326592 0.083714 
1294.291041 0.083742 
1295.255490 0.083756 
1296.219940 0.083676 
1297.184389 0.083693 
1298.148839 0.083900 
1299.113288 0.083990 
1300.077737 0.083979 
1301.042187 0.084025 
1302.006636 0.084180 
1302.971085 0.084347 
1303.935535 0.084460 
1304.899984 0.084543 
1305.864433 0.084717 
1306.828883 0.084897 
1307.793332 0.085020 
1308.757782 0.085051 
1309.722231 0.085205 
1310.686680 0.085411 
1311.651130 0.085515 
1312.615579 0.085468 
1313.580028 0.085516 
1314.544478 0.085705 
1315.508927 0.085912 
1316.473376 0.085865 
1317.437826 0.085768 
1318.402275 0.085809 
1319.366724 0.085859 
1320.331174 0.085877 
1321.295623 0.085826 
1322.260073 0.085768 
1323.224522 0.085790 
1324.188971 0.085793 
1325.153421 0.085700 
1326.117870 0.085617 
1327.082319 0.085659 
1328.046769 0.085759 
1329.011218 0.085815 
1329.975667 0.085794 
1330.940117 0.085841 
1331.904566 0.085933 
1332.869016 0.085946 
1333.833465 0.085862 
1334.797914 0.085854 
1335.762364 0.085861 
1336.726813 0.085695 
1337.691262 0.085462 
1338.655712 0.085260 
1339.620161 0.085056 
1340.584610 0.085124 
1341.549060 0.085304 
1342.513509 0.085423 
1343.477958 0.085425 
1344.442408 0.085481 
1345.406857 0.085410 
1346.371307 0.085260 
1347.335756 0.085251 
1348.300205 0.085344 
1349.264655 0.085400 
1350.229104 0.085458 
1351.193553 0.085440 
1352.158003 0.085542 
1353.122452 0.085685 
1354.086901 0.085723 
1355.051351 0.085644 
1356.015800 0.085713 
1356.980250 0.085750 
1357.944699 0.085737 
1358.909148 0.085694 
1359.873598 0.085719 
1360.838047 0.085704 
1361.802496 0.085672 
1362.766946 0.085520 
1363.731395 0.085408 
1364.695844 0.085844 
1365.660294 0.086154 
1366.624743 0.086229 
1367.589192 0.086276 
1368.553642 0.086237 
1369.518091 0.086316 
1370.482541 0.086433 
1371.446990 0.086479 
1372.411439 0.086460 
1373.375889 0.086342 
1374.340338 0.086050 
1375.304787 0.086130 
1376.269237 0.086397 
1377.233686 0.086530 
1378.198135 0.086381 
1379.162585 0.086306 
1380.127034 0.086335 
1381.091484 0.086461 
1382.055933 0.086671 
1383.020382 0.086951 
1383.984832 0.087112 
1384.949281 0.087045 
1385.913730 0.086626 
1386.878180 0.086023 
1387.842629 0.085438 
1388.807078 0.085594 
1389.771528 0.085830 
1390.735977 0.085814 
1391.700426 0.085807 
1392.664876 0.085889 
1393.629325 0.085898 
1394.593775 0.085664 
1395.558224 0.085647 
1396.522673 0.086040 
1397.487123 0.086326 
1398.451572 0.086551 
1399.416021 0.086629 
1400.380471 0.086820 
1401.344920 0.087148 
1402.309369 0.087393 
1403.273819 0.087413 
1404.238268 0.087288 
1405.202718 0.087125 
1406.167167 0.087313 
1407.131616 0.087465 
1408.096066 0.087403 
1409.060515 0.087381 
1410.024964 0.087423 
1410.989414 0.087505 
1411.953863 0.087574 
1412.918312 0.087601 
1413.882762 0.087711 
1414.847211 0.087804 
1415.811660 0.087753 
1416.776110 0.087558 
1417.740559 0.087493 
1418.705009 0.087595 
1419.669458 0.087553 
1420.633907 0.088031 
1421.598357 0.088524 
1422.562806 0.088674 
1423.527255 0.088718 
1424.491705 0.088598 
1425.456154 0.088816 
1426.420603 0.089033 
1427.385053 0.089149 
1428.349502 0.089113 
1429.313952 0.089082 
1430.278401 0.088967 
1431.242850 0.089006 
1432.207300 0.089088 
1433.171749 0.088918 
1434.136198 0.088735 
1435.100648 0.088576 
1436.065097 0.088390 
1437.029546 0.087847 
1437.993996 0.087943 
1438.958445 0.088261 
1439.922894 0.088265 
1440.887344 0.088211 
1441.851793 0.088110 
1442.816243 0.088162 
1443.780692 0.088266 
1444.745141 0.088338 
1445.709591 0.088316 
1446.674040 0.088308 
1447.638489 0.088249 
1448.602939 0.088122 
1449.567388 0.088255 
1450.531837 0.088467 
1451.496287 0.088539 
1452.460736 0.088640 
1453.425186 0.088577 
1454.389635 0.088453 
1455.354084 0.088239 
1456.318534 0.088063 
1457.282983 0.087317 
1458.247432 0.087661 
1459.211882 0.088053 
1460.176331 0.088493 
1461.140780 0.088771 
1462.105230 0.088878 
1463.069679 0.088835 
1464.034128 0.088912 
1464.998578 0.088766 
1465.963027 0.088623 
1466.927477 0.088764 
1467.891926 0.088904 
1468.856375 0.089087 
1469.820825 0.089224 
1470.785274 0.089220 
1471.749723 0.089037 
1472.714173 0.088280 
1473.678622 0.088222 
1474.643071 0.088313 
1475.607521 0.088587 
1476.571970 0.088468 
1477.536420 0.088638 
1478.500869 0.088887 
1479.465318 0.088998 
1480.429768 0.089198 
1481.394217 0.089399 
1482.358666 0.089519 
1483.323116 0.089806 
1484.287565 0.090065 
1485.252014 0.090272 
1486.216464 0.090432 
1487.180913 0.090806 
1488.145362 0.090999 
1489.109812 0.091165 
1490.074261 0.091305 
1491.038711 0.092051 
1492.003160 0.092878 
1492.967609 0.093597 
1493.932059 0.094175 
1494.896508 0.094699 
1495.860957 0.095272 
1496.825407 0.096124 
1497.789856 0.096838 
1498.754305 0.097710 
1499.718755 0.098410 
1500.683204 0.099292 
1501.647654 0.100274 
1502.612103 0.101323 
1503.576552 0.102227 
1504.541002 0.103113 
1505.505451 0.103839 
1506.469900 0.104188 
1507.434350 0.104546 
1508.398799 0.106231 
1509.363248 0.107696 
1510.327698 0.109138 
1511.292147 0.110164 
1512.256596 0.111402 
1513.221046 0.112567 
1514.185495 0.113410 
1515.149945 0.114068 
1516.114394 0.114562 
1517.078843 0.115612 
1518.043293 0.117323 
1519.007742 0.118007 
1519.972191 0.118624 
1520.936641 0.119464 
1521.901090 0.120741 
1522.865539 0.121962 
1523.829989 0.122621 
1524.794438 0.123275 
1525.758888 0.124585 
1526.723337 0.125655 
1527.687786 0.126920 
1528.652236 0.128570 
1529.616685 0.130274 
1530.581134 0.131693 
1531.545584 0.133463 
1532.510033 0.135104 
1533.474482 0.137662 
1534.438932 0.140428 
1535.403381 0.142490 
1536.367830 0.144983 
1537.332280 0.147305 
1538.296729 0.149267 
1539.261179 0.152820 
1540.225628 0.156184 
1541.190077 0.157906 
1542.154527 0.160421 
1543.118976 0.163071 
1544.083425 0.164403 
1545.047875 0.166456 
1546.012324 0.168478 
1546.976773 0.169857 
1547.941223 0.170798 
1548.905672 0.171271 
1549.870122 0.171278 
1550.834571 0.171218 
1551.799020 0.171032 
1552.763470 0.170495 
1553.727919 0.169731 
1554.692368 0.168164 
1555.656818 0.166470 
1556.621267 0.165640 
1557.585716 0.164669 
1558.550166 0.160932 
1559.514615 0.157683 
1560.479064 0.154847 
1561.443514 0.153254 
1562.407963 0.151696 
1563.372413 0.149684 
1564.336862 0.147783 
1565.301311 0.145166 
1566.265761 0.143147 
1567.230210 0.141643 
1568.194659 0.140260 
1569.159109 0.139039 
1570.123558 0.136885 
1571.088007 0.135867 
1572.052457 0.135264 
1573.016906 0.134538 
1573.981356 0.133887 
1574.945805 0.133426 
1575.910254 0.133302 
1576.874704 0.132109 
1577.839153 0.131783 
1578.803602 0.131801 
1579.768052 0.131705 
1580.732501 0.131360 
1581.696950 0.130944 
1582.661400 0.130513 
1583.625849 0.130064 
1584.590298 0.129471 
1585.554748 0.128690 
1586.519197 0.127773 
1587.483647 0.126744 
1588.448096 0.125553 
1589.412545 0.124240 
1590.376995 0.122813 
1591.341444 0.121441 
1592.305893 0.119928 
1593.270343 0.118358 
1594.234792 0.116690 
1595.199241 0.114906 
1596.163691 0.113279 
1597.128140 0.111719 
1598.092590 0.110198 
1599.057039 0.108652 
1600.021488 0.107133 
1600.985938 0.105768 
1601.950387 0.104415 
1602.914836 0.103169 
1603.879286 0.101911 
1604.843735 0.100864 
1605.808184 0.099896 
1606.772634 0.098972 
1607.737083 0.098104 
1608.701532 0.097497 
1609.665982 0.096878 
1610.630431 0.096182 
1611.594881 0.095605 
1612.559330 0.095038 
1613.523779 0.094596 
1614.488229 0.094227 
1615.452678 0.094012 
1616.417127 0.093851 
1617.381577 0.092961 
1618.346026 0.092727 
1619.310475 0.092620 
1620.274925 0.092326 
1621.239374 0.092117 
1622.203824 0.091924 
1623.168273 0.091748 
1624.132722 0.091109 
1625.097172 0.091079 
1626.061621 0.091109 
1627.026070 0.091081 
1627.990520 0.090799 
1628.954969 0.090418 
1629.919418 0.090478 
1630.883868 0.090474 
1631.848317 0.090383 
1632.812766 0.090278 
1633.777216 0.090151 
1634.741665 0.090006 
1635.706115 0.089217 
1636.670564 0.089239 
1637.635013 0.089619 
1638.599463 0.089664 
1639.563912 0.089815 
1640.528361 0.089833 
1641.492811 0.089840 
1642.457260 0.089834 
1643.421709 0.089779 
1644.386159 0.089737 
1645.350608 0.089710 
1646.315058 0.089152 
1647.279507 0.088969 
1648.243956 0.089279 
1649.208406 0.089326 
1650.172855 0.089546 
1651.137304 0.089685 
1652.101754 0.089854 
1653.066203 0.087790 
1654.030652 0.087811 
1654.995102 0.088711 
1655.959551 0.089137 
1656.924000 0.089301 
1657.888450 0.089199 
1658.852899 0.089177 
1659.817349 0.089143 
1660.781798 0.088989 
1661.746247 0.088925 
1662.710697 0.089087 
1663.675146 0.088782 
1664.639595 0.088672 
1665.604045 0.088558 
1666.568494 0.088438 
1667.532943 0.088324 
1668.497393 0.088285 
1669.461842 0.088074 
1670.426292 0.087766 
1671.390741 0.087965 
1672.355190 0.087742 
1673.319640 0.087591 
1674.284089 0.087576 
1675.248538 0.087605 
1676.212988 0.087163 
1677.177437 0.087260 
1678.141886 0.087244 
1679.106336 0.087103 
1680.070785 0.086889 
1681.035234 0.086605 
1681.999684 0.086589 
1682.964133 0.086393 
1683.928583 0.085302 
1684.893032 0.085467 
1685.857481 0.086173 
1686.821931 0.086362 
1687.786380 0.086330 
1688.750829 0.086158 
1689.715279 0.086183 
1690.679728 0.086193 
1691.644177 0.086180 
1692.608627 0.086157 
1693.573076 0.085938 
1694.537526 0.085712 
1695.501975 0.085517 
1696.466424 0.085089 
1697.430874 0.085253 
1698.395323 0.085344 
1699.359772 0.085386 
1700.324222 0.084751 
1701.288671 0.084456 
1702.253120 0.084981 
1703.217570 0.085172 
1704.182019 0.085301 
1705.146468 0.085101 
1706.110918 0.085210 
1707.075367 0.085167 
1708.039817 0.085234 
1709.004266 0.085383 
1709.968715 0.085378 
1710.933165 0.085267 
1711.897614 0.085293 
1712.862063 0.085314 
1713.826513 0.085271 
1714.790962 0.085149 
1715.755411 0.084764 
1716.719861 0.084663 
1717.684310 0.084304 
1718.648760 0.084222 
1719.613209 0.084713 
1720.577658 0.085031 
1721.542108 0.085203 
1722.506557 0.085110 
1723.471006 0.085042 
1724.435456 0.085040 
1725.399905 0.085165 
1726.364354 0.085136 
1727.328804 0.085113 
1728.293253 0.085046 
1729.257702 0.085073 
1730.222152 0.085007 
1731.186601 0.084934 
1732.151051 0.084955 
1733.115500 0.084838 
1734.079949 0.084132 
1735.044399 0.084326 
1736.008848 0.084765 
1736.973297 0.085068 
1737.937747 0.085111 
1738.902196 0.085162 
1739.866645 0.085187 
1740.831095 0.085112 
1741.795544 0.085220 
1742.759994 0.085173 
1743.724443 0.084848 
1744.688892 0.084860 
1745.653342 0.085056 
1746.617791 0.085105 
1747.582240 0.085020 
1748.546690 0.085051 
1749.511139 0.084840 
1750.475588 0.084755 
1751.440038 0.084657 
1752.404487 0.084507 
1753.368936 0.084787 
1754.333386 0.084941 
1755.297835 0.084952 
1756.262285 0.084885 
1757.226734 0.084676 
1758.191183 0.084580 
1759.155633 0.084820 
1760.120082 0.084803 
1761.084531 0.084734 
1762.048981 0.084592 
1763.013430 0.084606 
1763.977879 0.084847 
1764.942329 0.084938 
1765.906778 0.084910 
1766.871228 0.084796 
1767.835677 0.084689 
1768.800126 0.084540 
1769.764576 0.084630 
1770.729025 0.084882 
1771.693474 0.084815 
1772.657924 0.084770 
1773.622373 0.084611 
1774.586822 0.084852 
1775.551272 0.085041 
1776.515721 0.084970 
1777.480170 0.085033 
1778.444620 0.085087 
1779.409069 0.085040 
1780.373519 0.085157 
1781.337968 0.085168 
1782.302417 0.085280 
1783.266867 0.085363 
1784.231316 0.085414 
1785.195765 0.085469 
1786.160215 0.085537 
1787.124664 0.085735 
1788.089113 0.085780 
1789.053563 0.085684 
1790.018012 0.085586 
1790.982462 0.085477 
1791.946911 0.085444 
1792.911360 0.085542 
1793.875810 0.085411 
1794.840259 0.085613 
1795.804708 0.085697 
1796.769158 0.085757 
1797.733607 0.085790 
1798.698056 0.085879 
1799.662506 0.085968 
1800.626955 0.085756 
1801.591404 0.085684 
1802.555854 0.085795 
1803.520303 0.085945 
1804.484753 0.086061 
1805.449202 0.086026 
1806.413651 0.086029 
1807.378101 0.086119 
1808.342550 0.086119 
1809.306999 0.086095 
1810.271449 0.086128 
1811.235898 0.085982 
1812.200347 0.085947 
1813.164797 0.086037 
1814.129246 0.086122 
1815.093696 0.086201 
1816.058145 0.086246 
1817.022594 0.086292 
1817.987044 0.086283 
1818.951493 0.086296 
1819.915942 0.086329 
1820.880392 0.086335 
1821.844841 0.086256 
1822.809290 0.086158 
1823.773740 0.086057 
1824.738189 0.086170 
1825.702638 0.086142 
1826.667088 0.086076 
1827.631537 0.086134 
1828.595987 0.086076 
1829.560436 0.086097 
1830.524885 0.085923 
1831.489335 0.086009 
1832.453784 0.086160 
1833.418233 0.086189 
1834.382683 0.086264 
1835.347132 0.086254 
1836.311581 0.086209 
1837.276031 0.086298 
1838.240480 0.086330 
1839.204930 0.086379 
1840.169379 0.086400 
1841.133828 0.086397 
1842.098278 0.086285 
1843.062727 0.086129 
1844.027176 0.086393 
1844.991626 0.086256 
1845.956075 0.086257 
1846.920524 0.086354 
1847.884974 0.086373 
1848.849423 0.086465 
1849.813872 0.086616 
1850.778322 0.086675 
1851.742771 0.086654 
1852.707221 0.086659 
1853.671670 0.086713 
1854.636119 0.086769 
1855.600569 0.086796 
1856.565018 0.086824 
1857.529467 0.086851 
1858.493917 0.086908 
1859.458366 0.086915 
1860.422815 0.086832 
1861.387265 0.086771 
1862.351714 0.086790 
1863.316164 0.086849 
1864.280613 0.086815 
1865.245062 0.086776 
1866.209512 0.086718 
1867.173961 0.086590 
1868.138410 0.086462 
1869.102860 0.086492 
1870.067309 0.086483 
1871.031758 0.086545 
1871.996208 0.086656 
1872.960657 0.086653 
1873.925106 0.086728 
1874.889556 0.086793 
1875.854005 0.086776 
1876.818455 0.086701 
1877.782904 0.086733 
1878.747353 0.086770 
1879.711803 0.086831 
1880.676252 0.086824 
1881.640701 0.086854 
1882.605151 0.086921 
1883.569600 0.086943 
1884.534049 0.086927 
1885.498499 0.086927 
1886.462948 0.086961 
1887.427398 0.087000 
1888.391847 0.086923 
1889.356296 0.086972 
1890.320746 0.086929 
1891.285195 0.087042 
1892.249644 0.087131 
1893.214094 0.087103 
1894.178543 0.087055 
1895.142992 0.087078 
1896.107442 0.087116 
1897.071891 0.087238 
1898.036340 0.087288 
1899.000790 0.087316 
1899.965239 0.087372 
1900.929689 0.087341 
1901.894138 0.087290 
1902.858587 0.087375 
1903.823037 0.087449 
1904.787486 0.087389 
1905.751935 0.087329 
1906.716385 0.087290 
1907.680834 0.087311 
1908.645283 0.087224 
1909.609733 0.087208 
1910.574182 0.087182 
1911.538632 0.087239 
1912.503081 0.087334 
1913.467530 0.087377 
1914.431980 0.087412 
1915.396429 0.087462 
1916.360878 0.087384 
1917.325328 0.087327 
1918.289777 0.087298 
1919.254226 0.087218 
1920.218676 0.087375 
1921.183125 0.087285 
1922.147574 0.087244 
1923.112024 0.087237 
1924.076473 0.087279 
1925.040923 0.087395 
1926.005372 0.087436 
1926.969821 0.087412 
1927.934271 0.087465 
1928.898720 0.087464 
1929.863169 0.087458 
1930.827619 0.087446 
1931.792068 0.087455 
1932.756517 0.087480 
1933.720967 0.087505 
1934.685416 0.087476 
1935.649866 0.087489 
1936.614315 0.087516 
1937.578764 0.087532 
1938.543214 0.087462 
1939.507663 0.087448 
1940.472112 0.087463 
1941.436562 0.087427 
1942.401011 0.087418 
1943.365460 0.087337 
1944.329910 0.087427 
1945.294359 0.087551 
1946.258808 0.087518 
1947.223258 0.087571 
1948.187707 0.087721 
1949.152157 0.088136 
1950.116606 0.088300 
1951.081055 0.087959 
1952.045505 0.087731 
1953.009954 0.087737 
1953.974403 0.087718 
1954.938853 0.087771 
1955.903302 0.087931 
1956.867751 0.088607 
1957.832201 0.091239 
1958.796650 0.094695 
1959.761100 0.092544 
1960.725549 0.088996 
1961.689998 0.088063 
1962.654448 0.087925 
1963.618897 0.087910 
1964.583346 0.087892 
1965.547796 0.087847 
1966.512245 0.087763 
1967.476694 0.087722 
1968.441144 0.087738 
1969.405593 0.087854 
1970.370042 0.087917 
1971.334492 0.087950 
1972.298941 0.087992 
1973.263391 0.088075 
1974.227840 0.088106 
1975.192289 0.088063 
1976.156739 0.088063 
1977.121188 0.088125 
1978.085637 0.088168 
1979.050087 0.088184 
1980.014536 0.088205 
1980.978985 0.088263 
1981.943435 0.088376 
1982.907884 0.088426 
1983.872334 0.088373 
1984.836783 0.088309 
1985.801232 0.088392 
1986.765682 0.088441 
1987.730131 0.088434 
1988.694580 0.088433 
1989.659030 0.088473 
1990.623479 0.088515 
1991.587928 0.088593 
1992.552378 0.088592 
1993.516827 0.088659 
1994.481276 0.088820 
1995.445726 0.088911 
1996.410175 0.088930 
1997.374625 0.088945 
1998.339074 0.089018 
1999.303523 0.089080 
2000.267973 0.089097 
2001.232422 0.089112 
2002.196871 0.089139 
2003.161321 0.089189 
2004.125770 0.089230 
2005.090219 0.089224 
2006.054669 0.089227 
2007.019118 0.089286 
2007.983568 0.089320 
2008.948017 0.089299 
2009.912466 0.089300 
2010.876916 0.089342 
2011.841365 0.089371 
2012.805814 0.089345 
2013.770264 0.089332 
2014.734713 0.089336 
2015.699162 0.089321 
2016.663612 0.089311 
2017.628061 0.089284 
2018.592510 0.089456 
2019.556960 0.089571 
2020.521409 0.089471 
2021.485859 0.089396 
2022.450308 0.089391 
2023.414757 0.089416 
2024.379207 0.089454 
2025.343656 0.089486 
2026.308105 0.089566 
2027.272555 0.089856 
2028.237004 0.090778 
2029.201453 0.091307 
2030.165903 0.090342 
2031.130352 0.089619 
2032.094802 0.089533 
2033.059251 0.089543 
2034.023700 0.089465 
2034.988150 0.089449 
2035.952599 0.089471 
2036.917048 0.089469 
2037.881498 0.089445 
2038.845947 0.089435 
2039.810396 0.089443 
2040.774846 0.089426 
2041.739295 0.089392 
2042.703744 0.089423 
2043.668194 0.089466 
2044.632643 0.089436 
2045.597093 0.089422 
2046.561542 0.089419 
2047.525991 0.089402 
2048.490441 0.089427 
2049.454890 0.089453 
2050.419339 0.089404 
2051.383789 0.089364 
2052.348238 0.089400 
2053.312687 0.089421 
2054.277137 0.089393 
2055.241586 0.089332 
2056.206036 0.089327 
2057.170485 0.089369 
2058.134934 0.089347 
2059.099384 0.089282 
2060.063833 0.089277 
2061.028282 0.089276 
2061.992732 0.089268 
2062.957181 0.089253 
2063.921630 0.089223 
2064.886080 0.089212 
2065.850529 0.089172 
2066.814978 0.089150 
2067.779428 0.089152 
2068.743877 0.089158 
2069.708327 0.089128 
2070.672776 0.089115 
2071.637225 0.089089 
2072.601675 0.089092 
2073.566124 0.089140 
2074.530573 0.089151 
2075.495023 0.089125 
2076.459472 0.089123 
2077.423921 0.089153 
2078.388371 0.089129 
2079.352820 0.089085 
2080.317270 0.089080 
2081.281719 0.089112 
2082.246168 0.089125 
2083.210618 0.089102 
2084.175067 0.089079 
2085.139516 0.089089 
2086.103966 0.089128 
2087.068415 0.089129 
2088.032864 0.089116 
2088.997314 0.089130 
2089.961763 0.089171 
2090.926212 0.089182 
2091.890662 0.089170 
2092.855111 0.089191 
2093.819561 0.089260 
2094.784010 0.089273 
2095.748459 0.089241 
2096.712909 0.089242 
2097.677358 0.089325 
2098.641807 0.089381 
2099.606257 0.089398 
2100.570706 0.089370 
2101.535155 0.089365 
2102.499605 0.089443 
2103.464054 0.089490 
2104.428504 0.089493 
2105.392953 0.089493 
2106.357402 0.089536 
2107.321852 0.089566 
2108.286301 0.089556 
2109.250750 0.089557 
2110.215200 0.089586 
2111.179649 0.089657 
2112.144098 0.089734 
2113.108548 0.089707 
2114.072997 0.089664 
2115.037446 0.089715 
2116.001896 0.089765 
2116.966345 0.089769 
2117.930795 0.089791 
2118.895244 0.089847 
2119.859693 0.089875 
2120.824143 0.089858 
2121.788592 0.089861 
2122.753041 0.089898 
2123.717491 0.089933 
2124.681940 0.089979 
2125.646389 0.090003 
2126.610839 0.090024 
2127.575288 0.090063 
2128.539738 0.090113 
2129.504187 0.090147 
2130.468636 0.090156 
2131.433086 0.090187 
2132.397535 0.090204 
2133.361984 0.090232 
2134.326434 0.090260 
2135.290883 0.090287 
2136.255332 0.090297 
2137.219782 0.090312 
2138.184231 0.090297 
2139.148680 0.090307 
2140.113130 0.090319 
2141.077579 0.090310 
2142.042029 0.090344 
2143.006478 0.090366 
2143.970927 0.090387 
2144.935377 0.090403 
2145.899826 0.090391 
2146.864275 0.090404 
2147.828725 0.090427 
2148.793174 0.090448 
2149.757623 0.090423 
2150.722073 0.090430 
2151.686522 0.090469 
2152.650972 0.090466 
2153.615421 0.090460 
2154.579870 0.090477 
2155.544320 0.090467 
2156.508769 0.090456 
2157.473218 0.090445 
2158.437668 0.090453 
2159.402117 0.090486 
2160.366566 0.090507 
2161.331016 0.090473 
2162.295465 0.090438 
2163.259914 0.090445 
2164.224364 0.090483 
2165.188813 0.090478 
2166.153263 0.090461 
2167.117712 0.090462 
2168.082161 0.090477 
2169.046611 0.090468 
2170.011060 0.090437 
2170.975509 0.090423 
2171.939959 0.090483 
2172.904408 0.090508 
2173.868857 0.090514 
2174.833307 0.090515 
2175.797756 0.090499 
2176.762206 0.090534 
2177.726655 0.090599 
2178.691104 0.090596 
2179.655554 0.090554 
2180.620003 0.090496 
2181.584452 0.090521 
2182.548902 0.090578 
2183.513351 0.090546 
2184.477800 0.090541 
2185.442250 0.090561 
2186.406699 0.090569 
2187.371148 0.090566 
2188.335598 0.090568 
2189.300047 0.090592 
2190.264497 0.090559 
2191.228946 0.090534 
2192.193395 0.090560 
2193.157845 0.090621 
2194.122294 0.090646 
2195.086743 0.090625 
2196.051193 0.090622 
2197.015642 0.090674 
2197.980091 0.090685 
2198.944541 0.090677 
2199.908990 0.090681 
2200.873440 0.090719 
2201.837889 0.090759 
2202.802338 0.090799 
2203.766788 0.090773 
2204.731237 0.090778 
2205.695686 0.090810 
2206.660136 0.090860 
2207.624585 0.090863 
2208.589034 0.090894 
2209.553484 0.090970 
2210.517933 0.091013 
2211.482382 0.090998 
2212.446832 0.091006 
2213.411281 0.091061 
2214.375731 0.091088 
2215.340180 0.091109 
2216.304629 0.091153 
2217.269079 0.091185 
2218.233528 0.091247 
2219.197977 0.091263 
2220.162427 0.091278 
2221.126876 0.091325 
2222.091325 0.091395 
2223.055775 0.091433 
2224.020224 0.091457 
2224.984674 0.091454 
2225.949123 0.091496 
2226.913572 0.091552 
2227.878022 0.091651 
2228.842471 0.091669 
2229.806920 0.091680 
2230.771370 0.091725 
2231.735819 0.091825 
2232.700268 0.091857 
2233.664718 0.091915 
2234.629167 0.091978 
2235.593616 0.092025 
2236.558066 0.092037 
2237.522515 0.092091 
2238.486965 0.092140 
2239.451414 0.092235 
2240.415863 0.092287 
2241.380313 0.092379 
2242.344762 0.092434 
2243.309211 0.092522 
2244.273661 0.092562 
2245.238110 0.092631 
2246.202559 0.092730 
2247.167009 0.092841 
2248.131458 0.092886 
2249.095908 0.092954 
2250.060357 0.092984 
2251.024806 0.093016 
2251.989256 0.093109 
2252.953705 0.093235 
2253.918154 0.093304 
2254.882604 0.093405 
2255.847053 0.093508 
2256.811502 0.093592 
2257.775952 0.093684 
2258.740401 0.093813 
2259.704850 0.093911 
2260.669300 0.094014 
2261.633749 0.094076 
2262.598199 0.094158 
2263.562648 0.094295 
2264.527097 0.094401 
2265.491547 0.094469 
2266.455996 0.094592 
2267.420445 0.094719 
2268.384895 0.094811 
2269.349344 0.094836 
2270.313793 0.094904 
2271.278243 0.095040 
2272.242692 0.095161 
2273.207142 0.095220 
2274.171591 0.095321 
2275.136040 0.095385 
2276.100490 0.095452 
2277.064939 0.095525 
2278.029388 0.095641 
2278.993838 0.095675 
2279.958287 0.095774 
2280.922736 0.095839 
2281.887186 0.095901 
2282.851635 0.095908 
2283.816084 0.096020 
2284.780534 0.096121 
2285.744983 0.096209 
2286.709433 0.096329 
2287.673882 0.096441 
2288.638331 0.096554 
2289.602781 0.096715 
2290.567230 0.096688 
2291.531679 0.096831 
2292.496129 0.096817 
2293.460578 0.097015 
2294.425027 0.096994 
2295.389477 0.097101 
2296.353926 0.097222 
2297.318376 0.097168 
2298.282825 0.097344 
2299.247274 0.097211 
2300.211724 0.097531 
2301.176173 0.097583 
2302.140622 0.097626 
2303.105072 0.097691 
2304.069521 0.097579 
2305.033970 0.098097 
2305.998420 0.097948 
2306.962869 0.098656 
2307.927318 0.098302 
2308.891768 0.099177 
2309.856217 0.098834 
2310.820667 0.099509 
2311.785116 0.099274 
2312.749565 0.099716 
2313.714015 0.099705 
2314.678464 0.099728 
2315.642913 0.099902 
2316.607363 0.100187 
2317.571812 0.100680 
2318.536261 0.100881 
2319.500711 0.101479 
2320.465160 0.101641 
2321.429610 0.102428 
2322.394059 0.102399 
2323.358508 0.103009 
2324.322958 0.102771 
2325.287407 0.103203 
2326.251856 0.103220 
2327.216306 0.103856 
2328.180755 0.103720 
2329.145204 0.104349 
2330.109654 0.104362 
2331.074103 0.104813 
2332.038552 0.104588 
2333.003002 0.104759 
2333.967451 0.104594 
2334.931901 0.104755 
2335.896350 0.104968 
2336.860799 0.105449 
2337.825249 0.104971 
2338.789698 0.105245 
2339.754147 0.105483 
2340.718597 0.105768 
2341.683046 0.105536 
2342.647495 0.105667 
2343.611945 0.105574 
2344.576394 0.105522 
2345.540844 0.104938 
2346.505293 0.103986 
2347.469742 0.102655 
2348.434192 0.101068 
2349.398641 0.101198 
2350.363090 0.102856 
2351.327540 0.103859 
2352.291989 0.104955 
2353.256438 0.105494 
2354.220888 0.106547 
2355.185337 0.107307 
2356.149786 0.108342 
2357.114236 0.108542 
2358.078685 0.108997 
2359.043135 0.109026 
2360.007584 0.109571 
2360.972033 0.109132 
2361.936483 0.109118 
2362.900932 0.108792 
2363.865381 0.108720 
2364.829831 0.108071 
2365.794280 0.107722 
2366.758729 0.106955 
2367.723179 0.106629 
2368.687628 0.105883 
2369.652078 0.105273 
2370.616527 0.104344 
2371.580976 0.103712 
2372.545426 0.102926 
2373.509875 0.102190 
2374.474324 0.101357 
2375.438774 0.100812 
2376.403223 0.100134 
2377.367672 0.099542 
2378.332122 0.098917 
2379.296571 0.098370 
2380.261020 0.097774 
2381.225470 0.097254 
2382.189919 0.096736 
2383.154369 0.096334 
2384.118818 0.096001 
2385.083267 0.095768 
2386.047717 0.095498 
2387.012166 0.095336 
2387.976615 0.095195 
2388.941065 0.095154 
2389.905514 0.095098 
2390.869963 0.095089 
2391.834413 0.095100 
2392.798862 0.095101 
2393.763312 0.095044 
2394.727761 0.095023 
2395.692210 0.094966 
2396.656660 0.094950 
2397.621109 0.094904 
2398.585558 0.094919 
2399.550008 0.094934 
2400.514457 0.094927 
2401.478906 0.094888 
2402.443356 0.094845 
2403.407805 0.094783 
2404.372254 0.094796 
2405.336704 0.094805 
2406.301153 0.094837 
2407.265603 0.094813 
2408.230052 0.094838 
2409.194501 0.094809 
2410.158951 0.094834 
2411.123400 0.094809 
2412.087849 0.094798 
2413.052299 0.094815 
2414.016748 0.094832 
2414.981197 0.094818 
2415.945647 0.094840 
2416.910096 0.094840 
2417.874546 0.094859 
2418.838995 0.094843 
2419.803444 0.094818 
2420.767894 0.094780 
2421.732343 0.094861 
2422.696792 0.094894 
2423.661242 0.094895 
2424.625691 0.094906 
2425.590140 0.094958 
2426.554590 0.094958 
2427.519039 0.094937 
2428.483488 0.094877 
2429.447938 0.094885 
2430.412387 0.094902 
2431.376837 0.094889 
2432.341286 0.094881 
2433.305735 0.094982 
2434.270185 0.095018 
2435.234634 0.094976 
2436.199083 0.094979 
2437.163533 0.095055 
2438.127982 0.095047 
2439.092431 0.095022 
2440.056881 0.095004 
2441.021330 0.095036 
2441.985780 0.095088 
2442.950229 0.095117 
2443.914678 0.095080 
2444.879128 0.095089 
2445.843577 0.095114 
2446.808026 0.095137 
2447.772476 0.095124 
2448.736925 0.095137 
2449.701374 0.095198 
2450.665824 0.095246 
2451.630273 0.095226 
2452.594722 0.095222 
2453.559172 0.095259 
2454.523621 0.095339 
2455.488071 0.095331 
2456.452520 0.095317 
2457.416969 0.095359 
2458.381419 0.095425 
2459.345868 0.095434 
2460.310317 0.095445 
2461.274767 0.095471 
2462.239216 0.095502 
2463.203665 0.095548 
2464.168115 0.095560 
2465.132564 0.095541 
2466.097014 0.095568 
2467.061463 0.095602 
2468.025912 0.095616 
2468.990362 0.095589 
2469.954811 0.095674 
2470.919260 0.095686 
2471.883710 0.095690 
2472.848159 0.095728 
2473.812608 0.095803 
2474.777058 0.095785 
2475.741507 0.095785 
2476.705956 0.095784 
2477.670406 0.095760 
2478.634855 0.095757 
2479.599305 0.095840 
2480.563754 0.095888 
2481.528203 0.095907 
2482.492653 0.095916 
2483.457102 0.095939 
2484.421551 0.095946 
2485.386001 0.095952 
2486.350450 0.095961 
2487.314899 0.096011 
2488.279349 0.096014 
2489.243798 0.095998 
2490.208248 0.095986 
2491.172697 0.096010 
2492.137146 0.096044 
2493.101596 0.096121 
2494.066045 0.096136 
2495.030494 0.096118 
2495.994944 0.096099 
2496.959393 0.096147 
2497.923842 0.096162 
2498.888292 0.096191 
2499.852741 0.096206 
2500.817190 0.096193 
2501.781640 0.096200 
2502.746089 0.096229 
2503.710539 0.096195 
2504.674988 0.096213 
2505.639437 0.096215 
2506.603887 0.096245 
2507.568336 0.096248 
2508.532785 0.096242 
2509.497235 0.096238 
2510.461684 0.096269 
2511.426133 0.096280 
2512.390583 0.096311 
2513.355032 0.096298 
2514.319482 0.096262 
2515.283931 0.096228 
2516.248380 0.096253 
2517.212830 0.096273 
2518.177279 0.096288 
2519.141728 0.096249 
2520.106178 0.096244 
2521.070627 0.096296 
2522.035076 0.096368 
2522.999526 0.096360 
2523.963975 0.096375 
2524.928424 0.096362 
2525.892874 0.096341 
2526.857323 0.096353 
2527.821773 0.096373 
2528.786222 0.096367 
2529.750671 0.096397 
2530.715121 0.096353 
2531.679570 0.096359 
2532.644019 0.096403 
2533.608469 0.096412 
2534.572918 0.096395 
2535.537367 0.096419 
2536.501817 0.096402 
2537.466266 0.096404 
2538.430716 0.096411 
2539.395165 0.096429 
2540.359614 0.096423 
2541.324064 0.096470 
2542.288513 0.096507 
2543.252962 0.096518 
2544.217412 0.096497 
2545.181861 0.096494 
2546.146310 0.096464 
2547.110760 0.096519 
2548.075209 0.096527 
2549.039658 0.096524 
2550.004108 0.096533 
2550.968557 0.096538 
2551.933007 0.096499 
2552.897456 0.096552 
2553.861905 0.096595 
2554.826355 0.096601 
2555.790804 0.096600 
2556.755253 0.096658 
2557.719703 0.096691 
2558.684152 0.096711 
2559.648601 0.096717 
2560.613051 0.096774 
2561.577500 0.096838 
2562.541950 0.096846 
2563.506399 0.096849 
2564.470848 0.096867 
2565.435298 0.096891 
2566.399747 0.096963 
2567.364196 0.096980 
2568.328646 0.096982 
2569.293095 0.097001 
2570.257544 0.097060 
2571.221994 0.097064 
2572.186443 0.097059 
2573.150892 0.097117 
2574.115342 0.097235 
2575.079791 0.097237 
2576.044241 0.097259 
2577.008690 0.097302 
2577.973139 0.097350 
2578.937589 0.097338 
2579.902038 0.097327 
2580.866487 0.097335 
2581.830937 0.097419 
2582.795386 0.097481 
2583.759835 0.097511 
2584.724285 0.097461 
2585.688734 0.097450 
2586.653184 0.097461 
2587.617633 0.097498 
2588.582082 0.097543 
2589.546532 0.097575 
2590.510981 0.097613 
2591.475430 0.097670 
2592.439880 0.097710 
2593.404329 0.097741 
2594.368778 0.097780 
2595.333228 0.097847 
2596.297677 0.097847 
2597.262126 0.097846 
2598.226576 0.097861 
2599.191025 0.097925 
2600.155475 0.097954 
2601.119924 0.097934 
2602.084373 0.097938 
2603.048823 0.098000 
2604.013272 0.098034 
2604.977721 0.098054 
2605.942171 0.098079 
2606.906620 0.098105 
2607.871069 0.098112 
2608.835519 0.098153 
2609.799968 0.098105 
2610.764418 0.098085 
2611.728867 0.098098 
2612.693316 0.098133 
2613.657766 0.098179 
2614.622215 0.098208 
2615.586664 0.098202 
2616.551114 0.098261 
2617.515563 0.098294 
2618.480012 0.098273 
2619.444462 0.098248 
2620.408911 0.098264 
2621.373360 0.098304 
2622.337810 0.098338 
2623.302259 0.098314 
2624.266709 0.098283 
2625.231158 0.098267 
2626.195607 0.098322 
2627.160057 0.098351 
2628.124506 0.098325 
2629.088955 0.098300 
2630.053405 0.098326 
2631.017854 0.098397 
2631.982303 0.098434 
2632.946753 0.098347 
2633.911202 0.098279 
2634.875652 0.098284 
2635.840101 0.098351 
2636.804550 0.098372 
2637.769000 0.098341 
2638.733449 0.098358 
2639.697898 0.098421 
2640.662348 0.098401 
2641.626797 0.098380 
2642.591246 0.098336 
2643.555696 0.098331 
2644.520145 0.098374 
2645.484594 0.098391 
2646.449044 0.098383 
2647.413493 0.098417 
2648.377943 0.098452 
2649.342392 0.098457 
2650.306841 0.098448 
2651.271291 0.098438 
2652.235740 0.098457 
2653.200189 0.098443 
2654.164639 0.098384 
2655.129088 0.098449 
2656.093537 0.098433 
2657.057987 0.098386 
2658.022436 0.098379 
2658.986886 0.098409 
2659.951335 0.098414 
2660.915784 0.098445 
2661.880234 0.098479 
2662.844683 0.098429 
2663.809132 0.098441 
2664.773582 0.098515 
2665.738031 0.098456 
2666.702480 0.098413 
2667.666930 0.098480 
2668.631379 0.098587 
2669.595828 0.098631 
2670.560278 0.098622 
2671.524727 0.098591 
2672.489177 0.098611 
2673.453626 0.098628 
2674.418075 0.098659 
2675.382525 0.098699 
2676.346974 0.098767 
2677.311423 0.098788 
2678.275873 0.098765 
2679.240322 0.098739 
2680.204771 0.098764 
2681.169221 0.098852 
2682.133670 0.098912 
2683.098120 0.098919 
2684.062569 0.098961 
2685.027018 0.099001 
2685.991468 0.098995 
2686.955917 0.098966 
2687.920366 0.099001 
2688.884816 0.099037 
2689.849265 0.099126 
2690.813714 0.099132 
2691.778164 0.099122 
2692.742613 0.099113 
2693.707062 0.099133 
2694.671512 0.099191 
2695.635961 0.099260 
2696.600411 0.099287 
2697.564860 0.099318 
2698.529309 0.099378 
2699.493759 0.099428 
2700.458208 0.099421 
2701.422657 0.099455 
2702.387107 0.099499 
2703.351556 0.099553 
2704.316005 0.099544 
2705.280455 0.099581 
2706.244904 0.099599 
2707.209354 0.099649 
2708.173803 0.099720 
2709.138252 0.099761 
2710.102702 0.099769 
2711.067151 0.099840 
2712.031600 0.099885 
2712.996050 0.099924 
2713.960499 0.099957 
2714.924948 0.099985 
2715.889398 0.099996 
2716.853847 0.099969 
2717.818296 0.099947 
2718.782746 0.100047 
2719.747195 0.100102 
2720.711645 0.100130 
2721.676094 0.100118 
2722.640543 0.100117 
2723.604993 0.100193 
2724.569442 0.100291 
2725.533891 0.100280 
2726.498341 0.100227 
2727.462790 0.100277 
2728.427239 0.100370 
2729.391689 0.100364 
2730.356138 0.100331 
2731.320588 0.100356 
2732.285037 0.100414 
2733.249486 0.100410 
2734.213936 0.100411 
2735.178385 0.100453 
2736.142834 0.100512 
2737.107284 0.100473 
2738.071733 0.100428 
2739.036182 0.100450 
2740.000632 0.100477 
2740.965081 0.100492 
2741.929530 0.100536 
2742.893980 0.100583 
2743.858429 0.100622 
2744.822879 0.100609 
2745.787328 0.100661 
2746.751777 0.100704 
2747.716227 0.100666 
2748.680676 0.100651 
2749.645125 0.100673 
2750.609575 0.100670 
2751.574024 0.100685 
2752.538473 0.100646 
2753.502923 0.100681 
2754.467372 0.100728 
2755.431822 0.100751 
2756.396271 0.100760 
2757.360720 0.100808 
2758.325170 0.100820 
2759.289619 0.100829 
2760.254068 0.100833 
2761.218518 0.100838 
2762.182967 0.100845 
2763.147416 0.100846 
2764.111866 0.100845 
2765.076315 0.100853 
2766.040764 0.100832 
2767.005214 0.100833 
2767.969663 0.100834 
2768.934113 0.100825 
2769.898562 0.100863 
2770.863011 0.100924 
2771.827461 0.100976 
2772.791910 0.101002 
2773.756359 0.100994 
2774.720809 0.101015 
2775.685258 0.101010 
2776.649707 0.101037 
2777.614157 0.101083 
2778.578606 0.101084 
2779.543056 0.101087 
2780.507505 0.101188 
2781.471954 0.101199 
2782.436404 0.101195 
2783.400853 0.101192 
2784.365302 0.101224 
2785.329752 0.101234 
2786.294201 0.101306 
2787.258650 0.101379 
2788.223100 0.101414 
2789.187549 0.101349 
2790.151998 0.101338 
2791.116448 0.101433 
2792.080897 0.101488 
2793.045347 0.101482 
2794.009796 0.101527 
2794.974245 0.101547 
2795.938695 0.101557 
2796.903144 0.101555 
2797.867593 0.101557 
2798.832043 0.101573 
2799.796492 0.101626 
2800.760941 0.101713 
2801.725391 0.101761 
2802.689840 0.101809 
2803.654290 0.101919 
2804.618739 0.101899 
2805.583188 0.101911 
2806.547638 0.101988 
2807.512087 0.102036 
2808.476536 0.102055 
2809.440986 0.102048 
2810.405435 0.102078 
2811.369884 0.102161 
2812.334334 0.102157 
2813.298783 0.102207 
2814.263232 0.102272 
2815.227682 0.102311 
2816.192131 0.102316 
2817.156581 0.102373 
2818.121030 0.102419 
2819.085479 0.102522 
2820.049929 0.102575 
2821.014378 0.102568 
2821.978827 0.102607 
2822.943277 0.102704 
2823.907726 0.102781 
2824.872175 0.102778 
2825.836625 0.102793 
2826.801074 0.102883 
2827.765524 0.102936 
2828.729973 0.102993 
2829.694422 0.103037 
2830.658872 0.103117 
2831.623321 0.103201 
2832.587770 0.103249 
2833.552220 0.103285 
2834.516669 0.103313 
2835.481118 0.103421 
2836.445568 0.103572 
2837.410017 0.103642 
2838.374466 0.103615 
2839.338916 0.103634 
2840.303365 0.103738 
2841.267815 0.103891 
2842.232264 0.104041 
2843.196713 0.104159 
2844.161163 0.104323 
2845.125612 0.104514 
2846.090061 0.104733 
2847.054511 0.104948 
2848.018960 0.105151 
2848.983409 0.105324 
2849.947859 0.105466 
2850.912308 0.105561 
2851.876758 0.105642 
2852.841207 0.105694 
2853.805656 0.105741 
2854.770106 0.105785 
2855.734555 0.105773 
2856.699004 0.105768 
2857.663454 0.105778 
2858.627903 0.105694 
2859.592352 0.105571 
2860.556802 0.105425 
2861.521251 0.105392 
2862.485700 0.105398 
2863.450150 0.105366 
2864.414599 0.105281 
2865.379049 0.105284 
2866.343498 0.105296 
2867.307947 0.105357 
2868.272397 0.105352 
2869.236846 0.105296 
2870.201295 0.105235 
2871.165745 0.105255 
2872.130194 0.105365 
2873.094643 0.105439 
2874.059093 0.105332 
2875.023542 0.105291 
2875.987992 0.105310 
2876.952441 0.105332 
2877.916890 0.105338 
2878.881340 0.105325 
2879.845789 0.105329 
2880.810238 0.105361 
2881.774688 0.105385 
2882.739137 0.105429 
2883.703586 0.105444 
2884.668036 0.105444 
2885.632485 0.105521 
2886.596934 0.105607 
2887.561384 0.105607 
2888.525833 0.105633 
2889.490283 0.105633 
2890.454732 0.105693 
2891.419181 0.105773 
2892.383631 0.105848 
2893.348080 0.105869 
2894.312529 0.105950 
2895.276979 0.106043 
2896.241428 0.106073 
2897.205877 0.106132 
2898.170327 0.106191 
2899.134776 0.106176 
2900.099226 0.106196 
2901.063675 0.106290 
2902.028124 0.106388 
2902.992574 0.106365 
2903.957023 0.106320 
2904.921472 0.106360 
2905.885922 0.106451 
2906.850371 0.106493 
2907.814820 0.106550 
2908.779270 0.106614 
2909.743719 0.106704 
2910.708168 0.106792 
2911.672618 0.106949 
2912.637067 0.107070 
2913.601517 0.107164 
2914.565966 0.107256 
2915.530415 0.107390 
2916.494865 0.107547 
2917.459314 0.107690 
2918.423763 0.107731 
2919.388213 0.107768 
2920.352662 0.107878 
2921.317111 0.107994 
2922.281561 0.108003 
2923.246010 0.108007 
2924.210460 0.108018 
2925.174909 0.108056 
2926.139358 0.108054 
2927.103808 0.108037 
2928.068257 0.107979 
2929.032706 0.107915 
2929.997156 0.107744 
2930.961605 0.107601 
2931.926054 0.107510 
2932.890504 0.107479 
2933.854953 0.107417 
2934.819402 0.107313 
2935.783852 0.107181 
2936.748301 0.107157 
2937.712751 0.107129 
2938.677200 0.106991 
2939.641649 0.106856 
2940.606099 0.106793 
2941.570548 0.106789 
2942.534997 0.106798 
2943.499447 0.106679 
2944.463896 0.106561 
2945.428345 0.106484 
2946.392795 0.106413 
2947.357244 0.106308 
2948.321694 0.106341 
2949.286143 0.106351 
2950.250592 0.106357 
2951.215042 0.106392 
2952.179491 0.106381 
2953.143940 0.106299 
2954.108390 0.106349 
2955.072839 0.106414 
2956.037288 0.106458 
2957.001738 0.106458 
2957.966187 0.106453 
2958.930636 0.106491 
2959.895086 0.106544 
2960.859535 0.106564 
2961.823985 0.106525 
2962.788434 0.106417 
2963.752883 0.106409 
2964.717333 0.106391 
2965.681782 0.106416 
2966.646231 0.106444 
2967.610681 0.106437 
2968.575130 0.106338 
2969.539579 0.106209 
2970.504029 0.106110 
2971.468478 0.106065 
2972.432928 0.105977 
2973.397377 0.105955 
2974.361826 0.105826 
2975.326276 0.105724 
2976.290725 0.105725 
2977.255174 0.105781 
2978.219624 0.105720 
2979.184073 0.105677 
2980.148522 0.105661 
2981.112972 0.105641 
2982.077421 0.105580 
2983.041870 0.105548 
2984.006320 0.105577 
2984.970769 0.105632 
2985.935219 0.105649 
2986.899668 0.105623 
2987.864117 0.105579 
2988.828567 0.105614 
2989.793016 0.105644 
2990.757465 0.105684 
2991.721915 0.105713 
2992.686364 0.105674 
2993.650813 0.105600 
2994.615263 0.105672 
2995.579712 0.105735 
2996.544162 0.105707 
2997.508611 0.105641 
2998.473060 0.105676 
2999.437510 0.105745 
3000.401959 0.105779 
3001.366408 0.105830 
3002.330858 0.105905 
3003.295307 0.105810 
3004.259756 0.105772 
3005.224206 0.105823 
3006.188655 0.105917 
3007.153104 0.105962 
3008.117554 0.106017 
3009.082003 0.106077 
3010.046453 0.106148 
3011.010902 0.106075 
3011.975351 0.106106 
3012.939801 0.106142 
3013.904250 0.106101 
3014.868699 0.106131 
3015.833149 0.106205 
3016.797598 0.106178 
3017.762047 0.106215 
3018.726497 0.106280 
3019.690946 0.106292 
3020.655396 0.106328 
3021.619845 0.106401 
3022.584294 0.106501 
3023.548744 0.106607 
3024.513193 0.106551 
3025.477642 0.106462 
3026.442092 0.106446 
3027.406541 0.106506 
3028.370990 0.106561 
3029.335440 0.106583 
3030.299889 0.106560 
3031.264338 0.106662 
3032.228788 0.106679 
3033.193237 0.106692 
3034.157687 0.106753 
3035.122136 0.106722 
3036.086585 0.106753 
3037.051035 0.106898 
3038.015484 0.106971 
3038.979933 0.107014 
3039.944383 0.107022 
3040.908832 0.107086 
3041.873281 0.107134 
3042.837731 0.107103 
3043.802180 0.107129 
3044.766630 0.107253 
3045.731079 0.107257 
3046.695528 0.107226 
3047.659978 0.107246 
3048.624427 0.107347 
3049.588876 0.107392 
3050.553326 0.107422 
3051.517775 0.107456 
3052.482224 0.107490 
3053.446674 0.107542 
3054.411123 0.107533 
3055.375572 0.107552 
3056.340022 0.107671 
3057.304471 0.107662 
3058.268921 0.107693 
3059.233370 0.107807 
3060.197819 0.107908 
3061.162269 0.107945 
3062.126718 0.107985 
3063.091167 0.107992 
3064.055617 0.108075 
3065.020066 0.108122 
3065.984515 0.108223 
3066.948965 0.108316 
3067.913414 0.108248 
3068.877864 0.108252 
3069.842313 0.108381 
3070.806762 0.108405 
3071.771212 0.108431 
3072.735661 0.108554 
3073.700110 0.108641 
3074.664560 0.108761 
3075.629009 0.108870 
3076.593458 0.108876 
3077.557908 0.108917 
3078.522357 0.108967 
3079.486806 0.109102 
3080.451256 0.109186 
3081.415705 0.109248 
3082.380155 0.109379 
3083.344604 0.109501 
3084.309053 0.109463 
3085.273503 0.109457 
3086.237952 0.109593 
3087.202401 0.109622 
3088.166851 0.109623 
3089.131300 0.109731 
3090.095749 0.109711 
3091.060199 0.109668 
3092.024648 0.109640 
3092.989098 0.109704 
3093.953547 0.109732 
3094.917996 0.109791 
3095.882446 0.109898 
3096.846895 0.109972 
3097.811344 0.110065 
3098.775794 0.110108 
3099.740243 0.110060 
3100.704692 0.110059 
3101.669142 0.110092 
3102.633591 0.110076 
3103.598040 0.110090 
3104.562490 0.110171 
3105.526939 0.110330 
3106.491389 0.110486 
3107.455838 0.110541 
3108.420287 0.110539 
3109.384737 0.110566 
3110.349186 0.110570 
3111.313635 0.110602 
3112.278085 0.110727 
3113.242534 0.110868 
3114.206983 0.110957 
3115.171433 0.110904 
3116.135882 0.110946 
3117.100332 0.110990 
3118.064781 0.111081 
3119.029230 0.111140 
3119.993680 0.111073 
3120.958129 0.111002 
3121.922578 0.111043 
3122.887028 0.111095 
3123.851477 0.111164 
3124.815926 0.111229 
3125.780376 0.111276 
3126.744825 0.111377 
3127.709274 0.111500 
3128.673724 0.111588 
3129.638173 0.111525 
3130.602623 0.111505 
3131.567072 0.111544 
3132.531521 0.111607 
3133.495971 0.111627 
3134.460420 0.111649 
3135.424869 0.111757 
3136.389319 0.111838 
3137.353768 0.111855 
3138.318217 0.111798 
3139.282667 0.111878 
3140.247116 0.111856 
3141.211566 0.111873 
3142.176015 0.111955 
3143.140464 0.112064 
3144.104914 0.112148 
3145.069363 0.112179 
3146.033812 0.112200 
3146.998262 0.112236 
3147.962711 0.112279 
3148.927160 0.112317 
3149.891610 0.112426 
3150.856059 0.112610 
3151.820508 0.112631 
3152.784958 0.112528 
3153.749407 0.112407 
3154.713857 0.112483 
3155.678306 0.112639 
3156.642755 0.112698 
3157.607205 0.112691 
3158.571654 0.112719 
3159.536103 0.112745 
3160.500553 0.112774 
3161.465002 0.112842 
3162.429451 0.112919 
3163.393901 0.112944 
3164.358350 0.112995 
3165.322800 0.113111 
3166.287249 0.113139 
3167.251698 0.113125 
3168.216148 0.113188 
3169.180597 0.113241 
3170.145046 0.113324 
3171.109496 0.113353 
3172.073945 0.113416 
3173.038394 0.113381 
3174.002844 0.113324 
3174.967293 0.113409 
3175.931742 0.113563 
3176.896192 0.113585 
3177.860641 0.113606 
3178.825091 0.113609 
3179.789540 0.113677 
3180.753989 0.113764 
3181.718439 0.113834 
3182.682888 0.113883 
3183.647337 0.113917 
3184.611787 0.113961 
3185.576236 0.114035 
3186.540685 0.114046 
3187.505135 0.114130 
3188.469584 0.114148 
3189.434034 0.114184 
3190.398483 0.114336 
3191.362932 0.114436 
3192.327382 0.114377 
3193.291831 0.114339 
3194.256280 0.114375 
3195.220730 0.114520 
3196.185179 0.114597 
3197.149628 0.114643 
3198.114078 0.114683 
3199.078527 0.114634 
3200.042976 0.114691 
3201.007426 0.114817 
3201.971875 0.114890 
3202.936325 0.114903 
3203.900774 0.114979 
3204.865223 0.115077 
3205.829673 0.115004 
3206.794122 0.115022 
3207.758571 0.115160 
3208.723021 0.115160 
3209.687470 0.115113 
3210.651919 0.115113 
3211.616369 0.115223 
3212.580818 0.115339 
3213.545268 0.115408 
3214.509717 0.115357 
3215.474166 0.115319 
3216.438616 0.115441 
3217.403065 0.115447 
3218.367514 0.115437 
3219.331964 0.115484 
3220.296413 0.115502 
3221.260862 0.115518 
3222.225312 0.115541 
3223.189761 0.115604 
3224.154210 0.115712 
3225.118660 0.115706 
3226.083109 0.115709 
3227.047559 0.115746 
3228.012008 0.115774 
3228.976457 0.115796 
3229.940907 0.115839 
3230.905356 0.115849 
3231.869805 0.115968 
3232.834255 0.115962 
3233.798704 0.115858 
3234.763153 0.115903 
3235.727603 0.116032 
3236.692052 0.116131 
3237.656502 0.116115 
3238.620951 0.116075 
3239.585400 0.116124 
3240.549850 0.116122 
3241.514299 0.116197 
3242.478748 0.116284 
3243.443198 0.116265 
3244.407647 0.116319 
3245.372096 0.116330 
3246.336546 0.116256 
3247.300995 0.116312 
3248.265444 0.116407 
3249.229894 0.116454 
3250.194343 0.116492 
3251.158793 0.116592 
3252.123242 0.116541 
3253.087691 0.116594 
3254.052141 0.116731 
3255.016590 0.116694 
3255.981039 0.116645 
3256.945489 0.116778 
3257.909938 0.116837 
3258.874387 0.116838 
3259.838837 0.116874 
3260.803286 0.116928 
3261.767736 0.116893 
3262.732185 0.116979 
3263.696634 0.117041 
3264.661084 0.117076 
3265.625533 0.117076 
3266.589982 0.117128 
3267.554432 0.117190 
3268.518881 0.117320 
3269.483330 0.117432 
3270.447780 0.117354 
3271.412229 0.117210 
3272.376678 0.117237 
3273.341128 0.117405 
3274.305577 0.117367 
3275.270027 0.117197 
3276.234476 0.117265 
3277.198925 0.117288 
3278.163375 0.117393 
3279.127824 0.117528 
3280.092273 0.117517 
3281.056723 0.117500 
3282.021172 0.117656 
3282.985621 0.117714 
3283.950071 0.117759 
3284.914520 0.117795 
3285.878970 0.117846 
3286.843419 0.117847 
3287.807868 0.117839 
3288.772318 0.117767 
3289.736767 0.117843 
3290.701216 0.117966 
3291.665666 0.117951 
3292.630115 0.117928 
3293.594564 0.117996 
3294.559014 0.118014 
3295.523463 0.117987 
3296.487912 0.118001 
3297.452362 0.118060 
3298.416811 0.118135 
3299.381261 0.118290 
3300.345710 0.118387 
3301.310159 0.118446 
3302.274609 0.118448 
3303.239058 0.118407 
3304.203507 0.118377 
3305.167957 0.118440 
3306.132406 0.118443 
3307.096855 0.118425 
3308.061305 0.118476 
3309.025754 0.118389 
3309.990204 0.118346 
3310.954653 0.118514 
3311.919102 0.118577 
3312.883552 0.118654 
3313.848001 0.118696 
3314.812450 0.118757 
3315.776900 0.118774 
3316.741349 0.118769 
3317.705798 0.118775 
3318.670248 0.118903 
3319.634697 0.119010 
3320.599146 0.119089 
3321.563596 0.119074 
3322.528045 0.119082 
3323.492495 0.119109 
3324.456944 0.119187 
3325.421393 0.119106 
3326.385843 0.119107 
3327.350292 0.119183 
3328.314741 0.119346 
3329.279191 0.119395 
3330.243640 0.119457 
3331.208089 0.119464 
3332.172539 0.119457 
3333.136988 0.119479 
3334.101438 0.119555 
3335.065887 0.119573 
3336.030336 0.119593 
3336.994786 0.119624 
3337.959235 0.119551 
3338.923684 0.119562 
3339.888134 0.119634 
3340.852583 0.119749 
3341.817032 0.119825 
3342.781482 0.119731 
3343.745931 0.119640 
3344.710380 0.119728 
3345.674830 0.119902 
3346.639279 0.120015 
3347.603729 0.120010 
3348.568178 0.120030 
3349.532627 0.120035 
3350.497077 0.119937 
3351.461526 0.119860 
3352.425975 0.119842 
3353.390425 0.119907 
3354.354874 0.119928 
3355.319323 0.119991 
3356.283773 0.120015 
3357.248222 0.120033 
3358.212672 0.120056 
3359.177121 0.120117 
3360.141570 0.120038 
3361.106020 0.120066 
3362.070469 0.120122 
3363.034918 0.120136 
3363.999368 0.120187 
3364.963817 0.120206 
3365.928266 0.120150 
3366.892716 0.120184 
3367.857165 0.120335 
3368.821614 0.120316 
3369.786064 0.120245 
3370.750513 0.120282 
3371.714963 0.120295 
3372.679412 0.120280 
3373.643861 0.120354 
3374.608311 0.120470 
3375.572760 0.120461 
3376.537209 0.120436 
3377.501659 0.120437 
3378.466108 0.120521 
3379.430557 0.120586 
3380.395007 0.120633 
3381.359456 0.120568 
3382.323906 0.120558 
3383.288355 0.120565 
3384.252804 0.120539 
3385.217254 0.120567 
3386.181703 0.120681 
3387.146152 0.120685 
3388.110602 0.120669 
3389.075051 0.120692 
3390.039500 0.120866 
3391.003950 0.120813 
3391.968399 0.120654 
3392.932848 0.120656 
3393.897298 0.120657 
3394.861747 0.120655 
3395.826197 0.120603 
3396.790646 0.120785 
3397.755095 0.120850 
3398.719545 0.120816 
3399.683994 0.120794 
3400.648443 0.120754 
3401.612893 0.120717 
3402.577342 0.120683 
3403.541791 0.120773 
3404.506241 0.120832 
3405.470690 0.120874 
3406.435140 0.120882 
3407.399589 0.120936 
3408.364038 0.120959 
3409.328488 0.120970 
3410.292937 0.120969 
3411.257386 0.120971 
3412.221836 0.120847 
3413.186285 0.120811 
3414.150734 0.120919 
3415.115184 0.120934 
3416.079633 0.120865 
3417.044082 0.120860 
3418.008532 0.120942 
3418.972981 0.120905 
3419.937431 0.120827 
3420.901880 0.120718 
3421.866329 0.120754 
3422.830779 0.120871 
3423.795228 0.120857 
3424.759677 0.120934 
3425.724127 0.120940 
3426.688576 0.120964 
3427.653025 0.120950 
3428.617475 0.120960 
3429.581924 0.120913 
3430.546374 0.120797 
3431.510823 0.120824 
3432.475272 0.120957 
3433.439722 0.120925 
3434.404171 0.120772 
3435.368620 0.120724 
3436.333070 0.120746 
3437.297519 0.120625 
3438.261968 0.120609 
3439.226418 0.120660 
3440.190867 0.120713 
3441.155316 0.120737 
3442.119766 0.120781 
3443.084215 0.120643 
3444.048665 0.120536 
3445.013114 0.120508 
3445.977563 0.120486 
3446.942013 0.120646 
3447.906462 0.120224 
3448.870911 0.120216 
3449.835361 0.120429 
3450.799810 0.120508 
3451.764259 0.120588 
3452.728709 0.120534 
3453.693158 0.120366 
3454.657608 0.120267 
3455.622057 0.120163 
3456.586506 0.120092 
3457.550956 0.120122 
3458.515405 0.120102 
3459.479854 0.120035 
3460.444304 0.119998 
3461.408753 0.119921 
3462.373202 0.119910 
3463.337652 0.119832 
3464.302101 0.119762 
3465.266550 0.119789 
3466.231000 0.119728 
3467.195449 0.119567 
3468.159899 0.119412 
3469.124348 0.119413 
3470.088797 0.119406 
3471.053247 0.119481 
3472.017696 0.119476 
3472.982145 0.119456 
3473.946595 0.119346 
3474.911044 0.119143 
3475.875493 0.118939 
3476.839943 0.119068 
3477.804392 0.119183 
3478.768842 0.119050 
3479.733291 0.118877 
3480.697740 0.118686 
3481.662190 0.118644 
3482.626639 0.118609 
3483.591088 0.118498 
3484.555538 0.118688 
3485.519987 0.118583 
3486.484436 0.118313 
3487.448886 0.118277 
3488.413335 0.118304 
3489.377784 0.118054 
3490.342234 0.118161 
3491.306683 0.118114 
3492.271133 0.118008 
3493.235582 0.117907 
3494.200031 0.117814 
3495.164481 0.117632 
3496.128930 0.117624 
3497.093379 0.117503 
3498.057829 0.117293 
3499.022278 0.117351 
3499.986727 0.117372 
3500.951177 0.117192 
3501.915626 0.116996 
3502.880076 0.116893 
3503.844525 0.116642 
3504.808974 0.116568 
3505.773424 0.116615 
3506.737873 0.116649 
3507.702322 0.116512 
3508.666772 0.116532 
3509.631221 0.116487 
3510.595670 0.116078 
3511.560120 0.116213 
3512.524569 0.116266 
3513.489018 0.116156 
3514.453468 0.116012 
3515.417917 0.116147 
3516.382367 0.116154 
3517.346816 0.116023 
3518.311265 0.115775 
3519.275715 0.115774 
3520.240164 0.115694 
3521.204613 0.115620 
3522.169063 0.115618 
3523.133512 0.115591 
3524.097961 0.115024 
3525.062411 0.114916 
3526.026860 0.114903 
3526.991310 0.115100 
3527.955759 0.114882 
3528.920208 0.114850 
3529.884658 0.114617 
3530.849107 0.114861 
3531.813556 0.114843 
3532.778006 0.114705 
3533.742455 0.114716 
3534.706904 0.114636 
3535.671354 0.114534 
3536.635803 0.114381 
3537.600252 0.114130 
3538.564702 0.114364 
3539.529151 0.114375 
3540.493601 0.114395 
3541.458050 0.114263 
3542.422499 0.114253 
3543.386949 0.113968 
3544.351398 0.113890 
3545.315847 0.113452 
3546.280297 0.113055 
3547.244746 0.113373 
3548.209195 0.113232 
3549.173645 0.113402 
3550.138094 0.113477 
3551.102544 0.113399 
3552.066993 0.113455 
3553.031442 0.112982 
3553.995892 0.112978 
3554.960341 0.112958 
3555.924790 0.113123 
3556.889240 0.113184 
3557.853689 0.113067 
3558.818138 0.112940 
3559.782588 0.113242 
3560.747037 0.112785 
3561.711486 0.112511 
3562.675936 0.112608 
3563.640385 0.112597 
3564.604835 0.112049 
3565.569284 0.112508 
3566.533733 0.111866 
3567.498183 0.111435 
3568.462632 0.111969 
3569.427081 0.111275 
3570.391531 0.111966 
3571.355980 0.112003 
3572.320429 0.111939 
3573.284879 0.111966 
3574.249328 0.112118 
3575.213778 0.111973 
3576.178227 0.111918 
3577.142676 0.111954 
3578.107126 0.111605 
3579.071575 0.111700 
3580.036024 0.111833 
3581.000474 0.111566 
3581.964923 0.111462 
3582.929372 0.111625 
3583.893822 0.111500 
3584.858271 0.110911 
3585.822720 0.111101 
3586.787170 0.111068 
3587.751619 0.110167 
3588.716069 0.110924 
3589.680518 0.110077 
3590.644967 0.110549 
3591.609417 0.110687 
3592.573866 0.111123 
3593.538315 0.110820 
3594.502765 0.110466 
3595.467214 0.110878 
3596.431663 0.110076 
3597.396113 0.110324 
3598.360562 0.110641 
3599.325012 0.110069 
3600.289461 0.110432 
3601.253910 0.110527 
3602.218360 0.110171 
3603.182809 0.110211 
3604.147258 0.110185 
3605.111708 0.109929 
3606.076157 0.110002 
3607.040606 0.110337 
3608.005056 0.109211 
3608.969505 0.110256 
3609.933954 0.109336 
3610.898404 0.108448 
3611.862853 0.109663 
3612.827303 0.109551 
3613.791752 0.108514 
3614.756201 0.109261 
3615.720651 0.108530 
3616.685100 0.109062 
3617.649549 0.109929 
3618.613999 0.108935 
3619.578448 0.109315 
3620.542897 0.108539 
3621.507347 0.108596 
3622.471796 0.109089 
3623.436246 0.109528 
3624.400695 0.109142 
3625.365144 0.109301 
3626.329594 0.109131 
3627.294043 0.108638 
3628.258492 0.109613 
3629.222942 0.109370 
3630.187391 0.107544 
3631.151840 0.107675 
3632.116290 0.108064 
3633.080739 0.108631 
3634.045188 0.108727 
3635.009638 0.107889 
3635.974087 0.108095 
3636.938537 0.108221 
3637.902986 0.108254 
3638.867435 0.107886 
3639.831885 0.107845 
3640.796334 0.107959 
3641.760783 0.108024 
3642.725233 0.107902 
3643.689682 0.107696 
3644.654131 0.107735 
3645.618581 0.107506 
3646.583030 0.108282 
3647.547480 0.107137 
3648.511929 0.106249 
3649.476378 0.107122 
3650.440828 0.106330 
3651.405277 0.106240 
3652.369726 0.105682 
3653.334176 0.106721 
3654.298625 0.106763 
3655.263074 0.107256 
3656.227524 0.108284 
3657.191973 0.106616 
3658.156422 0.106361 
3659.120872 0.106896 
3660.085321 0.106890 
3661.049771 0.106818 
3662.014220 0.106927 
3662.978669 0.107074 
3663.943119 0.107031 
3664.907568 0.107044 
3665.872017 0.107022 
3666.836467 0.106773 
3667.800916 0.107085 
3668.765365 0.107417 
3669.729815 0.106100 
3670.694264 0.107301 
3671.658714 0.105556 
3672.623163 0.105544 
3673.587612 0.106124 
3674.552062 0.107334 
3675.516511 0.107610 
3676.480960 0.105432 
3677.445410 0.105080 
3678.409859 0.106149 
3679.374308 0.107097 
3680.338758 0.106465 
3681.303207 0.106358 
3682.267656 0.106805 
3683.232106 0.106840 
3684.196555 0.106991 
3685.161005 0.106775 
3686.125454 0.106633 
3687.089903 0.106867 
3688.054353 0.108484 
3689.018802 0.106093 
3689.983251 0.105467 
3690.947701 0.107982 
3691.912150 0.106867 
3692.876599 0.106455 
3693.841049 0.107042 
3694.805498 0.106974 
3695.769948 0.106947 
3696.734397 0.107011 
3697.698846 0.106936 
3698.663296 0.107097 
3699.627745 0.106983 
3700.592194 0.107135 
3701.556644 0.108345 
3702.521093 0.107328 
3703.485542 0.106955 
3704.449992 0.107576 
3705.414441 0.107590 
3706.378890 0.107479 
3707.343340 0.107145 
3708.307789 0.107549 
3709.272239 0.108499 
3710.236688 0.106550 
3711.201137 0.106903 
3712.165587 0.108505 
3713.130036 0.105727 
3714.094485 0.106044 
3715.058935 0.106855 
3716.023384 0.106751 
3716.987833 0.106775 
3717.952283 0.106958 
3718.916732 0.107525 
3719.881182 0.106737 
3720.845631 0.106649 
3721.810080 0.107894 
3722.774530 0.107351 
3723.738979 0.106552 
3724.703428 0.107515 
3725.667878 0.107617 
3726.632327 0.107910 
3727.596776 0.107269 
3728.561226 0.107255 
3729.525675 0.107357 
3730.490124 0.107224 
3731.454574 0.108162 
3732.419023 0.107855 
3733.383473 0.105443 
3734.347922 0.107537 
3735.312371 0.106552 
3736.276821 0.105873 
3737.241270 0.106331 
3738.205719 0.106847 
3739.170169 0.106403 
3740.134618 0.106629 
3741.099067 0.107586 
3742.063517 0.106306 
3743.027966 0.106222 
3743.992416 0.109071 
3744.956865 0.107385 
3745.921314 0.104421 
3746.885764 0.105970 
3747.850213 0.106565 
3748.814662 0.108136 
3749.779112 0.107891 
3750.743561 0.105208 
3751.708010 0.107953 
3752.672460 0.107001 
3753.636909 0.105723 
3754.601358 0.106248 
3755.565808 0.106986 
3756.530257 0.107647 
3757.494707 0.106513 
3758.459156 0.106801 
3759.423605 0.108379 
3760.388055 0.107015 
3761.352504 0.106513 
3762.316953 0.106993 
3763.281403 0.107025 
3764.245852 0.106943 
3765.210301 0.107744 
3766.174751 0.107194 
3767.139200 0.106350 
3768.103650 0.106847 
3769.068099 0.107666 
3770.032548 0.108154 
3770.996998 0.106445 
3771.961447 0.106713 
3772.925896 0.106967 
3773.890346 0.107123 
3774.854795 0.107168 
3775.819244 0.107245 
3776.783694 0.107281 
3777.748143 0.107098 
3778.712592 0.107423 
3779.677042 0.107684 
3780.641491 0.106293 
3781.605941 0.106835 
3782.570390 0.106961 
3783.534839 0.107038 
3784.499289 0.107479 
3785.463738 0.107079 
3786.428187 0.106858 
3787.392637 0.107076 
3788.357086 0.107130 
3789.321535 0.107259 
3790.285985 0.107113 
3791.250434 0.107155 
3792.214884 0.107239 
3793.179333 0.107347 
3794.143782 0.107230 
3795.108232 0.107343 
3796.072681 0.108343 
3797.037130 0.107660 
3798.001580 0.106783 
3798.966029 0.106922 
3799.930478 0.107136 
3800.894928 0.109068 
3801.859377 0.107766 
3802.823826 0.106243 
3803.788276 0.106433 
3804.752725 0.106682 
3805.717175 0.107286 
3806.681624 0.109152 
3807.646073 0.107499 
3808.610523 0.106613 
3809.574972 0.107444 
3810.539421 0.107614 
3811.503871 0.107666 
3812.468320 0.107565 
3813.432769 0.107524 
3814.397219 0.107318 
3815.361668 0.108758 
3816.326118 0.109007 
3817.290567 0.106430 
3818.255016 0.107127 
3819.219466 0.107630 
3820.183915 0.108582 
3821.148364 0.109239 
3822.112814 0.106897 
3823.077263 0.106375 
3824.041712 0.107301 
3825.006162 0.107342 
3825.970611 0.107885 
3826.935060 0.108123 
3827.899510 0.107269 
3828.863959 0.107425 
3829.828409 0.107483 
3830.792858 0.108313 
3831.757307 0.109112 
3832.721757 0.107190 
3833.686206 0.107345 
3834.650655 0.108948 
3835.615105 0.107575 
3836.579554 0.106903 
3837.544003 0.109784 
3838.508453 0.107365 
3839.472902 0.106485 
3840.437352 0.108075 
3841.401801 0.107319 
3842.366250 0.106859 
3843.330700 0.108620 
3844.295149 0.107795 
3845.259598 0.106980 
3846.224048 0.107641 
3847.188497 0.107888 
3848.152946 0.107886 
3849.117396 0.108357 
3850.081845 0.107977 
3851.046294 0.108235 
3852.010744 0.109167 
3852.975193 0.107122 
3853.939643 0.109944 
3854.904092 0.107037 
3855.868541 0.106560 
3856.832991 0.108518 
3857.797440 0.108101 
3858.761889 0.107690 
3859.726339 0.108012 
3860.690788 0.108268 
3861.655237 0.109008 
3862.619687 0.107696 
3863.584136 0.107567 
3864.548586 0.109093 
3865.513035 0.108306 
3866.477484 0.107328 
3867.441934 0.107953 
3868.406383 0.108582 
3869.370832 0.110190 
3870.335282 0.108774 
3871.299731 0.107283 
3872.264180 0.107394 
3873.228630 0.108505 
3874.193079 0.109493 
3875.157528 0.107430 
3876.121978 0.107724 
3877.086427 0.108439 
3878.050877 0.108331 
3879.015326 0.108355 
3879.979775 0.109611 
3880.944225 0.108408 
3881.908674 0.107169 
3882.873123 0.108407 
3883.837573 0.108207 
3884.802022 0.108482 
3885.766471 0.109779 
3886.730921 0.107436 
3887.695370 0.107752 
3888.659820 0.108456 
3889.624269 0.108300 
3890.588718 0.109181 
3891.553168 0.109559 
3892.517617 0.107441 
3893.482066 0.107967 
3894.446516 0.108269 
3895.410965 0.108406 
3896.375414 0.108537 
3897.339864 0.108456 
3898.304313 0.108866 
3899.268762 0.109516 
3900.233212 0.107208 
3901.197661 0.108517 
3902.162111 0.108792 
3903.126560 0.107136 
3904.091009 0.108818 
3905.055459 0.107932 
3906.019908 0.108202 
3906.984357 0.108134 
3907.948807 0.108418 
3908.913256 0.108655 
3909.877705 0.108618 
3910.842155 0.108663 
3911.806604 0.108785 
3912.771054 0.108725 
3913.735503 0.108695 
3914.699952 0.108645 
3915.664402 0.108743 
3916.628851 0.109263 
3917.593300 0.108611 
3918.557750 0.107989 
3919.522199 0.109123 
3920.486648 0.109103 
3921.451098 0.108261 
3922.415547 0.108476 
3923.379996 0.108634 
3924.344446 0.108910 
3925.308895 0.108808 
3926.273345 0.108189 
3927.237794 0.108278 
3928.202243 0.108565 
3929.166693 0.109002 
3930.131142 0.108930 
3931.095591 0.108632 
3932.060041 0.109299 
3933.024490 0.108668 
3933.988939 0.108519 
3934.953389 0.108789 
3935.917838 0.108897 
3936.882288 0.109043 
3937.846737 0.109113 
3938.811186 0.109135 
3939.775636 0.109078 
3940.740085 0.108911 
3941.704534 0.109127 
3942.668984 0.109431 
3943.633433 0.108493 
3944.597882 0.108791 
3945.562332 0.108980 
3946.526781 0.109141 
3947.491230 0.109352 
3948.455680 0.108732 
3949.420129 0.109010 
3950.384579 0.109236 
3951.349028 0.108887 
3952.313477 0.109317 
3953.277927 0.109411 
3954.242376 0.109311 
3955.206825 0.109400 
3956.171275 0.109589 
3957.135724 0.109463 
3958.100173 0.109304 
3959.064623 0.109429 
3960.029072 0.109459 
3960.993522 0.109445 
3961.957971 0.109519 
3962.922420 0.109112 
3963.886870 0.109294 
3964.851319 0.109525 
3965.815768 0.109650 
3966.780218 0.109585 
3967.744667 0.109417 
3968.709116 0.109480 
3969.673566 0.109474 
3970.638015 0.109462 
3971.602464 0.109704 
3972.566914 0.109660 
3973.531363 0.109478 
3974.495813 0.109339 
3975.460262 0.109505 
3976.424711 0.109622 
3977.389161 0.109574 
3978.353610 0.109638 
3979.318059 0.109746 
3980.282509 0.109833 
3981.246958 0.109875 
3982.211407 0.109781 
3983.175857 0.109618 
3984.140306 0.109582 
3985.104756 0.109739 
3986.069205 0.109816 
3987.033654 0.109843 
3987.998104 0.109809 
3988.962553 0.109889 
3989.927002 0.110029 
3990.891452 0.109944 
3991.855901 0.109778 
3992.820350 0.109785 
3993.784800 0.109747 
3994.749249 0.109900 
3995.713698 0.109792 
3996.678148 0.109819 
3997.642597 0.109824 
3998.607047 0.109718 
3999.571496 0.109815 
4000.535945 0.109890 