##YUNITS=Abs
399.282035 0.126744 
400.246484 0.126059 
401.210934 0.126818 
402.175383 0.128620 
403.139832 0.129841 
404.104282 0.129044 
405.068731 0.124771 
406.033181 0.120323 
406.997630 0.122028 
407.962079 0.123315 
408.926529 0.120327 
409.890978 0.115699 
410.855427 0.114012 
411.819877 0.114666 
412.784326 0.111607 
413.748775 0.108460 
414.713225 0.108707 
415.677674 0.108526 
416.642124 0.107921 
417.606573 0.105303 
418.571022 0.093436 
419.535472 0.090726 
420.499921 0.101358 
421.464370 0.104800 
422.428820 0.104100 
423.393269 0.103402 
424.357718 0.104685 
425.322168 0.104953 
426.286617 0.101280 
427.251066 0.098492 
428.215516 0.099562 
429.179965 0.101271 
430.144415 0.102750 
431.108864 0.103037 
432.073313 0.102592 
433.037763 0.101264 
434.002212 0.098665 
434.966661 0.096655 
435.931111 0.097979 
436.895560 0.100507 
437.860009 0.100612 
438.824459 0.099402 
439.788908 0.099035 
440.753358 0.099761 
441.717807 0.100859 
442.682256 0.102985 
443.646706 0.103527 
444.611155 0.103128 
445.575604 0.102528 
446.540054 0.102719 
447.504503 0.102791 
448.468952 0.101153 
449.433402 0.099893 
450.397851 0.100281 
451.362300 0.100843 
452.326750 0.098875 
453.291199 0.098691 
454.255649 0.099032 
455.220098 0.098010 
456.184547 0.097659 
457.148997 0.097518 
458.113446 0.095824 
459.077895 0.095754 
460.042345 0.096130 
461.006794 0.095555 
461.971243 0.094831 
462.935693 0.094525 
463.900142 0.093927 
464.864592 0.094136 
465.829041 0.093834 
466.793490 0.092807 
467.757940 0.092230 
468.722389 0.092875 
469.686838 0.093289 
470.651288 0.092556 
471.615737 0.090661 
472.580186 0.089560 
473.544636 0.092649 
474.509085 0.094556 
475.473534 0.093593 
476.437984 0.092582 
477.402433 0.092600 
478.366883 0.093336 
479.331332 0.092956 
480.295781 0.092034 
481.260231 0.091388 
482.224680 0.091172 
483.189129 0.090301 
484.153579 0.089439 
485.118028 0.089153 
486.082477 0.088717 
487.046927 0.086883 
488.011376 0.084649 
488.975826 0.084106 
489.940275 0.083402 
490.904724 0.082273 
491.869174 0.082544 
492.833623 0.082461 
493.798072 0.081956 
494.762522 0.081354 
495.726971 0.079994 
496.691420 0.079202 
497.655870 0.079024 
498.620319 0.078493 
499.584768 0.078703 
500.549218 0.078854 
501.513667 0.078173 
502.478117 0.077153 
503.442566 0.077376 
504.407015 0.078047 
505.371465 0.078678 
506.335914 0.078675 
507.300363 0.078758 
508.264813 0.078979 
509.229262 0.079591 
510.193711 0.080568 
511.158161 0.080612 
512.122610 0.080150 
513.087060 0.080530 
514.051509 0.081066 
515.015958 0.081303 
515.980408 0.080461 
516.944857 0.079907 
517.909306 0.080231 
518.873756 0.080182 
519.838205 0.079471 
520.802654 0.079275 
521.767104 0.079850 
522.731553 0.080209 
523.696002 0.079689 
524.660452 0.079157 
525.624901 0.078922 
526.589351 0.080163 
527.553800 0.081054 
528.518249 0.081165 
529.482699 0.081795 
530.447148 0.083898 
531.411597 0.086122 
532.376047 0.085527 
533.340496 0.085109 
534.304945 0.083988 
535.269395 0.081599 
536.233844 0.081216 
537.198294 0.080886 
538.162743 0.080460 
539.127192 0.080900 
540.091642 0.080183 
541.056091 0.079770 
542.020540 0.079579 
542.984990 0.079311 
543.949439 0.078920 
544.913888 0.078867 
545.878338 0.079243 
546.842787 0.079805 
547.807236 0.079693 
548.771686 0.079092 
549.736135 0.079402 
550.700585 0.080280 
551.665034 0.080405 
552.629483 0.080216 
553.593933 0.080373 
554.558382 0.080597 
555.522831 0.080738 
556.487281 0.080361 
557.451730 0.080131 
558.416179 0.080130 
559.380629 0.080364 
560.345078 0.080225 
561.309528 0.080222 
562.273977 0.080233 
563.238426 0.080025 
564.202876 0.080038 
565.167325 0.080033 
566.131774 0.080248 
567.096224 0.080591 
568.060673 0.080495 
569.025122 0.080157 
569.989572 0.080044 
570.954021 0.080443 
571.918470 0.080874 
572.882920 0.080761 
573.847369 0.080359 
574.811819 0.080174 
575.776268 0.080326 
576.740717 0.080236 
577.705167 0.079786 
578.669616 0.079451 
579.634065 0.079439 
580.598515 0.079813 
581.562964 0.079576 
582.527413 0.079305 
583.491863 0.079400 
584.456312 0.079613 
585.420762 0.079743 
586.385211 0.079822 
587.349660 0.080459 
588.314110 0.081032 
589.278559 0.080333 
590.243008 0.079776 
591.207458 0.079872 
592.171907 0.080239 
593.136356 0.080298 
594.100806 0.080186 
595.065255 0.079946 
596.029704 0.080247 
596.994154 0.080432 
597.958603 0.080493 
598.923053 0.080755 
599.887502 0.081129 
600.851951 0.081243 
601.816401 0.081159 
602.780850 0.081151 
603.745299 0.081116 
604.709749 0.081021 
605.674198 0.081109 
606.638647 0.081186 
607.603097 0.081217 
608.567546 0.081683 
609.531996 0.081819 
610.496445 0.081542 
611.460894 0.081733 
612.425344 0.082132 
613.389793 0.082272 
614.354242 0.082339 
615.318692 0.082625 
616.283141 0.083025 
617.247590 0.083542 
618.212040 0.084051 
619.176489 0.084674 
620.140938 0.085427 
621.105388 0.086078 
622.069837 0.086408 
623.034287 0.086867 
623.998736 0.087297 
624.963185 0.087860 
625.927635 0.088412 
626.892084 0.088892 
627.856533 0.089459 
628.820983 0.090093 
629.785432 0.090427 
630.749881 0.090141 
631.714331 0.089130 
632.678780 0.087625 
633.643230 0.085446 
634.607679 0.083351 
635.572128 0.081906 
636.536578 0.081224 
637.501027 0.080975 
638.465476 0.080808 
639.429926 0.080361 
640.394375 0.080076 
641.358824 0.079907 
642.323274 0.079663 
643.287723 0.079351 
644.252172 0.079237 
645.216622 0.079344 
646.181071 0.079349 
647.145521 0.079325 
648.109970 0.079195 
649.074419 0.079025 
650.038869 0.078963 
651.003318 0.078886 
651.967767 0.078670 
652.932217 0.078848 
653.896666 0.079264 
654.861115 0.079396 
655.825565 0.079402 
656.790014 0.079458 
657.754464 0.079805 
658.718913 0.080182 
659.683362 0.080312 
660.647812 0.080358 
661.612261 0.080684 
662.576710 0.080937 
663.541160 0.081323 
664.505609 0.081479 
665.470058 0.081768 
666.434508 0.081329 
667.398957 0.077912 
668.363406 0.073226 
669.327856 0.078751 
670.292305 0.081289 
671.256755 0.081980 
672.221204 0.081802 
673.185653 0.081732 
674.150103 0.082200 
675.114552 0.082496 
676.079001 0.082502 
677.043451 0.082313 
678.007900 0.082555 
678.972349 0.083077 
679.936799 0.083338 
680.901248 0.083613 
681.865698 0.084088 
682.830147 0.084573 
683.794596 0.084934 
684.759046 0.085182 
685.723495 0.085399 
686.687944 0.085885 
687.652394 0.086520 
688.616843 0.087336 
689.581292 0.088028 
690.545742 0.088817 
691.510191 0.089593 
692.474640 0.090242 
693.439090 0.090814 
694.403539 0.091521 
695.367989 0.092495 
696.332438 0.093504 
697.296887 0.094353 
698.261337 0.095222 
699.225786 0.096213 
700.190235 0.096967 
701.154685 0.097695 
702.119134 0.098928 
703.083583 0.100416 
704.048033 0.101777 
705.012482 0.103030 
705.976932 0.104444 
706.941381 0.106165 
707.905830 0.108099 
708.870280 0.110073 
709.834729 0.112346 
710.799178 0.114669 
711.763628 0.117398 
712.728077 0.120560 
713.692526 0.123918 
714.656976 0.127514 
715.621425 0.131692 
716.585874 0.136387 
717.550324 0.141382 
718.514773 0.146875 
719.479223 0.152854 
720.443672 0.159789 
721.408121 0.167684 
722.372571 0.175913 
723.337020 0.185236 
724.301469 0.195616 
725.265919 0.207103 
726.230368 0.220121 
727.194817 0.235407 
728.159267 0.252995 
729.123716 0.272809 
730.088166 0.295680 
731.052615 0.322433 
732.017064 0.353807 
732.981514 0.390933 
733.945963 0.434618 
734.910412 0.486015 
735.874862 0.545748 
736.839311 0.613544 
737.803760 0.689937 
738.768210 0.776096 
739.732659 0.874252 
740.697108 0.987935 
741.661558 1.118632 
742.626007 1.265512 
743.590457 1.429059 
744.554906 1.610044 
745.519355 1.800811 
746.483805 1.996978 
747.448254 2.178787 
748.412703 2.328302 
749.377153 2.414311 
750.341602 2.506240 
751.306051 2.517420 
752.270501 2.562134 
753.234950 2.539017 
754.199400 2.579801 
755.163849 2.544088 
756.128298 2.554853 
757.092748 2.548803 
758.057197 2.624938 
759.021646 2.591379 
759.986096 2.579134 
760.950545 2.533552 
761.914994 2.570752 
762.879444 2.527855 
763.843893 2.582663 
764.808342 2.588835 
765.772792 2.630599 
766.737241 2.568111 
767.701691 2.580814 
768.666140 2.536035 
769.630589 2.590458 
770.595039 2.601276 
771.559488 2.618895 
772.523937 2.562419 
773.488387 2.568646 
774.452836 2.521668 
775.417285 2.530218 
776.381735 2.518725 
777.346184 2.579909 
778.310634 2.553636 
779.275083 2.585657 
780.239532 2.583427 
781.203982 2.616046 
782.168431 2.559164 
783.132880 2.587555 
784.097330 2.582502 
785.061779 2.618205 
786.026228 2.573629 
786.990678 2.577793 
787.955127 2.539222 
788.919576 2.600499 
789.884026 2.545310 
790.848475 2.500137 
791.812925 2.430409 
792.777374 2.409721 
793.741823 2.373983 
794.706273 2.360006 
795.670722 2.345453 
796.635171 2.376338 
797.599621 2.405556 
798.564070 2.463842 
799.528519 2.501203 
800.492969 2.570422 
801.457418 2.539650 
802.421868 2.432398 
803.386317 2.113542 
804.350766 1.777683 
805.315216 1.481968 
806.279665 1.243822 
807.244114 1.054117 
808.208564 0.906723 
809.173013 0.789996 
810.137462 0.694083 
811.101912 0.611420 
812.066361 0.539809 
813.030810 0.479365 
813.995260 0.429843 
814.959709 0.390162 
815.924159 0.358787 
816.888608 0.334193 
817.853057 0.314826 
818.817507 0.298769 
819.781956 0.284228 
820.746405 0.270489 
821.710855 0.257463 
822.675304 0.244698 
823.639753 0.232278 
824.604203 0.220491 
825.568652 0.209872 
826.533102 0.200114 
827.497551 0.191079 
828.462000 0.182427 
829.426450 0.174322 
830.390899 0.167476 
831.355348 0.161635 
832.319798 0.156504 
833.284247 0.152356 
834.248696 0.149350 
835.213146 0.147250 
836.177595 0.145731 
837.142044 0.144742 
838.106494 0.144163 
839.070943 0.143730 
840.035393 0.143203 
840.999842 0.142551 
841.964291 0.142029 
842.928741 0.141411 
843.893190 0.140443 
844.857639 0.138818 
845.822089 0.136594 
846.786538 0.134279 
847.750987 0.131975 
848.715437 0.129290 
849.679886 0.126388 
850.644336 0.123934 
851.608785 0.121834 
852.573234 0.119621 
853.537684 0.117475 
854.502133 0.115607 
855.466582 0.113916 
856.431032 0.112450 
857.395481 0.111171 
858.359930 0.110133 
859.324380 0.109288 
860.288829 0.108478 
861.253278 0.107594 
862.217728 0.106795 
863.182177 0.106179 
864.146627 0.105591 
865.111076 0.104893 
866.075525 0.104013 
867.039975 0.103130 
868.004424 0.102300 
868.968873 0.101399 
869.933323 0.100438 
870.897772 0.099371 
871.862221 0.098500 
872.826671 0.097931 
873.791120 0.097435 
874.755570 0.097093 
875.720019 0.096805 
876.684468 0.096482 
877.648918 0.095960 
878.613367 0.095200 
879.577816 0.094447 
880.542266 0.093860 
881.506715 0.093197 
882.471164 0.092506 
883.435614 0.091800 
884.400063 0.091320 
885.364512 0.091095 
886.328962 0.090937 
887.293411 0.090952 
888.257861 0.091294 
889.222310 0.091778 
890.186759 0.092280 
891.151209 0.092941 
892.115658 0.093904 
893.080107 0.094904 
894.044557 0.095937 
895.009006 0.097134 
895.973455 0.098581 
896.937905 0.100253 
897.902354 0.102015 
898.866804 0.103240 
899.831253 0.103613 
900.795702 0.103231 
901.760152 0.102369 
902.724601 0.100980 
903.689050 0.099070 
904.653500 0.097132 
905.617949 0.095642 
906.582398 0.094426 
907.546848 0.093421 
908.511297 0.092702 
909.475746 0.092230 
910.440196 0.091812 
911.404645 0.091507 
912.369095 0.091355 
913.333544 0.091313 
914.297993 0.091408 
915.262443 0.091587 
916.226892 0.091901 
917.191341 0.092363 
918.155791 0.092864 
919.120240 0.093391 
920.084689 0.094087 
921.049139 0.094929 
922.013588 0.095695 
922.978038 0.096427 
923.942487 0.097142 
924.906936 0.098086 
925.871386 0.099414 
926.835835 0.100704 
927.800284 0.102008 
928.764734 0.103475 
929.729183 0.104979 
930.693632 0.106228 
931.658082 0.107159 
932.622531 0.108032 
933.586980 0.108665 
934.551430 0.108026 
935.515879 0.106533 
936.480329 0.105576 
937.444778 0.105333 
938.409227 0.105407 
939.373677 0.105763 
940.338126 0.106264 
941.302575 0.107042 
942.267025 0.108093 
943.231474 0.109272 
944.195923 0.110526 
945.160373 0.112049 
946.124822 0.113855 
947.089272 0.115898 
948.053721 0.118003 
949.018170 0.120294 
949.982620 0.122933 
950.947069 0.125627 
951.911518 0.127988 
952.875968 0.130034 
953.840417 0.132089 
954.804866 0.134270 
955.769316 0.136237 
956.733765 0.137851 
957.698214 0.139461 
958.662664 0.141470 
959.627113 0.143694 
960.591563 0.145501 
961.556012 0.146614 
962.520461 0.146816 
963.484911 0.145990 
964.449360 0.144517 
965.413809 0.142821 
966.378259 0.141458 
967.342708 0.140653 
968.307157 0.140286 
969.271607 0.140202 
970.236056 0.140690 
971.200506 0.141985 
972.164955 0.143777 
973.129404 0.145449 
974.093854 0.146919 
975.058303 0.148444 
976.022752 0.150327 
976.987202 0.152489 
977.951651 0.154874 
978.916100 0.157342 
979.880550 0.159517 
980.844999 0.160786 
981.809448 0.160726 
982.773898 0.159602 
983.738347 0.157923 
984.702797 0.156047 
985.667246 0.154256 
986.631695 0.152901 
987.596145 0.152261 
988.560594 0.152219 
989.525043 0.152494 
990.489493 0.152882 
991.453942 0.153276 
992.418391 0.153396 
993.382841 0.153203 
994.347290 0.152946 
995.311740 0.152872 
996.276189 0.153048 
997.240638 0.153495 
998.205088 0.154229 
999.169537 0.155364 
1000.133986 0.156814 
1001.098436 0.158434 
1002.062885 0.160250 
1003.027334 0.162347 
1003.991784 0.164631 
1004.956233 0.167053 
1005.920682 0.169538 
1006.885132 0.171845 
1007.849581 0.173715 
1008.814031 0.174475 
1009.778480 0.173900 
1010.742929 0.172363 
1011.707379 0.170258 
1012.671828 0.167719 
1013.636277 0.164791 
1014.600727 0.161647 
1015.565176 0.158659 
1016.529625 0.156268 
1017.494075 0.154504 
1018.458524 0.153255 
1019.422974 0.152448 
1020.387423 0.152193 
1021.351872 0.152226 
1022.316322 0.152464 
1023.280771 0.153237 
1024.245220 0.154754 
1025.209670 0.156814 
1026.174119 0.159081 
1027.138568 0.161104 
1028.103018 0.162442 
1029.067467 0.162481 
1030.031916 0.161049 
1030.996366 0.158848 
1031.960815 0.157191 
1032.925265 0.157129 
1033.889714 0.158836 
1034.854163 0.162103 
1035.818613 0.166815 
1036.783062 0.172513 
1037.747511 0.178219 
1038.711961 0.183004 
1039.676410 0.186033 
1040.640859 0.186674 
1041.605309 0.185219 
1042.569758 0.182433 
1043.534208 0.179076 
1044.498657 0.175841 
1045.463106 0.173089 
1046.427556 0.170750 
1047.392005 0.168857 
1048.356454 0.167519 
1049.320904 0.167011 
1050.285353 0.167052 
1051.249802 0.167280 
1052.214252 0.167556 
1053.178701 0.167881 
1054.143150 0.168193 
1055.107600 0.168455 
1056.072049 0.169066 
1057.036499 0.170611 
1058.000948 0.172988 
1058.965397 0.175716 
1059.929847 0.178279 
1060.894296 0.180492 
1061.858745 0.182707 
1062.823195 0.185112 
1063.787644 0.187817 
1064.752093 0.191151 
1065.716543 0.195227 
1066.680992 0.199780 
1067.645442 0.204238 
1068.609891 0.208145 
1069.574340 0.211114 
1070.538790 0.212756 
1071.503239 0.212831 
1072.467688 0.211457 
1073.432138 0.209172 
1074.396587 0.206351 
1075.361036 0.203196 
1076.325486 0.199960 
1077.289935 0.196749 
1078.254384 0.193952 
1079.218834 0.191922 
1080.183283 0.190380 
1081.147733 0.189163 
1082.112182 0.188724 
1083.076631 0.189333 
1084.041081 0.191004 
1085.005530 0.193905 
1085.969979 0.198100 
1086.934429 0.203586 
1087.898878 0.210480 
1088.863327 0.218789 
1089.827777 0.228595 
1090.792226 0.239953 
1091.756676 0.252828 
1092.721125 0.266901 
1093.685574 0.282050 
1094.650024 0.297898 
1095.614473 0.313949 
1096.578922 0.329652 
1097.543372 0.344484 
1098.507821 0.358028 
1099.472270 0.370066 
1100.436720 0.380280 
1101.401169 0.389037 
1102.365618 0.397045 
1103.330068 0.404794 
1104.294517 0.412119 
1105.258967 0.418586 
1106.223416 0.423397 
1107.187865 0.426064 
1108.152315 0.426534 
1109.116764 0.425397 
1110.081213 0.423469 
1111.045663 0.422428 
1112.010112 0.423842 
1112.974561 0.429278 
1113.939011 0.439027 
1114.903460 0.452040 
1115.867910 0.465952 
1116.832359 0.478123 
1117.796808 0.486501 
1118.761258 0.490924 
1119.725707 0.491946 
1120.690156 0.490157 
1121.654606 0.485891 
1122.619055 0.479726 
1123.583504 0.471966 
1124.547954 0.462653 
1125.512403 0.451380 
1126.476852 0.438110 
1127.441302 0.423011 
1128.405751 0.406558 
1129.370201 0.388857 
1130.334650 0.370171 
1131.299099 0.351266 
1132.263549 0.333410 
1133.227998 0.316857 
1134.192447 0.301436 
1135.156897 0.286977 
1136.121346 0.273343 
1137.085795 0.260179 
1138.050245 0.247452 
1139.014694 0.235561 
1139.979144 0.225136 
1140.943593 0.216325 
1141.908042 0.208899 
1142.872492 0.202725 
1143.836941 0.197779 
1144.801390 0.194018 
1145.765840 0.190914 
1146.730289 0.188003 
1147.694738 0.185324 
1148.659188 0.183020 
1149.623637 0.180974 
1150.588086 0.179039 
1151.552536 0.177164 
1152.516985 0.175370 
1153.481435 0.173548 
1154.445884 0.171505 
1155.410333 0.169270 
1156.374783 0.166990 
1157.339232 0.164812 
1158.303681 0.162624 
1159.268131 0.160178 
1160.232580 0.157491 
1161.197029 0.154684 
1162.161479 0.151653 
1163.125928 0.148204 
1164.090378 0.144472 
1165.054827 0.140507 
1166.019276 0.136362 
1166.983726 0.132454 
1167.948175 0.129111 
1168.912624 0.126419 
1169.877074 0.124406 
1170.841523 0.122738 
1171.805972 0.121151 
1172.770422 0.119684 
1173.734871 0.118234 
1174.699320 0.116609 
1175.663770 0.114856 
1176.628219 0.113082 
1177.592669 0.111694 
1178.557118 0.110775 
1179.521567 0.110108 
1180.486017 0.109608 
1181.450466 0.109073 
1182.414915 0.108212 
1183.379365 0.107468 
1184.343814 0.106922 
1185.308263 0.106639 
1186.272713 0.106604 
1187.237162 0.106625 
1188.201612 0.106613 
1189.166061 0.106736 
1190.130510 0.107071 
1191.094960 0.107486 
1192.059409 0.107915 
1193.023858 0.108449 
1193.988308 0.109063 
1194.952757 0.109755 
1195.917206 0.110492 
1196.881656 0.111193 
1197.846105 0.111975 
1198.810554 0.112881 
1199.775004 0.113724 
1200.739453 0.114475 
1201.703903 0.115265 
1202.668352 0.116133 
1203.632801 0.117013 
1204.597251 0.117790 
1205.561700 0.118457 
1206.526149 0.119290 
1207.490599 0.120167 
1208.455048 0.120915 
1209.419497 0.121635 
1210.383947 0.122376 
1211.348396 0.123056 
1212.312846 0.123665 
1213.277295 0.124160 
1214.241744 0.124656 
1215.206194 0.125293 
1216.170643 0.125966 
1217.135092 0.126542 
1218.099542 0.127021 
1219.063991 0.127549 
1220.028440 0.128125 
1220.992890 0.128665 
1221.957339 0.129231 
1222.921788 0.129961 
1223.886238 0.130933 
1224.850687 0.131883 
1225.815137 0.132737 
1226.779586 0.133831 
1227.744035 0.135451 
1228.708485 0.137463 
1229.672934 0.139804 
1230.637383 0.142442 
1231.601833 0.144967 
1232.566282 0.146744 
1233.530731 0.147545 
1234.495181 0.147329 
1235.459630 0.146195 
1236.424080 0.144358 
1237.388529 0.142252 
1238.352978 0.140273 
1239.317428 0.138830 
1240.281877 0.138072 
1241.246326 0.137856 
1242.210776 0.138032 
1243.175225 0.138575 
1244.139674 0.139526 
1245.104124 0.140694 
1246.068573 0.141863 
1247.033022 0.142768 
1247.997472 0.143480 
1248.961921 0.144145 
1249.926371 0.144685 
1250.890820 0.145210 
1251.855269 0.145791 
1252.819719 0.146324 
1253.784168 0.146597 
1254.748617 0.146606 
1255.713067 0.146364 
1256.677516 0.145810 
1257.641965 0.144891 
1258.606415 0.143574 
1259.570864 0.141854 
1260.535314 0.139987 
1261.499763 0.138128 
1262.464212 0.136246 
1263.428662 0.134325 
1264.393111 0.132568 
1265.357560 0.131091 
1266.322010 0.129799 
1267.286459 0.128433 
1268.250908 0.126967 
1269.215358 0.125370 
1270.179807 0.123538 
1271.144256 0.121471 
1272.108706 0.119334 
1273.073155 0.117365 
1274.037605 0.115540 
1275.002054 0.113780 
1275.966503 0.112259 
1276.930953 0.110993 
1277.895402 0.110012 
1278.859851 0.109265 
1279.824301 0.108641 
1280.788750 0.108161 
1281.753199 0.107816 
1282.717649 0.107502 
1283.682098 0.107308 
1284.646548 0.107345 
1285.610997 0.107505 
1286.575446 0.107762 
1287.539896 0.108095 
1288.504345 0.108467 
1289.468794 0.109017 
1290.433244 0.109717 
1291.397693 0.110414 
1292.362142 0.111282 
1293.326592 0.112409 
1294.291041 0.113649 
1295.255490 0.114940 
1296.219940 0.116416 
1297.184389 0.118107 
1298.148839 0.119764 
1299.113288 0.121067 
1300.077737 0.121810 
1301.042187 0.122326 
1302.006636 0.122739 
1302.971085 0.123188 
1303.935535 0.123321 
1304.899984 0.123044 
1305.864433 0.122457 
1306.828883 0.121578 
1307.793332 0.120165 
1308.757782 0.118176 
1309.722231 0.115974 
1310.686680 0.114040 
1311.651130 0.112545 
1312.615579 0.111476 
1313.580028 0.110574 
1314.544478 0.110112 
1315.508927 0.109955 
1316.473376 0.110007 
1317.437826 0.110182 
1318.402275 0.110448 
1319.366724 0.110584 
1320.331174 0.110210 
1321.295623 0.109590 
1322.260073 0.108943 
1323.224522 0.108583 
1324.188971 0.108271 
1325.153421 0.107927 
1326.117870 0.107750 
1327.082319 0.107891 
1328.046769 0.108147 
1329.011218 0.108521 
1329.975667 0.109174 
1330.940117 0.110231 
1331.904566 0.111804 
1332.869016 0.113854 
1333.833465 0.116208 
1334.797914 0.118707 
1335.762364 0.120864 
1336.726813 0.122086 
1337.691262 0.121820 
1338.655712 0.121042 
1339.620161 0.120148 
1340.584610 0.119122 
1341.549060 0.118009 
1342.513509 0.117314 
1343.477958 0.116821 
1344.442408 0.116778 
1345.406857 0.117135 
1346.371307 0.118006 
1347.335756 0.119449 
1348.300205 0.121426 
1349.264655 0.123777 
1350.229104 0.126405 
1351.193553 0.129122 
1352.158003 0.132255 
1353.122452 0.135821 
1354.086901 0.140256 
1355.051351 0.146065 
1356.015800 0.152221 
1356.980250 0.156832 
1357.944699 0.158889 
1358.909148 0.158973 
1359.873598 0.159403 
1360.838047 0.161577 
1361.802496 0.164860 
1362.766946 0.168039 
1363.731395 0.170135 
1364.695844 0.171118 
1365.660294 0.172299 
1366.624743 0.173765 
1367.589192 0.175743 
1368.553642 0.178527 
1369.518091 0.182038 
1370.482541 0.185686 
1371.446990 0.189454 
1372.411439 0.192892 
1373.375889 0.196502 
1374.340338 0.200624 
1375.304787 0.206399 
1376.269237 0.213964 
1377.233686 0.222640 
1378.198135 0.228835 
1379.162585 0.227457 
1380.127034 0.217577 
1381.091484 0.203657 
1382.055933 0.189079 
1383.020382 0.175932 
1383.984832 0.164955 
1384.949281 0.156228 
1385.913730 0.149487 
1386.878180 0.144143 
1387.842629 0.138454 
1388.807078 0.134992 
1389.771528 0.132839 
1390.735977 0.130879 
1391.700426 0.129200 
1392.664876 0.127906 
1393.629325 0.127045 
1394.593775 0.126131 
1395.558224 0.125089 
1396.522673 0.124312 
1397.487123 0.123837 
1398.451572 0.123289 
1399.416021 0.122333 
1400.380471 0.121505 
1401.344920 0.121125 
1402.309369 0.120762 
1403.273819 0.120335 
1404.238268 0.119993 
1405.202718 0.119988 
1406.167167 0.120040 
1407.131616 0.120274 
1408.096066 0.120589 
1409.060515 0.121262 
1410.024964 0.122028 
1410.989414 0.122468 
1411.953863 0.122359 
1412.918312 0.121694 
1413.882762 0.120828 
1414.847211 0.120088 
1415.811660 0.119414 
1416.776110 0.118915 
1417.740559 0.118233 
1418.705009 0.117877 
1419.669458 0.117327 
1420.633907 0.116936 
1421.598357 0.116963 
1422.562806 0.117333 
1423.527255 0.118061 
1424.491705 0.118886 
1425.456154 0.119484 
1426.420603 0.120903 
1427.385053 0.122957 
1428.349502 0.125672 
1429.313952 0.129114 
1430.278401 0.135861 
1431.242850 0.143265 
1432.207300 0.150827 
1433.171749 0.155922 
1434.136198 0.155414 
1435.100648 0.151067 
1436.065097 0.146743 
1437.029546 0.139198 
1437.993996 0.135896 
1438.958445 0.134791 
1439.922894 0.133963 
1440.887344 0.133756 
1441.851793 0.134447 
1442.816243 0.135989 
1443.780692 0.138699 
1444.745141 0.142368 
1445.709591 0.147088 
1446.674040 0.152187 
1447.638489 0.159377 
1448.602939 0.169506 
1449.567388 0.177286 
1450.531837 0.183723 
1451.496287 0.189042 
1452.460736 0.195791 
1453.425186 0.204910 
1454.389635 0.217049 
1455.354084 0.231197 
1456.318534 0.243951 
1457.282983 0.251212 
1458.247432 0.251939 
1459.211882 0.247738 
1460.176331 0.246777 
1461.140780 0.247802 
1462.105230 0.252211 
1463.069679 0.259254 
1464.034128 0.269490 
1464.998578 0.284704 
1465.963027 0.293938 
1466.927477 0.284865 
1467.891926 0.262995 
1468.856375 0.238103 
1469.820825 0.218561 
1470.785274 0.204436 
1471.749723 0.192323 
1472.714173 0.176989 
1473.678622 0.167843 
1474.643071 0.161359 
1475.607521 0.158232 
1476.571970 0.152598 
1477.536420 0.149508 
1478.500869 0.148355 
1479.465318 0.147990 
1480.429768 0.147882 
1481.394217 0.147665 
1482.358666 0.146774 
1483.323116 0.146324 
1484.287565 0.145489 
1485.252014 0.143765 
1486.216464 0.140524 
1487.180913 0.135066 
1488.145362 0.128636 
1489.109812 0.125153 
1490.074261 0.120042 
1491.038711 0.116543 
1492.003160 0.114824 
1492.967609 0.113839 
1493.932059 0.112762 
1494.896508 0.111996 
1495.860957 0.111240 
1496.825407 0.111109 
1497.789856 0.110803 
1498.754305 0.111045 
1499.718755 0.110920 
1500.683204 0.111319 
1501.647654 0.111691 
1502.612103 0.112083 
1503.576552 0.112118 
1504.541002 0.112397 
1505.505451 0.112156 
1506.469900 0.112183 
1507.434350 0.113825 
1508.398799 0.115444 
1509.363248 0.115937 
1510.327698 0.116674 
1511.292147 0.116653 
1512.256596 0.117540 
1513.221046 0.117998 
1514.185495 0.118331 
1515.149945 0.118762 
1516.114394 0.118980 
1517.078843 0.119522 
1518.043293 0.121021 
1519.007742 0.121190 
1519.972191 0.121766 
1520.936641 0.122615 
1521.901090 0.123186 
1522.865539 0.123697 
1523.829989 0.124192 
1524.794438 0.124715 
1525.758888 0.125879 
1526.723337 0.126417 
1527.687786 0.127688 
1528.652236 0.128817 
1529.616685 0.129994 
1530.581134 0.130979 
1531.545584 0.132568 
1532.510033 0.133265 
1533.474482 0.135021 
1534.438932 0.138060 
1535.403381 0.139957 
1536.367830 0.141652 
1537.332280 0.143127 
1538.296729 0.144048 
1539.261179 0.146769 
1540.225628 0.150919 
1541.190077 0.152014 
1542.154527 0.153843 
1543.118976 0.156821 
1544.083425 0.157970 
1545.047875 0.160070 
1546.012324 0.161667 
1546.976773 0.162352 
1547.941223 0.162950 
1548.905672 0.163478 
1549.870122 0.164213 
1550.834571 0.164193 
1551.799020 0.163420 
1552.763470 0.162779 
1553.727919 0.161950 
1554.692368 0.161274 
1555.656818 0.159573 
1556.621267 0.158271 
1557.585716 0.156672 
1558.550166 0.154047 
1559.514615 0.151375 
1560.479064 0.150047 
1561.443514 0.148390 
1562.407963 0.146956 
1563.372413 0.145093 
1564.336862 0.143451 
1565.301311 0.141638 
1566.265761 0.140059 
1567.230210 0.138676 
1568.194659 0.137333 
1569.159109 0.136264 
1570.123558 0.135284 
1571.088007 0.134304 
1572.052457 0.133801 
1573.016906 0.133192 
1573.981356 0.132568 
1574.945805 0.131834 
1575.910254 0.131753 
1576.874704 0.131969 
1577.839153 0.131685 
1578.803602 0.131524 
1579.768052 0.131423 
1580.732501 0.131207 
1581.696950 0.130990 
1582.661400 0.130645 
1583.625849 0.130250 
1584.590298 0.129666 
1585.554748 0.129023 
1586.519197 0.128263 
1587.483647 0.127417 
1588.448096 0.126372 
1589.412545 0.125370 
1590.376995 0.124255 
1591.341444 0.123038 
1592.305893 0.121666 
1593.270343 0.120369 
1594.234792 0.119057 
1595.199241 0.117871 
1596.163691 0.116696 
1597.128140 0.115466 
1598.092590 0.114226 
1599.057039 0.113069 
1600.021488 0.111800 
1600.985938 0.110699 
1601.950387 0.109574 
1602.914836 0.108691 
1603.879286 0.107841 
1604.843735 0.107106 
1605.808184 0.106399 
1606.772634 0.105818 
1607.737083 0.105204 
1608.701532 0.104615 
1609.665982 0.104295 
1610.630431 0.103959 
1611.594881 0.103617 
1612.559330 0.103416 
1613.523779 0.103246 
1614.488229 0.103038 
1615.452678 0.102459 
1616.417127 0.102324 
1617.381577 0.102957 
1618.346026 0.102632 
1619.310475 0.102420 
1620.274925 0.102318 
1621.239374 0.102272 
1622.203824 0.101904 
1623.168273 0.101731 
1624.132722 0.101798 
1625.097172 0.101502 
1626.061621 0.101239 
1627.026070 0.100889 
1627.990520 0.100997 
1628.954969 0.100913 
1629.919418 0.100805 
1630.883868 0.100625 
1631.848317 0.100352 
1632.812766 0.100107 
1633.777216 0.099681 
1634.741665 0.099075 
1635.706115 0.099620 
1636.670564 0.099016 
1637.635013 0.099330 
1638.599463 0.099569 
1639.563912 0.099299 
1640.528361 0.099087 
1641.492811 0.098916 
1642.457260 0.098980 
1643.421709 0.098920 
1644.386159 0.098417 
1645.350608 0.097815 
1646.315058 0.097722 
1647.279507 0.097728 
1648.243956 0.098392 
1649.208406 0.098316 
1650.172855 0.098017 
1651.137304 0.097345 
1652.101754 0.095847 
1653.066203 0.092699 
1654.030652 0.095993 
1654.995102 0.097472 
1655.959551 0.097175 
1656.924000 0.097003 
1657.888450 0.096884 
1658.852899 0.096772 
1659.817349 0.096590 
1660.781798 0.096331 
1661.746247 0.095800 
1662.710697 0.095731 
1663.675146 0.095891 
1664.639595 0.095640 
1665.604045 0.095502 
1666.568494 0.095306 
1667.532943 0.094995 
1668.497393 0.094563 
1669.461842 0.094721 
1670.426292 0.094215 
1671.390741 0.094203 
1672.355190 0.094291 
1673.319640 0.093758 
1674.284089 0.093080 
1675.248538 0.093451 
1676.212988 0.094118 
1677.177437 0.093792 
1678.141886 0.093545 
1679.106336 0.093209 
1680.070785 0.093435 
1681.035234 0.093342 
1681.999684 0.092752 
1682.964133 0.092094 
1683.928583 0.091321 
1684.893032 0.092187 
1685.857481 0.092703 
1686.821931 0.092604 
1687.786380 0.092874 
1688.750829 0.093002 
1689.715279 0.092849 
1690.679728 0.092860 
1691.644177 0.092727 
1692.608627 0.092698 
1693.573076 0.092401 
1694.537526 0.091678 
1695.501975 0.091176 
1696.466424 0.091495 
1697.430874 0.091632 
1698.395323 0.091450 
1699.359772 0.090757 
1700.324222 0.090866 
1701.288671 0.091655 
1702.253120 0.091720 
1703.217570 0.091775 
1704.182019 0.092010 
1705.146468 0.092058 
1706.110918 0.092123 
1707.075367 0.092751 
1708.039817 0.092854 
1709.004266 0.093058 
1709.968715 0.093396 
1710.933165 0.093515 
1711.897614 0.093426 
1712.862063 0.093453 
1713.826513 0.093376 
1714.790962 0.093745 
1715.755411 0.093595 
1716.719861 0.092904 
1717.684310 0.092049 
1718.648760 0.092414 
1719.613209 0.092974 
1720.577658 0.093091 
1721.542108 0.093260 
1722.506557 0.093230 
1723.471006 0.093334 
1724.435456 0.093342 
1725.399905 0.093499 
1726.364354 0.093848 
1727.328804 0.094116 
1728.293253 0.094362 
1729.257702 0.094831 
1730.222152 0.095678 
1731.186601 0.095535 
1732.151051 0.095201 
1733.115500 0.094869 
1734.079949 0.094189 
1735.044399 0.093579 
1736.008848 0.093312 
1736.973297 0.093216 
1737.937747 0.092864 
1738.902196 0.092274 
1739.866645 0.091983 
1740.831095 0.091552 
1741.795544 0.091133 
1742.759994 0.091044 
1743.724443 0.090918 
1744.688892 0.090391 
1745.653342 0.089944 
1746.617791 0.089535 
1747.582240 0.089223 
1748.546690 0.089097 
1749.511139 0.088834 
1750.475588 0.088449 
1751.440038 0.088689 
1752.404487 0.088266 
1753.368936 0.088079 
1754.333386 0.088056 
1755.297835 0.087813 
1756.262285 0.087598 
1757.226734 0.087791 
1758.191183 0.087665 
1759.155633 0.087590 
1760.120082 0.087251 
1761.084531 0.087101 
1762.048981 0.087487 
1763.013430 0.087326 
1763.977879 0.087213 
1764.942329 0.087209 
1765.906778 0.087204 
1766.871228 0.087075 
1767.835677 0.087179 
1768.800126 0.087293 
1769.764576 0.086825 
1770.729025 0.086780 
1771.693474 0.086660 
1772.657924 0.086891 
1773.622373 0.086983 
1774.586822 0.086967 
1775.551272 0.087281 
1776.515721 0.087268 
1777.480170 0.087107 
1778.444620 0.087245 
1779.409069 0.087193 
1780.373519 0.087237 
1781.337968 0.087395 
1782.302417 0.087378 
1783.266867 0.087411 
1784.231316 0.087478 
1785.195765 0.087773 
1786.160215 0.087605 
1787.124664 0.087605 
1788.089113 0.087748 
1789.053563 0.087720 
1790.018012 0.087689 
1790.982462 0.087799 
1791.946911 0.087572 
1792.911360 0.087917 
1793.875810 0.087828 
1794.840259 0.087835 
1795.804708 0.088296 
1796.769158 0.088399 
1797.733607 0.088083 
1798.698056 0.087914 
1799.662506 0.088183 
1800.626955 0.088109 
1801.591404 0.088248 
1802.555854 0.088556 
1803.520303 0.088400 
1804.484753 0.088273 
1805.449202 0.088244 
1806.413651 0.088225 
1807.378101 0.088429 
1808.342550 0.088439 
1809.306999 0.088076 
1810.271449 0.088089 
1811.235898 0.088297 
1812.200347 0.088370 
1813.164797 0.088280 
1814.129246 0.088122 
1815.093696 0.088198 
1816.058145 0.088244 
1817.022594 0.088449 
1817.987044 0.088469 
1818.951493 0.088290 
1819.915942 0.088220 
1820.880392 0.088248 
1821.844841 0.088248 
1822.809290 0.088270 
1823.773740 0.088009 
1824.738189 0.088108 
1825.702638 0.088460 
1826.667088 0.088167 
1827.631537 0.088007 
1828.595987 0.087827 
1829.560436 0.088025 
1830.524885 0.088257 
1831.489335 0.088135 
1832.453784 0.088220 
1833.418233 0.088357 
1834.382683 0.088312 
1835.347132 0.088188 
1836.311581 0.088207 
1837.276031 0.088433 
1838.240480 0.088435 
1839.204930 0.088371 
1840.169379 0.088375 
1841.133828 0.088368 
1842.098278 0.088420 
1843.062727 0.088169 
1844.027176 0.088517 
1844.991626 0.088737 
1845.956075 0.088375 
1846.920524 0.088340 
1847.884974 0.088641 
1848.849423 0.088675 
1849.813872 0.088585 
1850.778322 0.088608 
1851.742771 0.088575 
1852.707221 0.088539 
1853.671670 0.088587 
1854.636119 0.088691 
1855.600569 0.088734 
1856.565018 0.088744 
1857.529467 0.088742 
1858.493917 0.088812 
1859.458366 0.088788 
1860.422815 0.088656 
1861.387265 0.088643 
1862.351714 0.088586 
1863.316164 0.088546 
1864.280613 0.088459 
1865.245062 0.088327 
1866.209512 0.088326 
1867.173961 0.088253 
1868.138410 0.088201 
1869.102860 0.088399 
1870.067309 0.088483 
1871.031758 0.088328 
1871.996208 0.088200 
1872.960657 0.088054 
1873.925106 0.088007 
1874.889556 0.088022 
1875.854005 0.088100 
1876.818455 0.088054 
1877.782904 0.088024 
1878.747353 0.088063 
1879.711803 0.088114 
1880.676252 0.088089 
1881.640701 0.088124 
1882.605151 0.088184 
1883.569600 0.088241 
1884.534049 0.088275 
1885.498499 0.088300 
1886.462948 0.088296 
1887.427398 0.088328 
1888.391847 0.088242 
1889.356296 0.088587 
1890.320746 0.088721 
1891.285195 0.088606 
1892.249644 0.088687 
1893.214094 0.088708 
1894.178543 0.088730 
1895.142992 0.088934 
1896.107442 0.089010 
1897.071891 0.089028 
1898.036340 0.089107 
1899.000790 0.089141 
1899.965239 0.089255 
1900.929689 0.089300 
1901.894138 0.089369 
1902.858587 0.089441 
1903.823037 0.089578 
1904.787486 0.089608 
1905.751935 0.089579 
1906.716385 0.089543 
1907.680834 0.089723 
1908.645283 0.089741 
1909.609733 0.089792 
1910.574182 0.089856 
1911.538632 0.089812 
1912.503081 0.089928 
1913.467530 0.090007 
1914.431980 0.090066 
1915.396429 0.090147 
1916.360878 0.090078 
1917.325328 0.090061 
1918.289777 0.090468 
1919.254226 0.090387 
1920.218676 0.090377 
1921.183125 0.090369 
1922.147574 0.090596 
1923.112024 0.090898 
1924.076473 0.090761 
1925.040923 0.090714 
1926.005372 0.090742 
1926.969821 0.090774 
1927.934271 0.090934 
1928.898720 0.091035 
1929.863169 0.091042 
1930.827619 0.091038 
1931.792068 0.091111 
1932.756517 0.091242 
1933.720967 0.091273 
1934.685416 0.091224 
1935.649866 0.091300 
1936.614315 0.091368 
1937.578764 0.091356 
1938.543214 0.091305 
1939.507663 0.091359 
1940.472112 0.091458 
1941.436562 0.091458 
1942.401011 0.091764 
1943.365460 0.091726 
1944.329910 0.091495 
1945.294359 0.091609 
1946.258808 0.091644 
1947.223258 0.091671 
1948.187707 0.091743 
1949.152157 0.092150 
1950.116606 0.092308 
1951.081055 0.091946 
1952.045505 0.091677 
1953.009954 0.091670 
1953.974403 0.091663 
1954.938853 0.091747 
1955.903302 0.091857 
1956.867751 0.092503 
1957.832201 0.095144 
1958.796650 0.098443 
1959.761100 0.096211 
1960.725549 0.092762 
1961.689998 0.091860 
1962.654448 0.091671 
1963.618897 0.091618 
1964.583346 0.091564 
1965.547796 0.091546 
1966.512245 0.091577 
1967.476694 0.091692 
1968.441144 0.091564 
1969.405593 0.091502 
1970.370042 0.091507 
1971.334492 0.091462 
1972.298941 0.091430 
1973.263391 0.091435 
1974.227840 0.091454 
1975.192289 0.091392 
1976.156739 0.091333 
1977.121188 0.091324 
1978.085637 0.091349 
1979.050087 0.091325 
1980.014536 0.091252 
1980.978985 0.091236 
1981.943435 0.091315 
1982.907884 0.091318 
1983.872334 0.091205 
1984.836783 0.091112 
1985.801232 0.091141 
1986.765682 0.091164 
1987.730131 0.091189 
1988.694580 0.091251 
1989.659030 0.091162 
1990.623479 0.091085 
1991.587928 0.091376 
1992.552378 0.091623 
1993.516827 0.091428 
1994.481276 0.091414 
1995.445726 0.091434 
1996.410175 0.091463 
1997.374625 0.091463 
1998.339074 0.091527 
1999.303523 0.091582 
2000.267973 0.091568 
2001.232422 0.091549 
2002.196871 0.091604 
2003.161321 0.091732 
2004.125770 0.091786 
2005.090219 0.091756 
2006.054669 0.091768 
2007.019118 0.091836 
2007.983568 0.091880 
2008.948017 0.091931 
2009.912466 0.091962 
2010.876916 0.092010 
2011.841365 0.092112 
2012.805814 0.092141 
2013.770264 0.092189 
2014.734713 0.092261 
2015.699162 0.092314 
2016.663612 0.092503 
2017.628061 0.092564 
2018.592510 0.092700 
2019.556960 0.092757 
2020.521409 0.092632 
2021.485859 0.092648 
2022.450308 0.092776 
2023.414757 0.092897 
2024.379207 0.092924 
2025.343656 0.092984 
2026.308105 0.093139 
2027.272555 0.093555 
2028.237004 0.094553 
2029.201453 0.095151 
2030.165903 0.094277 
2031.130352 0.093708 
2032.094802 0.093681 
2033.059251 0.093717 
2034.023700 0.093699 
2034.988150 0.093734 
2035.952599 0.093766 
2036.917048 0.093785 
2037.881498 0.093765 
2038.845947 0.093748 
2039.810396 0.093728 
2040.774846 0.093842 
2041.739295 0.093903 
2042.703744 0.093797 
2043.668194 0.093789 
2044.632643 0.093846 
2045.597093 0.093858 
2046.561542 0.093861 
2047.525991 0.093866 
2048.490441 0.093963 
2049.454890 0.094021 
2050.419339 0.094013 
2051.383789 0.094002 
2052.348238 0.094045 
2053.312687 0.094073 
2054.277137 0.094007 
2055.241586 0.093976 
2056.206036 0.094028 
2057.170485 0.094119 
2058.134934 0.094152 
2059.099384 0.094120 
2060.063833 0.094135 
2061.028282 0.094150 
2061.992732 0.094142 
2062.957181 0.094156 
2063.921630 0.094238 
2064.886080 0.094410 
2065.850529 0.094404 
2066.814978 0.094290 
2067.779428 0.094285 
2068.743877 0.094326 
2069.708327 0.094362 
2070.672776 0.094402 
2071.637225 0.094416 
2072.601675 0.094463 
2073.566124 0.094567 
2074.530573 0.094609 
2075.495023 0.094656 
2076.459472 0.094734 
2077.423921 0.094802 
2078.388371 0.094833 
2079.352820 0.094837 
2080.317270 0.094809 
2081.281719 0.094836 
2082.246168 0.094816 
2083.210618 0.094757 
2084.175067 0.094684 
2085.139516 0.094647 
2086.103966 0.094655 
2087.068415 0.094639 
2088.032864 0.094560 
2088.997314 0.094542 
2089.961763 0.094649 
2090.926212 0.094651 
2091.890662 0.094535 
2092.855111 0.094495 
2093.819561 0.094541 
2094.784010 0.094596 
2095.748459 0.094542 
2096.712909 0.094499 
2097.677358 0.094529 
2098.641807 0.094541 
2099.606257 0.094497 
2100.570706 0.094381 
2101.535155 0.094303 
2102.499605 0.094337 
2103.464054 0.094295 
2104.428504 0.094185 
2105.392953 0.094091 
2106.357402 0.094062 
2107.321852 0.094015 
2108.286301 0.093895 
2109.250750 0.093774 
2110.215200 0.093756 
2111.179649 0.093767 
2112.144098 0.093764 
2113.108548 0.093718 
2114.072997 0.093695 
2115.037446 0.093771 
2116.001896 0.093745 
2116.966345 0.093647 
2117.930795 0.093628 
2118.895244 0.093619 
2119.859693 0.093579 
2120.824143 0.093485 
2121.788592 0.093432 
2122.753041 0.093468 
2123.717491 0.093493 
2124.681940 0.093436 
2125.646389 0.093375 
2126.610839 0.093395 
2127.575288 0.093470 
2128.539738 0.093484 
2129.504187 0.093441 
2130.468636 0.093446 
2131.433086 0.093469 
2132.397535 0.093443 
2133.361984 0.093400 
2134.326434 0.093393 
2135.290883 0.093451 
2136.255332 0.093460 
2137.219782 0.093414 
2138.184231 0.093335 
2139.148680 0.093336 
2140.113130 0.093362 
2141.077579 0.093343 
2142.042029 0.093315 
2143.006478 0.093294 
2143.970927 0.093255 
2144.935377 0.093244 
2145.899826 0.093203 
2146.864275 0.093181 
2147.828725 0.093190 
2148.793174 0.093231 
2149.757623 0.093253 
2150.722073 0.093282 
2151.686522 0.093311 
2152.650972 0.093337 
2153.615421 0.093358 
2154.579870 0.093373 
2155.544320 0.093378 
2156.508769 0.093425 
2157.473218 0.093512 
2158.437668 0.093566 
2159.402117 0.093570 
2160.366566 0.093631 
2161.331016 0.093711 
2162.295465 0.093705 
2163.259914 0.093705 
2164.224364 0.093767 
2165.188813 0.093790 
2166.153263 0.093822 
2167.117712 0.093833 
2168.082161 0.093874 
2169.046611 0.093911 
2170.011060 0.093904 
2170.975509 0.093883 
2171.939959 0.093934 
2172.904408 0.093956 
2173.868857 0.093925 
2174.833307 0.093908 
2175.797756 0.093919 
2176.762206 0.093894 
2177.726655 0.093856 
2178.691104 0.093855 
2179.655554 0.093877 
2180.620003 0.093834 
2181.584452 0.093794 
2182.548902 0.093776 
2183.513351 0.093761 
2184.477800 0.093739 
2185.442250 0.093750 
2186.406699 0.093776 
2187.371148 0.093783 
2188.335598 0.093790 
2189.300047 0.093854 
2190.264497 0.093857 
2191.228946 0.093795 
2192.193395 0.093764 
2193.157845 0.093805 
2194.122294 0.093779 
2195.086743 0.093726 
2196.051193 0.093783 
2197.015642 0.093824 
2197.980091 0.093789 
2198.944541 0.093799 
2199.908990 0.093795 
2200.873440 0.093769 
2201.837889 0.093798 
2202.802338 0.093831 
2203.766788 0.093762 
2204.731237 0.093746 
2205.695686 0.093796 
2206.660136 0.093811 
2207.624585 0.093778 
2208.589034 0.093770 
2209.553484 0.093805 
2210.517933 0.093825 
2211.482382 0.093815 
2212.446832 0.093824 
2213.411281 0.093836 
2214.375731 0.093840 
2215.340180 0.093823 
2216.304629 0.093819 
2217.269079 0.093831 
2218.233528 0.093896 
2219.197977 0.093912 
2220.162427 0.093878 
2221.126876 0.093872 
2222.091325 0.093909 
2223.055775 0.093918 
2224.020224 0.093943 
2224.984674 0.093965 
2225.949123 0.093987 
2226.913572 0.094028 
2227.878022 0.094064 
2228.842471 0.094049 
2229.806920 0.094061 
2230.771370 0.094106 
2231.735819 0.094183 
2232.700268 0.094229 
2233.664718 0.094258 
2234.629167 0.094281 
2235.593616 0.094342 
2236.558066 0.094378 
2237.522515 0.094402 
2238.486965 0.094416 
2239.451414 0.094500 
2240.415863 0.094590 
2241.380313 0.094654 
2242.344762 0.094689 
2243.309211 0.094745 
2244.273661 0.094800 
2245.238110 0.094897 
2246.202559 0.094965 
2247.167009 0.095037 
2248.131458 0.095101 
2249.095908 0.095170 
2250.060357 0.095247 
2251.024806 0.095305 
2251.989256 0.095406 
2252.953705 0.095545 
2253.918154 0.095612 
2254.882604 0.095668 
2255.847053 0.095739 
2256.811502 0.095847 
2257.775952 0.095938 
2258.740401 0.096011 
2259.704850 0.096060 
2260.669300 0.096151 
2261.633749 0.096162 
2262.598199 0.096237 
2263.562648 0.096300 
2264.527097 0.096394 
2265.491547 0.096487 
2266.455996 0.096591 
2267.420445 0.096655 
2268.384895 0.096711 
2269.349344 0.096745 
2270.313793 0.096818 
2271.278243 0.096940 
2272.242692 0.097068 
2273.207142 0.097137 
2274.171591 0.097208 
2275.136040 0.097259 
2276.100490 0.097402 
2277.064939 0.097477 
2278.029388 0.097568 
2278.993838 0.097628 
2279.958287 0.097733 
2280.922736 0.097842 
2281.887186 0.097934 
2282.851635 0.097937 
2283.816084 0.097995 
2284.780534 0.098029 
2285.744983 0.098027 
2286.709433 0.097954 
2287.673882 0.097922 
2288.638331 0.097876 
2289.602781 0.097908 
2290.567230 0.097832 
2291.531679 0.097767 
2292.496129 0.097682 
2293.460578 0.097649 
2294.425027 0.097561 
2295.389477 0.097484 
2296.353926 0.097407 
2297.318376 0.097349 
2298.282825 0.097259 
2299.247274 0.097179 
2300.211724 0.097009 
2301.176173 0.096964 
2302.140622 0.096813 
2303.105072 0.096769 
2304.069521 0.096661 
2305.033970 0.096713 
2305.998420 0.096441 
2306.962869 0.096314 
2307.927318 0.096017 
2308.891768 0.095891 
2309.856217 0.095617 
2310.820667 0.095500 
2311.785116 0.095237 
2312.749565 0.095148 
2313.714015 0.095016 
2314.678464 0.094931 
2315.642913 0.094765 
2316.607363 0.094559 
2317.571812 0.094311 
2318.536261 0.093967 
2319.500711 0.093480 
2320.465160 0.093059 
2321.429610 0.092841 
2322.394059 0.092607 
2323.358508 0.092318 
2324.322958 0.092183 
2325.287407 0.092313 
2326.251856 0.092144 
2327.216306 0.091770 
2328.180755 0.091488 
2329.145204 0.091275 
2330.109654 0.091023 
2331.074103 0.090803 
2332.038552 0.090726 
2333.003002 0.090828 
2333.967451 0.090917 
2334.931901 0.090933 
2335.896350 0.090633 
2336.860799 0.090438 
2337.825249 0.090419 
2338.789698 0.090285 
2339.754147 0.090017 
2340.718597 0.089972 
2341.683046 0.089894 
2342.647495 0.089852 
2343.611945 0.089898 
2344.576394 0.089999 
2345.540844 0.090271 
2346.505293 0.091119 
2347.469742 0.092144 
2348.434192 0.093052 
2349.398641 0.092925 
2350.363090 0.091962 
2351.327540 0.090957 
2352.291989 0.090131 
2353.256438 0.089449 
2354.220888 0.088790 
2355.185337 0.088065 
2356.149786 0.087515 
2357.114236 0.087146 
2358.078685 0.086680 
2359.043135 0.086467 
2360.007584 0.086327 
2360.972033 0.086430 
2361.936483 0.086598 
2362.900932 0.086912 
2363.865381 0.087225 
2364.829831 0.087496 
2365.794280 0.087831 
2366.758729 0.088452 
2367.723179 0.089096 
2368.687628 0.089683 
2369.652078 0.090289 
2370.616527 0.090811 
2371.580976 0.091534 
2372.545426 0.092250 
2373.509875 0.092811 
2374.474324 0.093357 
2375.438774 0.093942 
2376.403223 0.094449 
2377.367672 0.094959 
2378.332122 0.095445 
2379.296571 0.095913 
2380.261020 0.096327 
2381.225470 0.096696 
2382.189919 0.096991 
2383.154369 0.097319 
2384.118818 0.097613 
2385.083267 0.097832 
2386.047717 0.097910 
2387.012166 0.097992 
2387.976615 0.098067 
2388.941065 0.098140 
2389.905514 0.098182 
2390.869963 0.098228 
2391.834413 0.098251 
2392.798862 0.098277 
2393.763312 0.098269 
2394.727761 0.098285 
2395.692210 0.098302 
2396.656660 0.098346 
2397.621109 0.098342 
2398.585558 0.098355 
2399.550008 0.098369 
2400.514457 0.098372 
2401.478906 0.098366 
2402.443356 0.098360 
2403.407805 0.098322 
2404.372254 0.098294 
2405.336704 0.098284 
2406.301153 0.098299 
2407.265603 0.098256 
2408.230052 0.098285 
2409.194501 0.098271 
2410.158951 0.098237 
2411.123400 0.098213 
2412.087849 0.098251 
2413.052299 0.098282 
2414.016748 0.098276 
2414.981197 0.098231 
2415.945647 0.098240 
2416.910096 0.098271 
2417.874546 0.098285 
2418.838995 0.098256 
2419.803444 0.098222 
2420.767894 0.098174 
2421.732343 0.098195 
2422.696792 0.098148 
2423.661242 0.098103 
2424.625691 0.098064 
2425.590140 0.098083 
2426.554590 0.098102 
2427.519039 0.098103 
2428.483488 0.098092 
2429.447938 0.098106 
2430.412387 0.098062 
2431.376837 0.098053 
2432.341286 0.098063 
2433.305735 0.098086 
2434.270185 0.098100 
2435.234634 0.098094 
2436.199083 0.098053 
2437.163533 0.098046 
2438.127982 0.098047 
2439.092431 0.098041 
2440.056881 0.098012 
2441.021330 0.097971 
2441.985780 0.097953 
2442.950229 0.097977 
2443.914678 0.097976 
2444.879128 0.097997 
2445.843577 0.097997 
2446.808026 0.097999 
2447.772476 0.097931 
2448.736925 0.097886 
2449.701374 0.097900 
2450.665824 0.097899 
2451.630273 0.097861 
2452.594722 0.097834 
2453.559172 0.097881 
2454.523621 0.097917 
2455.488071 0.097905 
2456.452520 0.097907 
2457.416969 0.097942 
2458.381419 0.097965 
2459.345868 0.097943 
2460.310317 0.097946 
2461.274767 0.097980 
2462.239216 0.097981 
2463.203665 0.097965 
2464.168115 0.098008 
2465.132564 0.098019 
2466.097014 0.098005 
2467.061463 0.097974 
2468.025912 0.097976 
2468.990362 0.097973 
2469.954811 0.098009 
2470.919260 0.098029 
2471.883710 0.098063 
2472.848159 0.098088 
2473.812608 0.098131 
2474.777058 0.098120 
2475.741507 0.098124 
2476.705956 0.098113 
2477.670406 0.098107 
2478.634855 0.098126 
2479.599305 0.098177 
2480.563754 0.098202 
2481.528203 0.098211 
2482.492653 0.098264 
2483.457102 0.098308 
2484.421551 0.098298 
2485.386001 0.098284 
2486.350450 0.098314 
2487.314899 0.098373 
2488.279349 0.098423 
2489.243798 0.098472 
2490.208248 0.098481 
2491.172697 0.098500 
2492.137146 0.098532 
2493.101596 0.098582 
2494.066045 0.098596 
2495.030494 0.098585 
2495.994944 0.098594 
2496.959393 0.098635 
2497.923842 0.098648 
2498.888292 0.098637 
2499.852741 0.098661 
2500.817190 0.098696 
2501.781640 0.098727 
2502.746089 0.098776 
2503.710539 0.098767 
2504.674988 0.098781 
2505.639437 0.098809 
2506.603887 0.098849 
2507.568336 0.098858 
2508.532785 0.098846 
2509.497235 0.098861 
2510.461684 0.098911 
2511.426133 0.098954 
2512.390583 0.099002 
2513.355032 0.098988 
2514.319482 0.098964 
2515.283931 0.099003 
2516.248380 0.099052 
2517.212830 0.099095 
2518.177279 0.099148 
2519.141728 0.099192 
2520.106178 0.099187 
2521.070627 0.099165 
2522.035076 0.099232 
2522.999526 0.099255 
2523.963975 0.099226 
2524.928424 0.099213 
2525.892874 0.099243 
2526.857323 0.099230 
2527.821773 0.099290 
2528.786222 0.099327 
2529.750671 0.099326 
2530.715121 0.099325 
2531.679570 0.099395 
2532.644019 0.099422 
2533.608469 0.099381 
2534.572918 0.099406 
2535.537367 0.099522 
2536.501817 0.099547 
2537.466266 0.099595 
2538.430716 0.099645 
2539.395165 0.099710 
2540.359614 0.099759 
2541.324064 0.099791 
2542.288513 0.099825 
2543.252962 0.099866 
2544.217412 0.099863 
2545.181861 0.099895 
2546.146310 0.099961 
2547.110760 0.100038 
2548.075209 0.100058 
2549.039658 0.100142 
2550.004108 0.100199 
2550.968557 0.100245 
2551.933007 0.100288 
2552.897456 0.100384 
2553.861905 0.100472 
2554.826355 0.100570 
2555.790804 0.100650 
2556.755253 0.100729 
2557.719703 0.100820 
2558.684152 0.100898 
2559.648601 0.100971 
2560.613051 0.101057 
2561.577500 0.101068 
2562.541950 0.101113 
2563.506399 0.101226 
2564.470848 0.101329 
2565.435298 0.101461 
2566.399747 0.101667 
2567.364196 0.101792 
2568.328646 0.101919 
2569.293095 0.102076 
2570.257544 0.102258 
2571.221994 0.102443 
2572.186443 0.102642 
2573.150892 0.102883 
2574.115342 0.103161 
2575.079791 0.103355 
2576.044241 0.103564 
2577.008690 0.103822 
2577.973139 0.104140 
2578.937589 0.104394 
2579.902038 0.104554 
2580.866487 0.104699 
2581.830937 0.104901 
2582.795386 0.105102 
2583.759835 0.105243 
2584.724285 0.105320 
2585.688734 0.105453 
2586.653184 0.105521 
2587.617633 0.105598 
2588.582082 0.105733 
2589.546532 0.105824 
2590.510981 0.105883 
2591.475430 0.105933 
2592.439880 0.105943 
2593.404329 0.105957 
2594.368778 0.105934 
2595.333228 0.105937 
2596.297677 0.105906 
2597.262126 0.105933 
2598.226576 0.105934 
2599.191025 0.105937 
2600.155475 0.105913 
2601.119924 0.105912 
2602.084373 0.105899 
2603.048823 0.105902 
2604.013272 0.105901 
2604.977721 0.105877 
2605.942171 0.105897 
2606.906620 0.105956 
2607.871069 0.105960 
2608.835519 0.106011 
2609.799968 0.106031 
2610.764418 0.106074 
2611.728867 0.106122 
2612.693316 0.106215 
2613.657766 0.106313 
2614.622215 0.106422 
2615.586664 0.106515 
2616.551114 0.106584 
2617.515563 0.106660 
2618.480012 0.106725 
2619.444462 0.106766 
2620.408911 0.106837 
2621.373360 0.106901 
2622.337810 0.106964 
2623.302259 0.106997 
2624.266709 0.106990 
2625.231158 0.106995 
2626.195607 0.107060 
2627.160057 0.107093 
2628.124506 0.107127 
2629.088955 0.107156 
2630.053405 0.107140 
2631.017854 0.107151 
2631.982303 0.107202 
2632.946753 0.107200 
2633.911202 0.107170 
2634.875652 0.107215 
2635.840101 0.107259 
2636.804550 0.107266 
2637.769000 0.107263 
2638.733449 0.107288 
2639.697898 0.107340 
2640.662348 0.107369 
2641.626797 0.107448 
2642.591246 0.107489 
2643.555696 0.107524 
2644.520145 0.107597 
2645.484594 0.107711 
2646.449044 0.107791 
2647.413493 0.107882 
2648.377943 0.108036 
2649.342392 0.108217 
2650.306841 0.108370 
2651.271291 0.108574 
2652.235740 0.108777 
2653.200189 0.108960 
2654.164639 0.109100 
2655.129088 0.109265 
2656.093537 0.109375 
2657.057987 0.109466 
2658.022436 0.109533 
2658.986886 0.109622 
2659.951335 0.109720 
2660.915784 0.109839 
2661.880234 0.109918 
2662.844683 0.109961 
2663.809132 0.110043 
2664.773582 0.110229 
2665.738031 0.110292 
2666.702480 0.110323 
2667.666930 0.110397 
2668.631379 0.110519 
2669.595828 0.110621 
2670.560278 0.110757 
2671.524727 0.110927 
2672.489177 0.111164 
2673.453626 0.111389 
2674.418075 0.111611 
2675.382525 0.111887 
2676.346974 0.112262 
2677.311423 0.112622 
2678.275873 0.112992 
2679.240322 0.113340 
2680.204771 0.113720 
2681.169221 0.114109 
2682.133670 0.114500 
2683.098120 0.114819 
2684.062569 0.115169 
2685.027018 0.115524 
2685.991468 0.115900 
2686.955917 0.116265 
2687.920366 0.116649 
2688.884816 0.116981 
2689.849265 0.117337 
2690.813714 0.117733 
2691.778164 0.118204 
2692.742613 0.118605 
2693.707062 0.118994 
2694.671512 0.119419 
2695.635961 0.119804 
2696.600411 0.120196 
2697.564860 0.120671 
2698.529309 0.121073 
2699.493759 0.121449 
2700.458208 0.121737 
2701.422657 0.121966 
2702.387107 0.122133 
2703.351556 0.122274 
2704.316005 0.122310 
2705.280455 0.122374 
2706.244904 0.122554 
2707.209354 0.122877 
2708.173803 0.123222 
2709.138252 0.123583 
2710.102702 0.123904 
2711.067151 0.124295 
2712.031600 0.124665 
2712.996050 0.124996 
2713.960499 0.125274 
2714.924948 0.125600 
2715.889398 0.125821 
2716.853847 0.126015 
2717.818296 0.126129 
2718.782746 0.126316 
2719.747195 0.126570 
2720.711645 0.126898 
2721.676094 0.127261 
2722.640543 0.127711 
2723.604993 0.128196 
2724.569442 0.128775 
2725.533891 0.129362 
2726.498341 0.130027 
2727.462790 0.130698 
2728.427239 0.131458 
2729.391689 0.132219 
2730.356138 0.132903 
2731.320588 0.133468 
2732.285037 0.133975 
2733.249486 0.134222 
2734.213936 0.134307 
2735.178385 0.134224 
2736.142834 0.134101 
2737.107284 0.133854 
2738.071733 0.133551 
2739.036182 0.133198 
2740.000632 0.132803 
2740.965081 0.132324 
2741.929530 0.131872 
2742.893980 0.131393 
2743.858429 0.130967 
2744.822879 0.130498 
2745.787328 0.130109 
2746.751777 0.129794 
2747.716227 0.129562 
2748.680676 0.129332 
2749.645125 0.129155 
2750.609575 0.129014 
2751.574024 0.128932 
2752.538473 0.128787 
2753.502923 0.128664 
2754.467372 0.128553 
2755.431822 0.128573 
2756.396271 0.128585 
2757.360720 0.128640 
2758.325170 0.128724 
2759.289619 0.128907 
2760.254068 0.129117 
2761.218518 0.129373 
2762.182967 0.129649 
2763.147416 0.130052 
2764.111866 0.130473 
2765.076315 0.130891 
2766.040764 0.131377 
2767.005214 0.132037 
2767.969663 0.132718 
2768.934113 0.133401 
2769.898562 0.134100 
2770.863011 0.134924 
2771.827461 0.135742 
2772.791910 0.136579 
2773.756359 0.137522 
2774.720809 0.138529 
2775.685258 0.139628 
2776.649707 0.140924 
2777.614157 0.142251 
2778.578606 0.143719 
2779.543056 0.145458 
2780.507505 0.147491 
2781.471954 0.149578 
2782.436404 0.151822 
2783.400853 0.154355 
2784.365302 0.157246 
2785.329752 0.160242 
2786.294201 0.163525 
2787.258650 0.166930 
2788.223100 0.170394 
2789.187549 0.173837 
2790.151998 0.177433 
2791.116448 0.180916 
2792.080897 0.184197 
2793.045347 0.187158 
2794.009796 0.189821 
2794.974245 0.191800 
2795.938695 0.193105 
2796.903144 0.193554 
2797.867593 0.193102 
2798.832043 0.191736 
2799.796492 0.189725 
2800.760941 0.187107 
2801.725391 0.184265 
2802.689840 0.181255 
2803.654290 0.178304 
2804.618739 0.175415 
2805.583188 0.172886 
2806.547638 0.170660 
2807.512087 0.168882 
2808.476536 0.167485 
2809.440986 0.166486 
2810.405435 0.165779 
2811.369884 0.165488 
2812.334334 0.165403 
2813.298783 0.165610 
2814.263232 0.166025 
2815.227682 0.166705 
2816.192131 0.167532 
2817.156581 0.168617 
2818.121030 0.169958 
2819.085479 0.171649 
2820.049929 0.173586 
2821.014378 0.175883 
2821.978827 0.178405 
2822.943277 0.181265 
2823.907726 0.184437 
2824.872175 0.187998 
2825.836625 0.191849 
2826.801074 0.196097 
2827.765524 0.200594 
2828.729973 0.205382 
2829.694422 0.210330 
2830.658872 0.215642 
2831.623321 0.221250 
2832.587770 0.227342 
2833.552220 0.233977 
2834.516669 0.241494 
2835.481118 0.249972 
2836.445568 0.259524 
2837.410017 0.269960 
2838.374466 0.281709 
2839.338916 0.294608 
2840.303365 0.308917 
2841.267815 0.324098 
2842.232264 0.339989 
2843.196713 0.355815 
2844.161163 0.371578 
2845.125612 0.386603 
2846.090061 0.401252 
2847.054511 0.415337 
2848.018960 0.430004 
2848.983409 0.445007 
2849.947859 0.460936 
2850.912308 0.477025 
2851.876758 0.493840 
2852.841207 0.510463 
2853.805656 0.527045 
2854.770106 0.542835 
2855.734555 0.558272 
2856.699004 0.572400 
2857.663454 0.586486 
2858.627903 0.599800 
2859.592352 0.613636 
2860.556802 0.627281 
2861.521251 0.641076 
2862.485700 0.653052 
2863.450150 0.663502 
2864.414599 0.670596 
2865.379049 0.674800 
2866.343498 0.675044 
2867.307947 0.673276 
2868.272397 0.669337 
2869.236846 0.666685 
2870.201295 0.666373 
2871.165745 0.670365 
2872.130194 0.676612 
2873.094643 0.682437 
2874.059093 0.680647 
2875.023542 0.667292 
2875.987992 0.640132 
2876.952441 0.604292 
2877.916890 0.564702 
2878.881340 0.527002 
2879.845789 0.492920 
2880.810238 0.463812 
2881.774688 0.438658 
2882.739137 0.417520 
2883.703586 0.399714 
2884.668036 0.385273 
2885.632485 0.373435 
2886.596934 0.364254 
2887.561384 0.356945 
2888.525833 0.351613 
2889.490283 0.347801 
2890.454732 0.345738 
2891.419181 0.344816 
2892.383631 0.345332 
2893.348080 0.346836 
2894.312529 0.349346 
2895.276979 0.352406 
2896.241428 0.356317 
2897.205877 0.360737 
2898.170327 0.365833 
2899.134776 0.371112 
2900.099226 0.376844 
2901.063675 0.382407 
2902.028124 0.387956 
2902.992574 0.393135 
2903.957023 0.398691 
2904.921472 0.404505 
2905.885922 0.411383 
2906.850371 0.419076 
2907.814820 0.427703 
2908.779270 0.436653 
2909.743719 0.446060 
2910.708168 0.454931 
2911.672618 0.463217 
2912.637067 0.469937 
2913.601517 0.475633 
2914.565966 0.480163 
2915.530415 0.484405 
2916.494865 0.488233 
2917.459314 0.493008 
2918.423763 0.498958 
2919.388213 0.507274 
2920.352662 0.517741 
2921.317111 0.531344 
2922.281561 0.547260 
2923.246010 0.566286 
2924.210460 0.587523 
2925.174909 0.611232 
2926.139358 0.635853 
2927.103808 0.661794 
2928.068257 0.687105 
2929.032706 0.712081 
2929.997156 0.735563 
2930.961605 0.758406 
2931.926054 0.777215 
2932.890504 0.791820 
2933.854953 0.798976 
2934.819402 0.798445 
2935.783852 0.787973 
2936.748301 0.770363 
2937.712751 0.746299 
2938.677200 0.720576 
2939.641649 0.694343 
2940.606099 0.669755 
2941.570548 0.646515 
2942.534997 0.626345 
2943.499447 0.608684 
2944.463896 0.595022 
2945.428345 0.584693 
2946.392795 0.578595 
2947.357244 0.576598 
2948.321694 0.579641 
2949.286143 0.586917 
2950.250592 0.599841 
2951.215042 0.617884 
2952.179491 0.642220 
2953.143940 0.672915 
2954.108390 0.710323 
2955.072839 0.751148 
2956.037288 0.794090 
2957.001738 0.834781 
2957.966187 0.871388 
2958.930636 0.898415 
2959.895086 0.915806 
2960.859535 0.920649 
2961.823985 0.914504 
2962.788434 0.897581 
2963.752883 0.873033 
2964.717333 0.839009 
2965.681782 0.798858 
2966.646231 0.752779 
2967.610681 0.704702 
2968.575130 0.655179 
2969.539579 0.607060 
2970.504029 0.560398 
2971.468478 0.516980 
2972.432928 0.476778 
2973.397377 0.440525 
2974.361826 0.407779 
2975.326276 0.379060 
2976.290725 0.353524 
2977.255174 0.331004 
2978.219624 0.310801 
2979.184073 0.293181 
2980.148522 0.277697 
2981.112972 0.264010 
2982.077421 0.251739 
2983.041870 0.241087 
2984.006320 0.231472 
2984.970769 0.222817 
2985.935219 0.214965 
2986.899668 0.207939 
2987.864117 0.201520 
2988.828567 0.195866 
2989.793016 0.190740 
2990.757465 0.186175 
2991.721915 0.181867 
2992.686364 0.177899 
2993.650813 0.174381 
2994.615263 0.171359 
2995.579712 0.168482 
2996.544162 0.165855 
2997.508611 0.163317 
2998.473060 0.161068 
2999.437510 0.159048 
3000.401959 0.157197 
3001.366408 0.155357 
3002.330858 0.153678 
3003.295307 0.152071 
3004.259756 0.150627 
3005.224206 0.149265 
3006.188655 0.148068 
3007.153104 0.146838 
3008.117554 0.145655 
3009.082003 0.144583 
3010.046453 0.143694 
3011.010902 0.142617 
3011.975351 0.141681 
3012.939801 0.140860 
3013.904250 0.139994 
3014.868699 0.139177 
3015.833149 0.138477 
3016.797598 0.137667 
3017.762047 0.136992 
3018.726497 0.136356 
3019.690946 0.135729 
3020.655396 0.135168 
3021.619845 0.134695 
3022.584294 0.134138 
3023.548744 0.133583 
3024.513193 0.133036 
3025.477642 0.132472 
3026.442092 0.131954 
3027.406541 0.131507 
3028.370990 0.131068 
3029.335440 0.130651 
3030.299889 0.130184 
3031.264338 0.129878 
3032.228788 0.129522 
3033.193237 0.129108 
3034.157687 0.128755 
3035.122136 0.128300 
3036.086585 0.127909 
3037.051035 0.127706 
3038.015484 0.127476 
3038.979933 0.127118 
3039.944383 0.126753 
3040.908832 0.126546 
3041.873281 0.126275 
3042.837731 0.125988 
3043.802180 0.125768 
3044.766630 0.125574 
3045.731079 0.125290 
3046.695528 0.125005 
3047.659978 0.124752 
3048.624427 0.124621 
3049.588876 0.124427 
3050.553326 0.124214 
3051.517775 0.124012 
3052.482224 0.123865 
3053.446674 0.123769 
3054.411123 0.123565 
3055.375572 0.123362 
3056.340022 0.123245 
3057.304471 0.123025 
3058.268921 0.122919 
3059.233370 0.122863 
3060.197819 0.122831 
3061.162269 0.122768 
3062.126718 0.122696 
3063.091167 0.122495 
3064.055617 0.122391 
3065.020066 0.122353 
3065.984515 0.122318 
3066.948965 0.122295 
3067.913414 0.122129 
3068.877864 0.122023 
3069.842313 0.122051 
3070.806762 0.121957 
3071.771212 0.121848 
3072.735661 0.121875 
3073.700110 0.121927 
3074.664560 0.121974 
3075.629009 0.122053 
3076.593458 0.122018 
3077.557908 0.122055 
3078.522357 0.122049 
3079.486806 0.122090 
3080.451256 0.122088 
3081.415705 0.122078 
3082.380155 0.122121 
3083.344604 0.122159 
3084.309053 0.122165 
3085.273503 0.122180 
3086.237952 0.122193 
3087.202401 0.122194 
3088.166851 0.122242 
3089.131300 0.122319 
3090.095749 0.122276 
3091.060199 0.122154 
3092.024648 0.122112 
3092.989098 0.122234 
3093.953547 0.122307 
3094.917996 0.122259 
3095.882446 0.122370 
3096.846895 0.122501 
3097.811344 0.122544 
3098.775794 0.122645 
3099.740243 0.122659 
3100.704692 0.122620 
3101.669142 0.122670 
3102.633591 0.122680 
3103.598040 0.122724 
3104.562490 0.122879 
3105.526939 0.123012 
3106.491389 0.123041 
3107.455838 0.123080 
3108.420287 0.123127 
3109.384737 0.123137 
3110.349186 0.123189 
3111.313635 0.123267 
3112.278085 0.123453 
3113.242534 0.123610 
3114.206983 0.123716 
3115.171433 0.123761 
3116.135882 0.123906 
3117.100332 0.123918 
3118.064781 0.124030 
3119.029230 0.124182 
3119.993680 0.124137 
3120.958129 0.124053 
3121.922578 0.124200 
3122.887028 0.124365 
3123.851477 0.124414 
3124.815926 0.124476 
3125.780376 0.124577 
3126.744825 0.124724 
3127.709274 0.124900 
3128.673724 0.125033 
3129.638173 0.124973 
3130.602623 0.124952 
3131.567072 0.125034 
3132.531521 0.125154 
3133.495971 0.125343 
3134.460420 0.125425 
3135.424869 0.125550 
3136.389319 0.125698 
3137.353768 0.125794 
3138.318217 0.125822 
3139.282667 0.125988 
3140.247116 0.125966 
3141.211566 0.126024 
3142.176015 0.126237 
3143.140464 0.126403 
3144.104914 0.126497 
3145.069363 0.126585 
3146.033812 0.126678 
3146.998262 0.126802 
3147.962711 0.126923 
3148.927160 0.127015 
3149.891610 0.127179 
3150.856059 0.127354 
3151.820508 0.127444 
3152.784958 0.127492 
3153.749407 0.127533 
3154.713857 0.127660 
3155.678306 0.127775 
3156.642755 0.127934 
3157.607205 0.128121 
3158.571654 0.128278 
3159.536103 0.128370 
3160.500553 0.128442 
3161.465002 0.128570 
3162.429451 0.128759 
3163.393901 0.128944 
3164.358350 0.129110 
3165.322800 0.129271 
3166.287249 0.129419 
3167.251698 0.129564 
3168.216148 0.129733 
3169.180597 0.129881 
3170.145046 0.130036 
3171.109496 0.130155 
3172.073945 0.130358 
3173.038394 0.130534 
3174.002844 0.130718 
3174.967293 0.130903 
3175.931742 0.131069 
3176.896192 0.131156 
3177.860641 0.131372 
3178.825091 0.131570 
3179.789540 0.131739 
3180.753989 0.131950 
3181.718439 0.132178 
3182.682888 0.132361 
3183.647337 0.132502 
3184.611787 0.132679 
3185.576236 0.132989 
3186.540685 0.133128 
3187.505135 0.133314 
3188.469584 0.133443 
3189.434034 0.133502 
3190.398483 0.133713 
3191.362932 0.134019 
3192.327382 0.134136 
3193.291831 0.134286 
3194.256280 0.134475 
3195.220730 0.134683 
3196.185179 0.134835 
3197.149628 0.135010 
3198.114078 0.135219 
3199.078527 0.135322 
3200.042976 0.135498 
3201.007426 0.135774 
3201.971875 0.135882 
3202.936325 0.135929 
3203.900774 0.136121 
3204.865223 0.136355 
3205.829673 0.136450 
3206.794122 0.136562 
3207.758571 0.136744 
3208.723021 0.136878 
3209.687470 0.136985 
3210.651919 0.137095 
3211.616369 0.137203 
3212.580818 0.137372 
3213.545268 0.137571 
3214.509717 0.137748 
3215.474166 0.137724 
3216.438616 0.137867 
3217.403065 0.138041 
3218.367514 0.138139 
3219.331964 0.138279 
3220.296413 0.138387 
3221.260862 0.138474 
3222.225312 0.138702 
3223.189761 0.138932 
3224.154210 0.139075 
3225.118660 0.139160 
3226.083109 0.139279 
3227.047559 0.139454 
3228.012008 0.139655 
3228.976457 0.139737 
3229.940907 0.139879 
3230.905356 0.140045 
3231.869805 0.140249 
3232.834255 0.140347 
3233.798704 0.140453 
3234.763153 0.140654 
3235.727603 0.140964 
3236.692052 0.141250 
3237.656502 0.141385 
3238.620951 0.141419 
3239.585400 0.141606 
3240.549850 0.141805 
3241.514299 0.142052 
3242.478748 0.142249 
3243.443198 0.142378 
3244.407647 0.142620 
3245.372096 0.142894 
3246.336546 0.142914 
3247.300995 0.142984 
3248.265444 0.143240 
3249.229894 0.143510 
3250.194343 0.143752 
3251.158793 0.143977 
3252.123242 0.144148 
3253.087691 0.144323 
3254.052141 0.144638 
3255.016590 0.144830 
3255.981039 0.144902 
3256.945489 0.145234 
3257.909938 0.145620 
3258.874387 0.145850 
3259.838837 0.145968 
3260.803286 0.146167 
3261.767736 0.146347 
3262.732185 0.146650 
3263.696634 0.146890 
3264.661084 0.147096 
3265.625533 0.147276 
3266.589982 0.147544 
3267.554432 0.147830 
3268.518881 0.148091 
3269.483330 0.148252 
3270.447780 0.148426 
3271.412229 0.148533 
3272.376678 0.148718 
3273.341128 0.149133 
3274.305577 0.149482 
3275.270027 0.149549 
3276.234476 0.149838 
3277.198925 0.150063 
3278.163375 0.150349 
3279.127824 0.150658 
3280.092273 0.150832 
3281.056723 0.151030 
3282.021172 0.151416 
3282.985621 0.151732 
3283.950071 0.151937 
3284.914520 0.152062 
3285.878970 0.152274 
3286.843419 0.152577 
3287.807868 0.152841 
3288.772318 0.153127 
3289.736767 0.153504 
3290.701216 0.153749 
3291.665666 0.153923 
3292.630115 0.154104 
3293.594564 0.154427 
3294.559014 0.154767 
3295.523463 0.155010 
3296.487912 0.155181 
3297.452362 0.155488 
3298.416811 0.155772 
3299.381261 0.156088 
3300.345710 0.156423 
3301.310159 0.156742 
3302.274609 0.156983 
3303.239058 0.157224 
3304.203507 0.157402 
3305.167957 0.157695 
3306.132406 0.157927 
3307.096855 0.158092 
3308.061305 0.158410 
3309.025754 0.158741 
3309.990204 0.158942 
3310.954653 0.159266 
3311.919102 0.159543 
3312.883552 0.159842 
3313.848001 0.160115 
3314.812450 0.160391 
3315.776900 0.160684 
3316.741349 0.160974 
3317.705798 0.161262 
3318.670248 0.161698 
3319.634697 0.162011 
3320.599146 0.162289 
3321.563596 0.162474 
3322.528045 0.162723 
3323.492495 0.162953 
3324.456944 0.163239 
3325.421393 0.163381 
3326.385843 0.163592 
3327.350292 0.163913 
3328.314741 0.164280 
3329.279191 0.164522 
3330.243640 0.164797 
3331.208089 0.164992 
3332.172539 0.165234 
3333.136988 0.165523 
3334.101438 0.165862 
3335.065887 0.166019 
3336.030336 0.166152 
3336.994786 0.166474 
3337.959235 0.166598 
3338.923684 0.166749 
3339.888134 0.167007 
3340.852583 0.167277 
3341.817032 0.167521 
3342.781482 0.167660 
3343.745931 0.167881 
3344.710380 0.168159 
3345.674830 0.168462 
3346.639279 0.168654 
3347.603729 0.168835 
3348.568178 0.169019 
3349.532627 0.169238 
3350.497077 0.169312 
3351.461526 0.169349 
3352.425975 0.169518 
3353.390425 0.169877 
3354.354874 0.170101 
3355.319323 0.170351 
3356.283773 0.170501 
3357.248222 0.170643 
3358.212672 0.170773 
3359.177121 0.170943 
3360.141570 0.171107 
3361.106020 0.171338 
3362.070469 0.171579 
3363.034918 0.171729 
3363.999368 0.171910 
3364.963817 0.172041 
3365.928266 0.172113 
3366.892716 0.172328 
3367.857165 0.172488 
3368.821614 0.172460 
3369.786064 0.172551 
3370.750513 0.172790 
3371.714963 0.172990 
3372.679412 0.173157 
3373.643861 0.173333 
3374.608311 0.173592 
3375.572760 0.173634 
3376.537209 0.173608 
3377.501659 0.173775 
3378.466108 0.174042 
3379.430557 0.174175 
3380.395007 0.174295 
3381.359456 0.174396 
3382.323906 0.174606 
3383.288355 0.174690 
3384.252804 0.174843 
3385.217254 0.175059 
3386.181703 0.175200 
3387.146152 0.175152 
3388.110602 0.175192 
3389.075051 0.175326 
3390.039500 0.175541 
3391.003950 0.175493 
3391.968399 0.175612 
3392.932848 0.176064 
3393.897298 0.176153 
3394.861747 0.176020 
3395.826197 0.176028 
3396.790646 0.176392 
3397.755095 0.176595 
3398.719545 0.176494 
3399.683994 0.176492 
3400.648443 0.176586 
3401.612893 0.176791 
3402.577342 0.176853 
3403.541791 0.177137 
3404.506241 0.177205 
3405.470690 0.177186 
3406.435140 0.177359 
3407.399589 0.177582 
3408.364038 0.177599 
3409.328488 0.177671 
3410.292937 0.177844 
3411.257386 0.177978 
3412.221836 0.177946 
3413.186285 0.178006 
3414.150734 0.178183 
3415.115184 0.178315 
3416.079633 0.178425 
3417.044082 0.178505 
3418.008532 0.178608 
3418.972981 0.178624 
3419.937431 0.178660 
3420.901880 0.178818 
3421.866329 0.178915 
3422.830779 0.179100 
3423.795228 0.179196 
3424.759677 0.179254 
3425.724127 0.179209 
3426.688576 0.179261 
3427.653025 0.179377 
3428.617475 0.179507 
3429.581924 0.179506 
3430.546374 0.179583 
3431.510823 0.179700 
3432.475272 0.179867 
3433.439722 0.179887 
3434.404171 0.179829 
3435.368620 0.179854 
3436.333070 0.179975 
3437.297519 0.179999 
3438.261968 0.180156 
3439.226418 0.180293 
3440.190867 0.180403 
3441.155316 0.180453 
3442.119766 0.180775 
3443.084215 0.180886 
3444.048665 0.180769 
3445.013114 0.180793 
3445.977563 0.180666 
3446.942013 0.181195 
3447.906462 0.181300 
3448.870911 0.181097 
3449.835361 0.181263 
3450.799810 0.181322 
3451.764259 0.181416 
3452.728709 0.181494 
3453.693158 0.181424 
3454.657608 0.181402 
3455.622057 0.181547 
3456.586506 0.181594 
3457.550956 0.181627 
3458.515405 0.181648 
3459.479854 0.181584 
3460.444304 0.181525 
3461.408753 0.181572 
3462.373202 0.181760 
3463.337652 0.181802 
3464.302101 0.181638 
3465.266550 0.181583 
3466.231000 0.181569 
3467.195449 0.181619 
3468.159899 0.181517 
3469.124348 0.181535 
3470.088797 0.181522 
3471.053247 0.181621 
3472.017696 0.181572 
3472.982145 0.181532 
3473.946595 0.181512 
3474.911044 0.181491 
3475.875493 0.181206 
3476.839943 0.181142 
3477.804392 0.181119 
3478.768842 0.180857 
3479.733291 0.180614 
3480.697740 0.180540 
3481.662190 0.180456 
3482.626639 0.180382 
3483.591088 0.179856 
3484.555538 0.179793 
3485.519987 0.179581 
3486.484436 0.179057 
3487.448886 0.178776 
3488.413335 0.178929 
3489.377784 0.178547 
3490.342234 0.178279 
3491.306683 0.177842 
3492.271133 0.177484 
3493.235582 0.177085 
3494.200031 0.176710 
3495.164481 0.176323 
3496.128930 0.176116 
3497.093379 0.175780 
3498.057829 0.175133 
3499.022278 0.174678 
3499.986727 0.174279 
3500.951177 0.173699 
3501.915626 0.173242 
3502.880076 0.172996 
3503.844525 0.172515 
3504.808974 0.171785 
3505.773424 0.171238 
3506.737873 0.170651 
3507.702322 0.170001 
3508.666772 0.169619 
3509.631221 0.169687 
3510.595670 0.168670 
3511.560120 0.167985 
3512.524569 0.167325 
3513.489018 0.166685 
3514.453468 0.166034 
3515.417917 0.165587 
3516.382367 0.164944 
3517.346816 0.164324 
3518.311265 0.163689 
3519.275715 0.163184 
3520.240164 0.162336 
3521.204613 0.161652 
3522.169063 0.161066 
3523.133512 0.160734 
3524.097961 0.159762 
3525.062411 0.159023 
3526.026860 0.158413 
3526.991310 0.158139 
3527.955759 0.157431 
3528.920208 0.156807 
3529.884658 0.155941 
3530.849107 0.155497 
3531.813556 0.154999 
3532.778006 0.154244 
3533.742455 0.153669 
3534.706904 0.152928 
3535.671354 0.152430 
3536.635803 0.152248 
3537.600252 0.151325 
3538.564702 0.150806 
3539.529151 0.150356 
3540.493601 0.149831 
3541.458050 0.149045 
3542.422499 0.148378 
3543.386949 0.147737 
3544.351398 0.147325 
3545.315847 0.147057 
3546.280297 0.146420 
3547.244746 0.146551 
3548.209195 0.145725 
3549.173645 0.144858 
3550.138094 0.144230 
3551.102544 0.143416 
3552.066993 0.143426 
3553.031442 0.143057 
3553.995892 0.142722 
3554.960341 0.142158 
3555.924790 0.141592 
3556.889240 0.141241 
3557.853689 0.140732 
3558.818138 0.140095 
3559.782588 0.140233 
3560.747037 0.139814 
3561.711486 0.138943 
3562.675936 0.138617 
3563.640385 0.138249 
3564.604835 0.137108 
3565.569284 0.137265 
3566.533733 0.138106 
3567.498183 0.137568 
3568.462632 0.138233 
3569.427081 0.136265 
3570.391531 0.135703 
3571.355980 0.135385 
3572.320429 0.135002 
3573.284879 0.134723 
3574.249328 0.134542 
3575.213778 0.134174 
3576.178227 0.133666 
3577.142676 0.133672 
3578.107126 0.133264 
3579.071575 0.133007 
3580.036024 0.133234 
3581.000474 0.132815 
3581.964923 0.132044 
3582.929372 0.131880 
3583.893822 0.131551 
3584.858271 0.130275 
3585.822720 0.129704 
3586.787170 0.130896 
3587.751619 0.130675 
3588.716069 0.131689 
3589.680518 0.130499 
3590.644967 0.129664 
3591.609417 0.129203 
3592.573866 0.129306 
3593.538315 0.129409 
3594.502765 0.128514 
3595.467214 0.129388 
3596.431663 0.128855 
3597.396113 0.128170 
3598.360562 0.128408 
3599.325012 0.127853 
3600.289461 0.127813 
3601.253910 0.128283 
3602.218360 0.127873 
3603.182809 0.127783 
3604.147258 0.127469 
3605.111708 0.126897 
3606.076157 0.126654 
3607.040606 0.127911 
3608.005056 0.127023 
3608.969505 0.128182 
3609.933954 0.129019 
3610.898404 0.127118 
3611.862853 0.127648 
3612.827303 0.128881 
3613.791752 0.128128 
3614.756201 0.129441 
3615.720651 0.129336 
3616.685100 0.128735 
3617.649549 0.130225 
3618.613999 0.130443 
3619.578448 0.132117 
3620.542897 0.132793 
3621.507347 0.132694 
3622.471796 0.133035 
3623.436246 0.133747 
3624.400695 0.133963 
3625.365144 0.134277 
3626.329594 0.134717 
3627.294043 0.134109 
3628.258492 0.135399 
3629.222942 0.139050 
3630.187391 0.138100 
3631.151840 0.136624 
3632.116290 0.136256 
3633.080739 0.136805 
3634.045188 0.138245 
3635.009638 0.137950 
3635.974087 0.137753 
3636.938537 0.137836 
3637.902986 0.138257 
3638.867435 0.138109 
3639.831885 0.137598 
3640.796334 0.136971 
3641.760783 0.136418 
3642.725233 0.135732 
3643.689682 0.134172 
3644.654131 0.132450 
3645.618581 0.130426 
3646.583030 0.130016 
3647.547480 0.128877 
3648.511929 0.126298 
3649.476378 0.126003 
3650.440828 0.124801 
3651.405277 0.124696 
3652.369726 0.122542 
3653.334176 0.122056 
3654.298625 0.121149 
3655.263074 0.120551 
3656.227524 0.122015 
3657.191973 0.120800 
3658.156422 0.119285 
3659.120872 0.119171 
3660.085321 0.119096 
3661.049771 0.118956 
3662.014220 0.118856 
3662.978669 0.118763 
3663.943119 0.118465 
3664.907568 0.118338 
3665.872017 0.118156 
3666.836467 0.117618 
3667.800916 0.117200 
3668.765365 0.117729 
3669.729815 0.116967 
3670.694264 0.119383 
3671.658714 0.118321 
3672.623163 0.117061 
3673.587612 0.116895 
3674.552062 0.117812 
3675.516511 0.119870 
3676.480960 0.118892 
3677.445410 0.117905 
3678.409859 0.118033 
3679.374308 0.119192 
3680.338758 0.119245 
3681.303207 0.119012 
3682.267656 0.119301 
3683.232106 0.119255 
3684.196555 0.119354 
3685.161005 0.119061 
3686.125454 0.118431 
3687.089903 0.117665 
3688.054353 0.118985 
3689.018802 0.117886 
3689.983251 0.115775 
3690.947701 0.117411 
3691.912150 0.116472 
3692.876599 0.115099 
3693.841049 0.115040 
3694.805498 0.114697 
3695.769948 0.114508 
3696.734397 0.114432 
3697.698846 0.114012 
3698.663296 0.113799 
3699.627745 0.113377 
3700.592194 0.112767 
3701.556644 0.114081 
3702.521093 0.113724 
3703.485542 0.112701 
3704.449992 0.112806 
3705.414441 0.112707 
3706.378890 0.112636 
3707.343340 0.112142 
3708.307789 0.111849 
3709.272239 0.112866 
3710.236688 0.111787 
3711.201137 0.111631 
3712.165587 0.114250 
3713.130036 0.112326 
3714.094485 0.111814 
3715.058935 0.112524 
3716.023384 0.112073 
3716.987833 0.111597 
3717.952283 0.111468 
3718.916732 0.112139 
3719.881182 0.111429 
3720.845631 0.110531 
3721.810080 0.111484 
3722.774530 0.111836 
3723.738979 0.110693 
3724.703428 0.111218 
3725.667878 0.111153 
3726.632327 0.111575 
3727.596776 0.111105 
3728.561226 0.110528 
3729.525675 0.110404 
3730.490124 0.110102 
3731.454574 0.110720 
3732.419023 0.111599 
3733.383473 0.108945 
3734.347922 0.110579 
3735.312371 0.111664 
3736.276821 0.110516 
3737.241270 0.110365 
3738.205719 0.110623 
3739.170169 0.110395 
3740.134618 0.110248 
3741.099067 0.111334 
3742.063517 0.110080 
3743.027966 0.109026 
3743.992416 0.111174 
3744.956865 0.113522 
3745.921314 0.109847 
3746.885764 0.109997 
3747.850213 0.109780 
3748.814662 0.110638 
3749.779112 0.111846 
3750.743561 0.108850 
3751.708010 0.110730 
3752.672460 0.111574 
3753.636909 0.109975 
3754.601358 0.110002 
3755.565808 0.110259 
3756.530257 0.111171 
3757.494707 0.110269 
3758.459156 0.109838 
3759.423605 0.111597 
3760.388055 0.111142 
3761.352504 0.110161 
3762.316953 0.110366 
3763.281403 0.110298 
3764.245852 0.109991 
3765.210301 0.110816 
3766.174751 0.111281 
3767.139200 0.110363 
3768.103650 0.110217 
3769.068099 0.110424 
3770.032548 0.111542 
3770.996998 0.110367 
3771.961447 0.110236 
3772.925896 0.110246 
3773.890346 0.110442 
3774.854795 0.110684 
3775.819244 0.110738 
3776.783694 0.110443 
3777.748143 0.110023 
3778.712592 0.110157 
3779.677042 0.111100 
3780.641491 0.110059 
3781.605941 0.110256 
3782.570390 0.110380 
3783.534839 0.110205 
3784.499289 0.110769 
3785.463738 0.110707 
3786.428187 0.110370 
3787.392637 0.110438 
3788.357086 0.110534 
3789.321535 0.110717 
3790.285985 0.110518 
3791.250434 0.110423 
3792.214884 0.110502 
3793.179333 0.110779 
3794.143782 0.110641 
3795.108232 0.110281 
3796.072681 0.111034 
3797.037130 0.111162 
3798.001580 0.110497 
3798.966029 0.110402 
3799.930478 0.109881 
3800.894928 0.111383 
3801.859377 0.112116 
3802.823826 0.111022 
3803.788276 0.110661 
3804.752725 0.110403 
3805.717175 0.110303 
3806.681624 0.112076 
3807.646073 0.111809 
3808.610523 0.110492 
3809.574972 0.110882 
3810.539421 0.111061 
3811.503871 0.111225 
3812.468320 0.111295 
3813.432769 0.111297 
3814.397219 0.110749 
3815.361668 0.111603 
3816.326118 0.113325 
3817.290567 0.110897 
3818.255016 0.110750 
3819.219466 0.110782 
3820.183915 0.111293 
3821.148364 0.112755 
3822.112814 0.111661 
3823.077263 0.110891 
3824.041712 0.111414 
3825.006162 0.111249 
3825.970611 0.111575 
3826.935060 0.112073 
3827.899510 0.111440 
3828.863959 0.111528 
3829.828409 0.111400 
3830.792858 0.111785 
3831.757307 0.113254 
3832.721757 0.111750 
3833.686206 0.111197 
3834.650655 0.112803 
3835.615105 0.112139 
3836.579554 0.110382 
3837.544003 0.112690 
3838.508453 0.111854 
3839.472902 0.110808 
3840.437352 0.112729 
3841.401801 0.112364 
3842.366250 0.110945 
3843.330700 0.112413 
3844.295149 0.112745 
3845.259598 0.111708 
3846.224048 0.111822 
3847.188497 0.111780 
3848.152946 0.111496 
3849.117396 0.111860 
3850.081845 0.111759 
3851.046294 0.111525 
3852.010744 0.112817 
3852.975193 0.111278 
3853.939643 0.114230 
3854.904092 0.112541 
3855.868541 0.110639 
3856.832991 0.112273 
3857.797440 0.112280 
3858.761889 0.111396 
3859.726339 0.111473 
3860.690788 0.111593 
3861.655237 0.112702 
3862.619687 0.111754 
3863.584136 0.110786 
3864.548586 0.112215 
3865.513035 0.112662 
3866.477484 0.111572 
3867.441934 0.111552 
3868.406383 0.111570 
3869.370832 0.113119 
3870.335282 0.113220 
3871.299731 0.111447 
3872.264180 0.110806 
3873.228630 0.111395 
3874.193079 0.113094 
3875.157528 0.111514 
3876.121978 0.111122 
3877.086427 0.111685 
3878.050877 0.111614 
3879.015326 0.111325 
3879.979775 0.112897 
3880.944225 0.112879 
3881.908674 0.110929 
3882.873123 0.111651 
3883.837573 0.111630 
3884.802022 0.111435 
3885.766471 0.113364 
3886.730921 0.111501 
3887.695370 0.110871 
3888.659820 0.111333 
3889.624269 0.111013 
3890.588718 0.111645 
3891.553168 0.113024 
3892.517617 0.111330 
3893.482066 0.111470 
3894.446516 0.111870 
3895.410965 0.111722 
3896.375414 0.111664 
3897.339864 0.111458 
3898.304313 0.111731 
3899.268762 0.112989 
3900.233212 0.110937 
3901.197661 0.111453 
3902.162111 0.112800 
3903.126560 0.110951 
3904.091009 0.112478 
3905.055459 0.112045 
3906.019908 0.112053 
3906.984357 0.111714 
3907.948807 0.111506 
3908.913256 0.111682 
3909.877705 0.111761 
3910.842155 0.111737 
3911.806604 0.111698 
3912.771054 0.111678 
3913.735503 0.111794 
3914.699952 0.111735 
3915.664402 0.111720 
3916.628851 0.112629 
3917.593300 0.112532 
3918.557750 0.111227 
3919.522199 0.111984 
3920.486648 0.112530 
3921.451098 0.111449 
3922.415547 0.111299 
3923.379996 0.111739 
3924.344446 0.112472 
3925.308895 0.112577 
3926.273345 0.111698 
3927.237794 0.111558 
3928.202243 0.111822 
3929.166693 0.112157 
3930.131142 0.112260 
3931.095591 0.112041 
3932.060041 0.112950 
3933.024490 0.112646 
3933.988939 0.112057 
3934.953389 0.112120 
3935.917838 0.112001 
3936.882288 0.112084 
3937.846737 0.112413 
3938.811186 0.112626 
3939.775636 0.112479 
3940.740085 0.112256 
3941.704534 0.112391 
3942.668984 0.113392 
3943.633433 0.112896 
3944.597882 0.112687 
3945.562332 0.112591 
3946.526781 0.112663 
3947.491230 0.113259 
3948.455680 0.112913 
3949.420129 0.113063 
3950.384579 0.113534 
3951.349028 0.113067 
3952.313477 0.113239 
3953.277927 0.113351 
3954.242376 0.113302 
3955.206825 0.113340 
3956.171275 0.113558 
3957.135724 0.113780 
3958.100173 0.113711 
3959.064623 0.113733 
3960.029072 0.113757 
3960.993522 0.113667 
3961.957971 0.113956 
3962.922420 0.113839 
3963.886870 0.113833 
3964.851319 0.113980 
3965.815768 0.114044 
3966.780218 0.114028 
3967.744667 0.113939 
3968.709116 0.114150 
3969.673566 0.114374 
3970.638015 0.114278 
3971.602464 0.114481 
3972.566914 0.114619 
3973.531363 0.114366 
3974.495813 0.114359 
3975.460262 0.114723 
3976.424711 0.114912 
3977.389161 0.114746 
3978.353610 0.114651 
3979.318059 0.114806 
3980.282509 0.115110 
3981.246958 0.115193 
3982.211407 0.115233 
3983.175857 0.115130 
3984.140306 0.114955 
3985.104756 0.115101 
3986.069205 0.115266 
3987.033654 0.115278 
3987.998104 0.115203 
3988.962553 0.115320 
3989.927002 0.115536 
3990.891452 0.115532 
3991.855901 0.115347 
3992.820350 0.115262 
3993.784800 0.115171 
3994.749249 0.115468 
3995.713698 0.115341 
3996.678148 0.115126 
3997.642597 0.115119 
3998.607047 0.115092 
3999.571496 0.115154 
4000.535945 0.115211 