##YUNITS=Abs
399.282035 0.102341 
400.246484 0.113484 
401.210934 0.122541 
402.175383 0.122816 
403.139832 0.123749 
404.104282 0.118198 
405.068731 0.112848 
406.033181 0.111655 
406.997630 0.110496 
407.962079 0.110559 
408.926529 0.110843 
409.890978 0.107462 
410.855427 0.107424 
411.819877 0.106878 
412.784326 0.104161 
413.748775 0.103458 
414.713225 0.103399 
415.677674 0.103463 
416.642124 0.102565 
417.606573 0.096792 
418.571022 0.087620 
419.535472 0.088687 
420.499921 0.092472 
421.464370 0.093322 
422.428820 0.093759 
423.393269 0.092509 
424.357718 0.095098 
425.322168 0.096442 
426.286617 0.093505 
427.251066 0.090602 
428.215516 0.089441 
429.179965 0.090181 
430.144415 0.091834 
431.108864 0.091675 
432.073313 0.091619 
433.037763 0.090027 
434.002212 0.088343 
434.966661 0.087979 
435.931111 0.090360 
436.895560 0.092264 
437.860009 0.092899 
438.824459 0.093308 
439.788908 0.092364 
440.753358 0.092266 
441.717807 0.092367 
442.682256 0.093071 
443.646706 0.093071 
444.611155 0.091303 
445.575604 0.091110 
446.540054 0.092731 
447.504503 0.092287 
448.468952 0.090228 
449.433402 0.088990 
450.397851 0.088003 
451.362300 0.088561 
452.326750 0.088099 
453.291199 0.088004 
454.255649 0.087107 
455.220098 0.085987 
456.184547 0.085682 
457.148997 0.085749 
458.113446 0.084001 
459.077895 0.082860 
460.042345 0.083054 
461.006794 0.082618 
461.971243 0.081755 
462.935693 0.082576 
463.900142 0.082725 
464.864592 0.082886 
465.829041 0.083197 
466.793490 0.083720 
467.757940 0.083188 
468.722389 0.082871 
469.686838 0.082645 
470.651288 0.082136 
471.615737 0.080987 
472.580186 0.080180 
473.544636 0.082920 
474.509085 0.084463 
475.473534 0.083172 
476.437984 0.082142 
477.402433 0.082048 
478.366883 0.082722 
479.331332 0.082309 
480.295781 0.081462 
481.260231 0.081057 
482.224680 0.080865 
483.189129 0.079391 
484.153579 0.077412 
485.118028 0.076415 
486.082477 0.075588 
487.046927 0.074729 
488.011376 0.074013 
488.975826 0.073129 
489.940275 0.072104 
490.904724 0.071166 
491.869174 0.070382 
492.833623 0.070016 
493.798072 0.069743 
494.762522 0.069304 
495.726971 0.068700 
496.691420 0.067558 
497.655870 0.066939 
498.620319 0.066704 
499.584768 0.065852 
500.549218 0.065321 
501.513667 0.065272 
502.478117 0.064578 
503.442566 0.064439 
504.407015 0.064425 
505.371465 0.064445 
506.335914 0.064194 
507.300363 0.064371 
508.264813 0.064346 
509.229262 0.064613 
510.193711 0.064558 
511.158161 0.063904 
512.122610 0.063291 
513.087060 0.064055 
514.051509 0.064763 
515.015958 0.065029 
515.980408 0.064436 
516.944857 0.064037 
517.909306 0.063712 
518.873756 0.063861 
519.838205 0.064386 
520.802654 0.064409 
521.767104 0.064424 
522.731553 0.064617 
523.696002 0.065123 
524.660452 0.065504 
525.624901 0.065269 
526.589351 0.065715 
527.553800 0.066640 
528.518249 0.067564 
529.482699 0.068196 
530.447148 0.069692 
531.411597 0.071377 
532.376047 0.071322 
533.340496 0.071360 
534.304945 0.070485 
535.269395 0.068224 
536.233844 0.067837 
537.198294 0.067899 
538.162743 0.066924 
539.127192 0.066598 
540.091642 0.065952 
541.056091 0.065781 
542.020540 0.065590 
542.984990 0.065837 
543.949439 0.065916 
544.913888 0.065473 
545.878338 0.065436 
546.842787 0.065547 
547.807236 0.065535 
548.771686 0.065532 
549.736135 0.065498 
550.700585 0.065649 
551.665034 0.065432 
552.629483 0.065226 
553.593933 0.065334 
554.558382 0.065720 
555.522831 0.065805 
556.487281 0.065595 
557.451730 0.065942 
558.416179 0.066099 
559.380629 0.066519 
560.345078 0.066674 
561.309528 0.066597 
562.273977 0.066609 
563.238426 0.066684 
564.202876 0.066607 
565.167325 0.066324 
566.131774 0.066477 
567.096224 0.066937 
568.060673 0.067007 
569.025122 0.066756 
569.989572 0.066780 
570.954021 0.067003 
571.918470 0.067150 
572.882920 0.067115 
573.847369 0.067021 
574.811819 0.066891 
575.776268 0.066919 
576.740717 0.067088 
577.705167 0.066690 
578.669616 0.066402 
579.634065 0.066482 
580.598515 0.066805 
581.562964 0.066739 
582.527413 0.066538 
583.491863 0.066640 
584.456312 0.066668 
585.420762 0.066619 
586.385211 0.067022 
587.349660 0.067962 
588.314110 0.068605 
589.278559 0.067948 
590.243008 0.067357 
591.207458 0.067080 
592.171907 0.067150 
593.136356 0.067255 
594.100806 0.067412 
595.065255 0.067367 
596.029704 0.067594 
596.994154 0.067974 
597.958603 0.068133 
598.923053 0.068094 
599.887502 0.068307 
600.851951 0.068550 
601.816401 0.068726 
602.780850 0.068750 
603.745299 0.068855 
604.709749 0.069037 
605.674198 0.069220 
606.638647 0.069309 
607.603097 0.069253 
608.567546 0.069737 
609.531996 0.069930 
610.496445 0.069764 
611.460894 0.070116 
612.425344 0.070421 
613.389793 0.070558 
614.354242 0.070921 
615.318692 0.071337 
616.283141 0.071535 
617.247590 0.071868 
618.212040 0.072564 
619.176489 0.073719 
620.140938 0.074518 
621.105388 0.075237 
622.069837 0.075879 
623.034287 0.076637 
623.998736 0.077330 
624.963185 0.077938 
625.927635 0.078461 
626.892084 0.079245 
627.856533 0.080157 
628.820983 0.080913 
629.785432 0.081280 
630.749881 0.080962 
631.714331 0.079853 
632.678780 0.077891 
633.643230 0.075161 
634.607679 0.072731 
635.572128 0.071055 
636.536578 0.070311 
637.501027 0.069953 
638.465476 0.069470 
639.429926 0.068850 
640.394375 0.068637 
641.358824 0.068782 
642.323274 0.068709 
643.287723 0.068495 
644.252172 0.068360 
645.216622 0.068479 
646.181071 0.068631 
647.145521 0.068601 
648.109970 0.068426 
649.074419 0.068283 
650.038869 0.068384 
651.003318 0.068444 
651.967767 0.068442 
652.932217 0.068572 
653.896666 0.068921 
654.861115 0.069173 
655.825565 0.069370 
656.790014 0.069530 
657.754464 0.069843 
658.718913 0.070246 
659.683362 0.070680 
660.647812 0.071045 
661.612261 0.071416 
662.576710 0.071653 
663.541160 0.072006 
664.505609 0.072304 
665.470058 0.072710 
666.434508 0.072320 
667.398957 0.069266 
668.363406 0.064941 
669.327856 0.070030 
670.292305 0.072511 
671.256755 0.073271 
672.221204 0.073253 
673.185653 0.073214 
674.150103 0.073542 
675.114552 0.073850 
676.079001 0.073866 
677.043451 0.074006 
678.007900 0.074321 
678.972349 0.074771 
679.936799 0.075076 
680.901248 0.075379 
681.865698 0.075931 
682.830147 0.076398 
683.794596 0.076827 
684.759046 0.077002 
685.723495 0.077241 
686.687944 0.077862 
687.652394 0.078562 
688.616843 0.079262 
689.581292 0.080013 
690.545742 0.080736 
691.510191 0.081485 
692.474640 0.082216 
693.439090 0.082883 
694.403539 0.083804 
695.367989 0.084674 
696.332438 0.085744 
697.296887 0.086869 
698.261337 0.087735 
699.225786 0.088655 
700.190235 0.089738 
701.154685 0.090932 
702.119134 0.092462 
703.083583 0.094107 
704.048033 0.095806 
705.012482 0.097641 
705.976932 0.099635 
706.941381 0.101780 
707.905830 0.104078 
708.870280 0.106743 
709.834729 0.109739 
710.799178 0.112757 
711.763628 0.116308 
712.728077 0.120349 
713.692526 0.124537 
714.656976 0.128992 
715.621425 0.133990 
716.585874 0.139542 
717.550324 0.145533 
718.514773 0.152043 
719.479223 0.158870 
720.443672 0.166303 
721.408121 0.174708 
722.372571 0.183643 
723.337020 0.193630 
724.301469 0.204612 
725.265919 0.216911 
726.230368 0.231147 
727.194817 0.247892 
728.159267 0.267355 
729.123716 0.290003 
730.088166 0.316497 
731.052615 0.347571 
732.017064 0.384209 
732.981514 0.427075 
733.945963 0.476885 
734.910412 0.534962 
735.874862 0.603067 
736.839311 0.683306 
737.803760 0.776866 
738.768210 0.887237 
739.732659 1.016824 
740.697108 1.171916 
741.661558 1.358065 
742.626007 1.580290 
743.590457 1.855594 
744.554906 2.222481 
745.519355 2.463089 
746.483805 2.394056 
747.448254 2.288959 
748.412703 2.246890 
749.377153 2.204577 
750.341602 2.183308 
751.306051 2.166160 
752.270501 2.181616 
753.234950 2.186016 
754.199400 2.188476 
755.163849 2.179801 
756.128298 2.173435 
757.092748 2.169608 
758.057197 2.182568 
759.021646 2.169503 
759.986096 2.161465 
760.950545 2.155294 
761.914994 2.170159 
762.879444 2.166723 
763.843893 2.172418 
764.808342 2.172290 
765.772792 2.176089 
766.737241 2.169985 
767.701691 2.176249 
768.666140 2.178229 
769.630589 2.180348 
770.595039 2.156889 
771.559488 2.152850 
772.523937 2.162427 
773.488387 2.174186 
774.452836 2.161490 
775.417285 2.170221 
776.381735 2.171819 
777.346184 2.164291 
778.310634 2.158927 
779.275083 2.180086 
780.239532 2.186312 
781.203982 2.192665 
782.168431 2.178024 
783.132880 2.166661 
784.097330 2.157569 
785.061779 2.180560 
786.026228 2.189694 
786.990678 2.192539 
787.955127 2.177649 
788.919576 2.174722 
789.884026 2.169644 
790.848475 2.181865 
791.812925 2.184010 
792.777374 2.180841 
793.741823 2.168740 
794.706273 2.176574 
795.670722 2.167967 
796.635171 2.165216 
797.599621 2.158603 
798.564070 2.157089 
799.528519 2.158726 
800.492969 2.166989 
801.457418 2.181391 
802.421868 2.225328 
803.386317 2.374428 
804.350766 2.335899 
805.315216 1.803464 
806.279665 1.463532 
807.244114 1.214241 
808.208564 1.023197 
809.173013 0.876088 
810.137462 0.766350 
811.101912 0.682215 
812.066361 0.612742 
813.030810 0.551280 
813.995260 0.494806 
814.959709 0.442778 
815.924159 0.396562 
816.888608 0.357435 
817.853057 0.325850 
818.817507 0.300947 
819.781956 0.281471 
820.746405 0.266257 
821.710855 0.254306 
822.675304 0.244281 
823.639753 0.235393 
824.604203 0.226600 
825.568652 0.217835 
826.533102 0.208985 
827.497551 0.199817 
828.462000 0.190483 
829.426450 0.181162 
830.390899 0.172290 
831.355348 0.163800 
832.319798 0.155464 
833.284247 0.147969 
834.248696 0.141397 
835.213146 0.135630 
836.177595 0.130422 
837.142044 0.125981 
838.106494 0.122458 
839.070943 0.119590 
840.035393 0.117185 
840.999842 0.115243 
841.964291 0.113730 
842.928741 0.112619 
843.893190 0.111398 
844.857639 0.109948 
845.822089 0.108417 
846.786538 0.107287 
847.750987 0.106551 
848.715437 0.105796 
849.679886 0.105160 
850.644336 0.104830 
851.608785 0.104723 
852.573234 0.104431 
853.537684 0.103978 
854.502133 0.103597 
855.466582 0.103164 
856.431032 0.102648 
857.395481 0.102030 
858.359930 0.101358 
859.324380 0.100714 
860.288829 0.100114 
861.253278 0.099196 
862.217728 0.098250 
863.182177 0.097585 
864.146627 0.097007 
865.111076 0.096189 
866.075525 0.095239 
867.039975 0.094511 
868.004424 0.093953 
868.968873 0.093364 
869.933323 0.092621 
870.897772 0.091758 
871.862221 0.091068 
872.826671 0.090383 
873.791120 0.089606 
874.755570 0.088762 
875.720019 0.088061 
876.684468 0.087320 
877.648918 0.086311 
878.613367 0.085209 
879.577816 0.084325 
880.542266 0.083629 
881.506715 0.082971 
882.471164 0.082321 
883.435614 0.081725 
884.400063 0.081247 
885.364512 0.080909 
886.328962 0.080570 
887.293411 0.080178 
888.257861 0.079879 
889.222310 0.079792 
890.186759 0.079661 
891.151209 0.079533 
892.115658 0.079568 
893.080107 0.079494 
894.044557 0.079315 
895.009006 0.079238 
895.973455 0.079335 
896.937905 0.079479 
897.902354 0.079488 
898.866804 0.079413 
899.831253 0.079412 
900.795702 0.079572 
901.760152 0.079836 
902.724601 0.080130 
903.689050 0.080167 
904.653500 0.079981 
905.617949 0.079946 
906.582398 0.079989 
907.546848 0.080021 
908.511297 0.080077 
909.475746 0.080115 
910.440196 0.080098 
911.404645 0.079995 
912.369095 0.079959 
913.333544 0.079951 
914.297993 0.080023 
915.262443 0.080134 
916.226892 0.080287 
917.191341 0.080596 
918.155791 0.080940 
919.120240 0.081210 
920.084689 0.081500 
921.049139 0.081781 
922.013588 0.081949 
922.978038 0.082001 
923.942487 0.081843 
924.906936 0.081647 
925.871386 0.081721 
926.835835 0.081856 
927.800284 0.082118 
928.764734 0.082642 
929.729183 0.083408 
930.693632 0.084219 
931.658082 0.084840 
932.622531 0.085540 
933.586980 0.086248 
934.551430 0.085605 
935.515879 0.084085 
936.480329 0.082997 
937.444778 0.082482 
938.409227 0.082157 
939.373677 0.081919 
940.338126 0.081645 
941.302575 0.081520 
942.267025 0.081485 
943.231474 0.081378 
944.195923 0.081228 
945.160373 0.081230 
946.124822 0.081314 
947.089272 0.081437 
948.053721 0.081486 
949.018170 0.081585 
949.982620 0.081876 
950.947069 0.082288 
951.911518 0.082550 
952.875968 0.082809 
953.840417 0.083252 
954.804866 0.083858 
955.769316 0.084510 
956.733765 0.085121 
957.698214 0.085788 
958.662664 0.086714 
959.627113 0.087687 
960.591563 0.088584 
961.556012 0.089602 
962.520461 0.090861 
963.484911 0.092214 
964.449360 0.093546 
965.413809 0.094940 
966.378259 0.096459 
967.342708 0.098139 
968.307157 0.099916 
969.271607 0.101513 
970.236056 0.103243 
971.200506 0.105120 
972.164955 0.106917 
973.129404 0.108539 
974.093854 0.110095 
975.058303 0.111489 
976.022752 0.112666 
976.987202 0.113476 
977.951651 0.113976 
978.916100 0.114335 
979.880550 0.114522 
980.844999 0.114404 
981.809448 0.113942 
982.773898 0.113193 
983.738347 0.112515 
984.702797 0.111800 
985.667246 0.110855 
986.631695 0.109978 
987.596145 0.109380 
988.560594 0.108903 
989.525043 0.108588 
990.489493 0.108417 
991.453942 0.108532 
992.418391 0.108889 
993.382841 0.109470 
994.347290 0.110195 
995.311740 0.111210 
996.276189 0.112401 
997.240638 0.113662 
998.205088 0.114973 
999.169537 0.116355 
1000.133986 0.117810 
1001.098436 0.119225 
1002.062885 0.120369 
1003.027334 0.121385 
1003.991784 0.122164 
1004.956233 0.122667 
1005.920682 0.122827 
1006.885132 0.122711 
1007.849581 0.122375 
1008.814031 0.121687 
1009.778480 0.120670 
1010.742929 0.119401 
1011.707379 0.118004 
1012.671828 0.116591 
1013.636277 0.115002 
1014.600727 0.113242 
1015.565176 0.111420 
1016.529625 0.109594 
1017.494075 0.107713 
1018.458524 0.105785 
1019.422974 0.103808 
1020.387423 0.101994 
1021.351872 0.100315 
1022.316322 0.098679 
1023.280771 0.097161 
1024.245220 0.095969 
1025.209670 0.094994 
1026.174119 0.093995 
1027.138568 0.092961 
1028.103018 0.092251 
1029.067467 0.091732 
1030.031916 0.091165 
1030.996366 0.090498 
1031.960815 0.090016 
1032.925265 0.089739 
1033.889714 0.089428 
1034.854163 0.088974 
1035.818613 0.088555 
1036.783062 0.088368 
1037.747511 0.088260 
1038.711961 0.087994 
1039.676410 0.087691 
1040.640859 0.087606 
1041.605309 0.087634 
1042.569758 0.087551 
1043.534208 0.087537 
1044.498657 0.087643 
1045.463106 0.087938 
1046.427556 0.088266 
1047.392005 0.088366 
1048.356454 0.088387 
1049.320904 0.088661 
1050.285353 0.089003 
1051.249802 0.089257 
1052.214252 0.089352 
1053.178701 0.089575 
1054.143150 0.090038 
1055.107600 0.090412 
1056.072049 0.090570 
1057.036499 0.090893 
1058.000948 0.091355 
1058.965397 0.091844 
1059.929847 0.092189 
1060.894296 0.092418 
1061.858745 0.092676 
1062.823195 0.092960 
1063.787644 0.093113 
1064.752093 0.093147 
1065.716543 0.093283 
1066.680992 0.093412 
1067.645442 0.093331 
1068.609891 0.093110 
1069.574340 0.092874 
1070.538790 0.092675 
1071.503239 0.092428 
1072.467688 0.092064 
1073.432138 0.091690 
1074.396587 0.091314 
1075.361036 0.090886 
1076.325486 0.090440 
1077.289935 0.089949 
1078.254384 0.089521 
1079.218834 0.089208 
1080.183283 0.088800 
1081.147733 0.088199 
1082.112182 0.087659 
1083.076631 0.087300 
1084.041081 0.087040 
1085.005530 0.086784 
1085.969979 0.086566 
1086.934429 0.086445 
1087.898878 0.086457 
1088.863327 0.086440 
1089.827777 0.086330 
1090.792226 0.086329 
1091.756676 0.086428 
1092.721125 0.086453 
1093.685574 0.086532 
1094.650024 0.086752 
1095.614473 0.087007 
1096.578922 0.087248 
1097.543372 0.087395 
1098.507821 0.087622 
1099.472270 0.087975 
1100.436720 0.088298 
1101.401169 0.088564 
1102.365618 0.088829 
1103.330068 0.089182 
1104.294517 0.089550 
1105.258967 0.089785 
1106.223416 0.089938 
1107.187865 0.090104 
1108.152315 0.090304 
1109.116764 0.090450 
1110.081213 0.090496 
1111.045663 0.090527 
1112.010112 0.090548 
1112.974561 0.090429 
1113.939011 0.090091 
1114.903460 0.089686 
1115.867910 0.089265 
1116.832359 0.088775 
1117.796808 0.088119 
1118.761258 0.087506 
1119.725707 0.087022 
1120.690156 0.086519 
1121.654606 0.085968 
1122.619055 0.085498 
1123.583504 0.085189 
1124.547954 0.084909 
1125.512403 0.084580 
1126.476852 0.084195 
1127.441302 0.083907 
1128.405751 0.083799 
1129.370201 0.083657 
1130.334650 0.083236 
1131.299099 0.082705 
1132.263549 0.082395 
1133.227998 0.082239 
1134.192447 0.081974 
1135.156897 0.081638 
1136.121346 0.081427 
1137.085795 0.081328 
1138.050245 0.081129 
1139.014694 0.080859 
1139.979144 0.080823 
1140.943593 0.080922 
1141.908042 0.080957 
1142.872492 0.080963 
1143.836941 0.081051 
1144.801390 0.081297 
1145.765840 0.081538 
1146.730289 0.081625 
1147.694738 0.081738 
1148.659188 0.082008 
1149.623637 0.082316 
1150.588086 0.082403 
1151.552536 0.082255 
1152.516985 0.082120 
1153.481435 0.082111 
1154.445884 0.082046 
1155.410333 0.081902 
1156.374783 0.081888 
1157.339232 0.082015 
1158.303681 0.082071 
1159.268131 0.082063 
1160.232580 0.082106 
1161.197029 0.082343 
1162.161479 0.082616 
1163.125928 0.082801 
1164.090378 0.082860 
1165.054827 0.082771 
1166.019276 0.082343 
1166.983726 0.081874 
1167.948175 0.081547 
1168.912624 0.081413 
1169.877074 0.081442 
1170.841523 0.081457 
1171.805972 0.081299 
1172.770422 0.081139 
1173.734871 0.081064 
1174.699320 0.081000 
1175.663770 0.080953 
1176.628219 0.080928 
1177.592669 0.081037 
1178.557118 0.081438 
1179.521567 0.081832 
1180.486017 0.082200 
1181.450466 0.082316 
1182.414915 0.082034 
1183.379365 0.081754 
1184.343814 0.081663 
1185.308263 0.081776 
1186.272713 0.082052 
1187.237162 0.082404 
1188.201612 0.082717 
1189.166061 0.083099 
1190.130510 0.083655 
1191.094960 0.084273 
1192.059409 0.084868 
1193.023858 0.085523 
1193.988308 0.086270 
1194.952757 0.087103 
1195.917206 0.087897 
1196.881656 0.088627 
1197.846105 0.089456 
1198.810554 0.090411 
1199.775004 0.091344 
1200.739453 0.092181 
1201.703903 0.093075 
1202.668352 0.094062 
1203.632801 0.095046 
1204.597251 0.095917 
1205.561700 0.096669 
1206.526149 0.097527 
1207.490599 0.098472 
1208.455048 0.099308 
1209.419497 0.100049 
1210.383947 0.100778 
1211.348396 0.101427 
1212.312846 0.101951 
1213.277295 0.102406 
1214.241744 0.102874 
1215.206194 0.103404 
1216.170643 0.103839 
1217.135092 0.104117 
1218.099542 0.104064 
1219.063991 0.103856 
1220.028440 0.103564 
1220.992890 0.103191 
1221.957339 0.102703 
1222.921788 0.102214 
1223.886238 0.101779 
1224.850687 0.101235 
1225.815137 0.100434 
1226.779586 0.099657 
1227.744035 0.099089 
1228.708485 0.098585 
1229.672934 0.098167 
1230.637383 0.098002 
1231.601833 0.098081 
1232.566282 0.098320 
1233.530731 0.098580 
1234.495181 0.098926 
1235.459630 0.099478 
1236.424080 0.100165 
1237.388529 0.100876 
1238.352978 0.101684 
1239.317428 0.102669 
1240.281877 0.103844 
1241.246326 0.105036 
1242.210776 0.106173 
1243.175225 0.107301 
1244.139674 0.108527 
1245.104124 0.109738 
1246.068573 0.110798 
1247.033022 0.111647 
1247.997472 0.112366 
1248.961921 0.112971 
1249.926371 0.113351 
1250.890820 0.113572 
1251.855269 0.113846 
1252.819719 0.114089 
1253.784168 0.114066 
1254.748617 0.113738 
1255.713067 0.113304 
1256.677516 0.112721 
1257.641965 0.111855 
1258.606415 0.110634 
1259.570864 0.109089 
1260.535314 0.107222 
1261.499763 0.105160 
1262.464212 0.102893 
1263.428662 0.100433 
1264.393111 0.097991 
1265.357560 0.095764 
1266.322010 0.093829 
1267.286459 0.092165 
1268.250908 0.090736 
1269.215358 0.089605 
1270.179807 0.088651 
1271.144256 0.087730 
1272.108706 0.086793 
1273.073155 0.086092 
1274.037605 0.085541 
1275.002054 0.084877 
1275.966503 0.084189 
1276.930953 0.083688 
1277.895402 0.083264 
1278.859851 0.082867 
1279.824301 0.082464 
1280.788750 0.082024 
1281.753199 0.081598 
1282.717649 0.081180 
1283.682098 0.080655 
1284.646548 0.080228 
1285.610997 0.079969 
1286.575446 0.079786 
1287.539896 0.079483 
1288.504345 0.079137 
1289.468794 0.078928 
1290.433244 0.078821 
1291.397693 0.078621 
1292.362142 0.078450 
1293.326592 0.078390 
1294.291041 0.078387 
1295.255490 0.078340 
1296.219940 0.078250 
1297.184389 0.078212 
1298.148839 0.078376 
1299.113288 0.078535 
1300.077737 0.078500 
1301.042187 0.078481 
1302.006636 0.078618 
1302.971085 0.078795 
1303.935535 0.078900 
1304.899984 0.078955 
1305.864433 0.079111 
1306.828883 0.079314 
1307.793332 0.079508 
1308.757782 0.079549 
1309.722231 0.079613 
1310.686680 0.079788 
1311.651130 0.079995 
1312.615579 0.080140 
1313.580028 0.080208 
1314.544478 0.080375 
1315.508927 0.080456 
1316.473376 0.080463 
1317.437826 0.080428 
1318.402275 0.080500 
1319.366724 0.080525 
1320.331174 0.080441 
1321.295623 0.080353 
1322.260073 0.080241 
1323.224522 0.080303 
1324.188971 0.080315 
1325.153421 0.080225 
1326.117870 0.080168 
1327.082319 0.080256 
1328.046769 0.080356 
1329.011218 0.080386 
1329.975667 0.080340 
1330.940117 0.080388 
1331.904566 0.080519 
1332.869016 0.080527 
1333.833465 0.080510 
1334.797914 0.080543 
1335.762364 0.080654 
1336.726813 0.080718 
1337.691262 0.080644 
1338.655712 0.080735 
1339.620161 0.080734 
1340.584610 0.080553 
1341.549060 0.080298 
1342.513509 0.080308 
1343.477958 0.080266 
1344.442408 0.080267 
1345.406857 0.080237 
1346.371307 0.080158 
1347.335756 0.080164 
1348.300205 0.080286 
1349.264655 0.080375 
1350.229104 0.080389 
1351.193553 0.080364 
1352.158003 0.080489 
1353.122452 0.080693 
1354.086901 0.080854 
1355.051351 0.080823 
1356.015800 0.080809 
1356.980250 0.080886 
1357.944699 0.080927 
1358.909148 0.080869 
1359.873598 0.080965 
1360.838047 0.081156 
1361.802496 0.081263 
1362.766946 0.081435 
1363.731395 0.081149 
1364.695844 0.081230 
1365.660294 0.081446 
1366.624743 0.081524 
1367.589192 0.081658 
1368.553642 0.081762 
1369.518091 0.081812 
1370.482541 0.081849 
1371.446990 0.081897 
1372.411439 0.082001 
1373.375889 0.082105 
1374.340338 0.081879 
1375.304787 0.081698 
1376.269237 0.081675 
1377.233686 0.081898 
1378.198135 0.081869 
1379.162585 0.081788 
1380.127034 0.081754 
1381.091484 0.081789 
1382.055933 0.081972 
1383.020382 0.082206 
1383.984832 0.082339 
1384.949281 0.082232 
1385.913730 0.082025 
1386.878180 0.081790 
1387.842629 0.081070 
1388.807078 0.080817 
1389.771528 0.080917 
1390.735977 0.080922 
1391.700426 0.080865 
1392.664876 0.080807 
1393.629325 0.080931 
1394.593775 0.081039 
1395.558224 0.081049 
1396.522673 0.081279 
1397.487123 0.081626 
1398.451572 0.081963 
1399.416021 0.081820 
1400.380471 0.081672 
1401.344920 0.081873 
1402.309369 0.082042 
1403.273819 0.082100 
1404.238268 0.082205 
1405.202718 0.082066 
1406.167167 0.081987 
1407.131616 0.082065 
1408.096066 0.081999 
1409.060515 0.082017 
1410.024964 0.082117 
1410.989414 0.082217 
1411.953863 0.082170 
1412.918312 0.081994 
1413.882762 0.082029 
1414.847211 0.082235 
1415.811660 0.082467 
1416.776110 0.082600 
1417.740559 0.082666 
1418.705009 0.082938 
1419.669458 0.082509 
1420.633907 0.082561 
1421.598357 0.082967 
1422.562806 0.083246 
1423.527255 0.083633 
1424.491705 0.083403 
1425.456154 0.083391 
1426.420603 0.083501 
1427.385053 0.083636 
1428.349502 0.083619 
1429.313952 0.083681 
1430.278401 0.083490 
1431.242850 0.083474 
1432.207300 0.083646 
1433.171749 0.083508 
1434.136198 0.083283 
1435.100648 0.083378 
1436.065097 0.083838 
1437.029546 0.082975 
1437.993996 0.082540 
1438.958445 0.082770 
1439.922894 0.082789 
1440.887344 0.082748 
1441.851793 0.082594 
1442.816243 0.082574 
1443.780692 0.082705 
1444.745141 0.082848 
1445.709591 0.082830 
1446.674040 0.082904 
1447.638489 0.083045 
1448.602939 0.082861 
1449.567388 0.082959 
1450.531837 0.083189 
1451.496287 0.083403 
1452.460736 0.083427 
1453.425186 0.083304 
1454.389635 0.083418 
1455.354084 0.083458 
1456.318534 0.083655 
1457.282983 0.083089 
1458.247432 0.083238 
1459.211882 0.083246 
1460.176331 0.083367 
1461.140780 0.083535 
1462.105230 0.083542 
1463.069679 0.083480 
1464.034128 0.083702 
1464.998578 0.083517 
1465.963027 0.083305 
1466.927477 0.083589 
1467.891926 0.083770 
1468.856375 0.083939 
1469.820825 0.084113 
1470.785274 0.084373 
1471.749723 0.084488 
1472.714173 0.083818 
1473.678622 0.083588 
1474.643071 0.083486 
1475.607521 0.083986 
1476.571970 0.083767 
1477.536420 0.083529 
1478.500869 0.083691 
1479.465318 0.083848 
1480.429768 0.084212 
1481.394217 0.084461 
1482.358666 0.084432 
1483.323116 0.084649 
1484.287565 0.084926 
1485.252014 0.085315 
1486.216464 0.085786 
1487.180913 0.086122 
1488.145362 0.086246 
1489.109812 0.086926 
1490.074261 0.087105 
1491.038711 0.087197 
1492.003160 0.087802 
1492.967609 0.088485 
1493.932059 0.089051 
1494.896508 0.089602 
1495.860957 0.090250 
1496.825407 0.090856 
1497.789856 0.091685 
1498.754305 0.092499 
1499.718755 0.093105 
1500.683204 0.094213 
1501.647654 0.095310 
1502.612103 0.096173 
1503.576552 0.096956 
1504.541002 0.098037 
1505.505451 0.099314 
1506.469900 0.100741 
1507.434350 0.101559 
1508.398799 0.102386 
1509.363248 0.103444 
1510.327698 0.104403 
1511.292147 0.105164 
1512.256596 0.106410 
1513.221046 0.107193 
1514.185495 0.108013 
1515.149945 0.108856 
1516.114394 0.109665 
1517.078843 0.110737 
1518.043293 0.111978 
1519.007742 0.112825 
1519.972191 0.113937 
1520.936641 0.115039 
1521.901090 0.115809 
1522.865539 0.116730 
1523.829989 0.117360 
1524.794438 0.118419 
1525.758888 0.119461 
1526.723337 0.120453 
1527.687786 0.121882 
1528.652236 0.123254 
1529.616685 0.124687 
1530.581134 0.126218 
1531.545584 0.128110 
1532.510033 0.129713 
1533.474482 0.132331 
1534.438932 0.135010 
1535.403381 0.137134 
1536.367830 0.139471 
1537.332280 0.141852 
1538.296729 0.144268 
1539.261179 0.148452 
1540.225628 0.151043 
1541.190077 0.152793 
1542.154527 0.155246 
1543.118976 0.157769 
1544.083425 0.159458 
1545.047875 0.161636 
1546.012324 0.162944 
1546.976773 0.163958 
1547.941223 0.164825 
1548.905672 0.165677 
1549.870122 0.166238 
1550.834571 0.165642 
1551.799020 0.165149 
1552.763470 0.164729 
1553.727919 0.164434 
1554.692368 0.162775 
1555.656818 0.160824 
1556.621267 0.160203 
1557.585716 0.159930 
1558.550166 0.157588 
1559.514615 0.154465 
1560.479064 0.149867 
1561.443514 0.147916 
1562.407963 0.146323 
1563.372413 0.144302 
1564.336862 0.142510 
1565.301311 0.139900 
1566.265761 0.137961 
1567.230210 0.136528 
1568.194659 0.135328 
1569.159109 0.134504 
1570.123558 0.132172 
1571.088007 0.130984 
1572.052457 0.130331 
1573.016906 0.129601 
1573.981356 0.128963 
1574.945805 0.128762 
1575.910254 0.129039 
1576.874704 0.127691 
1577.839153 0.127313 
1578.803602 0.127225 
1579.768052 0.127032 
1580.732501 0.126766 
1581.696950 0.126463 
1582.661400 0.126029 
1583.625849 0.125630 
1584.590298 0.125119 
1585.554748 0.124416 
1586.519197 0.123551 
1587.483647 0.122576 
1588.448096 0.121470 
1589.412545 0.120349 
1590.376995 0.119006 
1591.341444 0.117542 
1592.305893 0.116026 
1593.270343 0.114659 
1594.234792 0.113170 
1595.199241 0.111550 
1596.163691 0.110092 
1597.128140 0.108529 
1598.092590 0.107010 
1599.057039 0.105480 
1600.021488 0.104039 
1600.985938 0.102734 
1601.950387 0.101373 
1602.914836 0.100107 
1603.879286 0.098906 
1604.843735 0.097981 
1605.808184 0.097137 
1606.772634 0.096345 
1607.737083 0.095472 
1608.701532 0.094820 
1609.665982 0.094119 
1610.630431 0.093436 
1611.594881 0.093010 
1612.559330 0.092592 
1613.523779 0.092254 
1614.488229 0.091966 
1615.452678 0.091864 
1616.417127 0.091912 
1617.381577 0.090955 
1618.346026 0.090663 
1619.310475 0.090530 
1620.274925 0.090344 
1621.239374 0.090257 
1622.203824 0.090197 
1623.168273 0.090202 
1624.132722 0.089450 
1625.097172 0.089256 
1626.061621 0.089209 
1627.026070 0.089263 
1627.990520 0.089040 
1628.954969 0.088674 
1629.919418 0.088777 
1630.883868 0.088732 
1631.848317 0.088560 
1632.812766 0.088448 
1633.777216 0.088423 
1634.741665 0.088567 
1635.706115 0.088077 
1636.670564 0.087753 
1637.635013 0.088068 
1638.599463 0.088041 
1639.563912 0.088044 
1640.528361 0.087927 
1641.492811 0.087878 
1642.457260 0.087958 
1643.421709 0.087926 
1644.386159 0.087796 
1645.350608 0.087789 
1646.315058 0.087495 
1647.279507 0.087623 
1648.243956 0.087720 
1649.208406 0.087415 
1650.172855 0.087395 
1651.137304 0.087457 
1652.101754 0.087636 
1653.066203 0.086045 
1654.030652 0.086339 
1654.995102 0.086661 
1655.959551 0.086630 
1656.924000 0.086565 
1657.888450 0.086442 
1658.852899 0.086425 
1659.817349 0.086379 
1660.781798 0.086252 
1661.746247 0.086198 
1662.710697 0.086157 
1663.675146 0.085707 
1664.639595 0.085655 
1665.604045 0.085488 
1666.568494 0.085324 
1667.532943 0.085324 
1668.497393 0.085591 
1669.461842 0.085172 
1670.426292 0.084616 
1671.390741 0.084644 
1672.355190 0.084317 
1673.319640 0.084084 
1674.284089 0.084085 
1675.248538 0.084129 
1676.212988 0.083587 
1677.177437 0.083668 
1678.141886 0.083543 
1679.106336 0.083550 
1680.070785 0.083701 
1681.035234 0.083297 
1681.999684 0.083101 
1682.964133 0.083163 
1683.928583 0.083037 
1684.893032 0.082266 
1685.857481 0.082132 
1686.821931 0.082387 
1687.786380 0.082615 
1688.750829 0.082380 
1689.715279 0.082090 
1690.679728 0.081834 
1691.644177 0.081750 
1692.608627 0.081813 
1693.573076 0.081651 
1694.537526 0.081697 
1695.501975 0.081706 
1696.466424 0.080680 
1697.430874 0.080935 
1698.395323 0.081131 
1699.359772 0.081588 
1700.324222 0.081264 
1701.288671 0.079984 
1702.253120 0.080513 
1703.217570 0.080810 
1704.182019 0.080909 
1705.146468 0.080602 
1706.110918 0.080650 
1707.075367 0.080374 
1708.039817 0.080427 
1709.004266 0.080665 
1709.968715 0.080734 
1710.933165 0.080453 
1711.897614 0.080486 
1712.862063 0.080619 
1713.826513 0.080815 
1714.790962 0.080743 
1715.755411 0.080273 
1716.719861 0.080526 
1717.684310 0.080201 
1718.648760 0.079283 
1719.613209 0.079638 
1720.577658 0.080003 
1721.542108 0.080171 
1722.506557 0.080189 
1723.471006 0.080114 
1724.435456 0.079878 
1725.399905 0.079923 
1726.364354 0.079923 
1727.328804 0.079869 
1728.293253 0.079799 
1729.257702 0.080144 
1730.222152 0.080097 
1731.186601 0.079875 
1732.151051 0.080121 
1733.115500 0.080520 
1734.079949 0.080278 
1735.044399 0.079221 
1736.008848 0.079392 
1736.973297 0.079738 
1737.937747 0.079742 
1738.902196 0.080037 
1739.866645 0.079920 
1740.831095 0.079459 
1741.795544 0.079766 
1742.759994 0.080121 
1743.724443 0.079830 
1744.688892 0.079643 
1745.653342 0.079841 
1746.617791 0.079935 
1747.582240 0.079826 
1748.546690 0.079853 
1749.511139 0.079564 
1750.475588 0.079936 
1751.440038 0.079769 
1752.404487 0.079054 
1753.368936 0.079202 
1754.333386 0.079252 
1755.297835 0.079319 
1756.262285 0.079434 
1757.226734 0.079121 
1758.191183 0.078976 
1759.155633 0.079138 
1760.120082 0.079165 
1761.084531 0.079459 
1762.048981 0.079123 
1763.013430 0.078874 
1763.977879 0.079095 
1764.942329 0.079167 
1765.906778 0.079132 
1766.871228 0.079186 
1767.835677 0.079424 
1768.800126 0.078973 
1769.764576 0.078958 
1770.729025 0.079360 
1771.693474 0.079512 
1772.657924 0.079195 
1773.622373 0.078642 
1774.586822 0.079112 
1775.551272 0.079439 
1776.515721 0.079247 
1777.480170 0.079308 
1778.444620 0.079497 
1779.409069 0.079561 
1780.373519 0.079701 
1781.337968 0.079456 
1782.302417 0.079497 
1783.266867 0.079664 
1784.231316 0.079981 
1785.195765 0.079924 
1786.160215 0.079717 
1787.124664 0.079901 
1788.089113 0.080044 
1789.053563 0.080051 
1790.018012 0.080146 
1790.982462 0.080144 
1791.946911 0.080225 
1792.911360 0.079994 
1793.875810 0.079653 
1794.840259 0.080091 
1795.804708 0.080405 
1796.769158 0.080359 
1797.733607 0.080229 
1798.698056 0.080426 
1799.662506 0.080419 
1800.626955 0.080205 
1801.591404 0.080382 
1802.555854 0.080387 
1803.520303 0.080292 
1804.484753 0.080372 
1805.449202 0.080348 
1806.413651 0.080407 
1807.378101 0.080627 
1808.342550 0.080584 
1809.306999 0.080591 
1810.271449 0.080701 
1811.235898 0.080462 
1812.200347 0.080509 
1813.164797 0.080527 
1814.129246 0.080518 
1815.093696 0.080552 
1816.058145 0.080654 
1817.022594 0.080852 
1817.987044 0.080775 
1818.951493 0.080643 
1819.915942 0.080667 
1820.880392 0.080700 
1821.844841 0.080718 
1822.809290 0.080658 
1823.773740 0.080637 
1824.738189 0.080892 
1825.702638 0.080548 
1826.667088 0.080393 
1827.631537 0.080518 
1828.595987 0.080706 
1829.560436 0.080883 
1830.524885 0.080287 
1831.489335 0.080325 
1832.453784 0.080589 
1833.418233 0.080636 
1834.382683 0.080568 
1835.347132 0.080542 
1836.311581 0.080649 
1837.276031 0.080794 
1838.240480 0.080702 
1839.204930 0.080714 
1840.169379 0.080679 
1841.133828 0.080747 
1842.098278 0.080738 
1843.062727 0.080898 
1844.027176 0.081206 
1844.991626 0.080579 
1845.956075 0.080589 
1846.920524 0.080839 
1847.884974 0.080887 
1848.849423 0.080749 
1849.813872 0.080816 
1850.778322 0.080834 
1851.742771 0.080793 
1852.707221 0.080767 
1853.671670 0.080861 
1854.636119 0.080919 
1855.600569 0.080943 
1856.565018 0.080974 
1857.529467 0.081024 
1858.493917 0.081094 
1859.458366 0.081072 
1860.422815 0.081040 
1861.387265 0.081033 
1862.351714 0.080957 
1863.316164 0.080957 
1864.280613 0.080952 
1865.245062 0.080916 
1866.209512 0.080899 
1867.173961 0.080885 
1868.138410 0.080949 
1869.102860 0.081007 
1870.067309 0.080801 
1871.031758 0.080802 
1871.996208 0.080765 
1872.960657 0.080683 
1873.925106 0.080701 
1874.889556 0.080740 
1875.854005 0.080781 
1876.818455 0.080771 
1877.782904 0.080763 
1878.747353 0.080790 
1879.711803 0.080856 
1880.676252 0.080863 
1881.640701 0.080867 
1882.605151 0.080949 
1883.569600 0.081025 
1884.534049 0.081036 
1885.498499 0.081020 
1886.462948 0.081036 
1887.427398 0.081041 
1888.391847 0.081142 
1889.356296 0.081338 
1890.320746 0.081061 
1891.285195 0.081127 
1892.249644 0.081264 
1893.214094 0.081232 
1894.178543 0.081309 
1895.142992 0.081412 
1896.107442 0.081296 
1897.071891 0.081383 
1898.036340 0.081418 
1899.000790 0.081407 
1899.965239 0.081450 
1900.929689 0.081479 
1901.894138 0.081476 
1902.858587 0.081539 
1903.823037 0.081602 
1904.787486 0.081590 
1905.751935 0.081526 
1906.716385 0.081536 
1907.680834 0.081627 
1908.645283 0.081608 
1909.609733 0.081660 
1910.574182 0.081524 
1911.538632 0.081513 
1912.503081 0.081611 
1913.467530 0.081654 
1914.431980 0.081701 
1915.396429 0.081736 
1916.360878 0.081710 
1917.325328 0.081853 
1918.289777 0.081775 
1919.254226 0.081610 
1920.218676 0.081763 
1921.183125 0.081792 
1922.147574 0.082028 
1923.112024 0.081964 
1924.076473 0.081757 
1925.040923 0.081803 
1926.005372 0.081826 
1926.969821 0.081781 
1927.934271 0.081831 
1928.898720 0.081847 
1929.863169 0.081864 
1930.827619 0.081849 
1931.792068 0.081872 
1932.756517 0.081924 
1933.720967 0.081966 
1934.685416 0.081893 
1935.649866 0.081888 
1936.614315 0.081955 
1937.578764 0.081995 
1938.543214 0.081883 
1939.507663 0.081882 
1940.472112 0.081917 
1941.436562 0.082099 
1942.401011 0.082244 
1943.365460 0.081934 
1944.329910 0.081929 
1945.294359 0.082056 
1946.258808 0.082018 
1947.223258 0.081985 
1948.187707 0.082097 
1949.152157 0.082494 
1950.116606 0.082697 
1951.081055 0.082349 
1952.045505 0.082094 
1953.009954 0.082110 
1953.974403 0.082162 
1954.938853 0.082247 
1955.903302 0.082397 
1956.867751 0.083050 
1957.832201 0.085668 
1958.796650 0.088937 
1959.761100 0.086732 
1960.725549 0.083337 
1961.689998 0.082435 
1962.654448 0.082295 
1963.618897 0.082249 
1964.583346 0.082220 
1965.547796 0.082252 
1966.512245 0.082304 
1967.476694 0.082258 
1968.441144 0.082124 
1969.405593 0.082195 
1970.370042 0.082221 
1971.334492 0.082223 
1972.298941 0.082256 
1973.263391 0.082318 
1974.227840 0.082350 
1975.192289 0.082356 
1976.156739 0.082335 
1977.121188 0.082363 
1978.085637 0.082427 
1979.050087 0.082460 
1980.014536 0.082470 
1980.978985 0.082490 
1981.943435 0.082566 
1982.907884 0.082607 
1983.872334 0.082606 
1984.836783 0.082570 
1985.801232 0.082625 
1986.765682 0.082716 
1987.730131 0.082781 
1988.694580 0.082754 
1989.659030 0.082736 
1990.623479 0.082851 
1991.587928 0.083114 
1992.552378 0.083086 
1993.516827 0.082994 
1994.481276 0.083058 
1995.445726 0.083133 
1996.410175 0.083188 
1997.374625 0.083208 
1998.339074 0.083269 
1999.303523 0.083332 
2000.267973 0.083370 
2001.232422 0.083377 
2002.196871 0.083433 
2003.161321 0.083500 
2004.125770 0.083525 
2005.090219 0.083535 
2006.054669 0.083539 
2007.019118 0.083581 
2007.983568 0.083620 
2008.948017 0.083638 
2009.912466 0.083648 
2010.876916 0.083662 
2011.841365 0.083696 
2012.805814 0.083707 
2013.770264 0.083723 
2014.734713 0.083733 
2015.699162 0.083805 
2016.663612 0.083917 
2017.628061 0.083856 
2018.592510 0.083963 
2019.556960 0.084028 
2020.521409 0.083933 
2021.485859 0.083834 
2022.450308 0.083823 
2023.414757 0.083877 
2024.379207 0.083949 
2025.343656 0.083982 
2026.308105 0.084068 
2027.272555 0.084371 
2028.237004 0.085314 
2029.201453 0.085805 
2030.165903 0.084850 
2031.130352 0.084174 
2032.094802 0.084105 
2033.059251 0.084090 
2034.023700 0.084047 
2034.988150 0.084059 
2035.952599 0.084053 
2036.917048 0.084087 
2037.881498 0.084097 
2038.845947 0.084047 
2039.810396 0.084060 
2040.774846 0.084166 
2041.739295 0.084105 
2042.703744 0.084029 
2043.668194 0.084078 
2044.632643 0.084091 
2045.597093 0.084087 
2046.561542 0.084020 
2047.525991 0.084000 
2048.490441 0.084082 
2049.454890 0.084135 
2050.419339 0.084103 
2051.383789 0.084067 
2052.348238 0.084061 
2053.312687 0.084053 
2054.277137 0.084024 
2055.241586 0.084015 
2056.206036 0.084034 
2057.170485 0.084026 
2058.134934 0.083978 
2059.099384 0.083913 
2060.063833 0.083915 
2061.028282 0.083929 
2061.992732 0.083889 
2062.957181 0.083867 
2063.921630 0.083906 
2064.886080 0.083976 
2065.850529 0.083862 
2066.814978 0.083781 
2067.779428 0.083777 
2068.743877 0.083783 
2069.708327 0.083771 
2070.672776 0.083757 
2071.637225 0.083728 
2072.601675 0.083724 
2073.566124 0.083707 
2074.530573 0.083695 
2075.495023 0.083681 
2076.459472 0.083634 
2077.423921 0.083624 
2078.388371 0.083656 
2079.352820 0.083638 
2080.317270 0.083626 
2081.281719 0.083677 
2082.246168 0.083667 
2083.210618 0.083592 
2084.175067 0.083570 
2085.139516 0.083583 
2086.103966 0.083590 
2087.068415 0.083604 
2088.032864 0.083585 
2088.997314 0.083612 
2089.961763 0.083705 
2090.926212 0.083659 
2091.890662 0.083585 
2092.855111 0.083583 
2093.819561 0.083671 
2094.784010 0.083768 
2095.748459 0.083756 
2096.712909 0.083736 
2097.677358 0.083785 
2098.641807 0.083836 
2099.606257 0.083850 
2100.570706 0.083817 
2101.535155 0.083822 
2102.499605 0.083920 
2103.464054 0.083950 
2104.428504 0.083919 
2105.392953 0.083933 
2106.357402 0.083996 
2107.321852 0.084068 
2108.286301 0.084032 
2109.250750 0.083999 
2110.215200 0.084046 
2111.179649 0.084100 
2112.144098 0.084122 
2113.108548 0.084126 
2114.072997 0.084140 
2115.037446 0.084227 
2116.001896 0.084239 
2116.966345 0.084215 
2117.930795 0.084241 
2118.895244 0.084294 
2119.859693 0.084293 
2120.824143 0.084260 
2121.788592 0.084290 
2122.753041 0.084393 
2123.717491 0.084437 
2124.681940 0.084458 
2125.646389 0.084475 
2126.610839 0.084521 
2127.575288 0.084602 
2128.539738 0.084649 
2129.504187 0.084644 
2130.468636 0.084680 
2131.433086 0.084736 
2132.397535 0.084747 
2133.361984 0.084742 
2134.326434 0.084778 
2135.290883 0.084851 
2136.255332 0.084898 
2137.219782 0.084920 
2138.184231 0.084916 
2139.148680 0.084932 
2140.113130 0.084957 
2141.077579 0.084968 
2142.042029 0.084962 
2143.006478 0.084965 
2143.970927 0.084971 
2144.935377 0.084987 
2145.899826 0.085000 
2146.864275 0.085031 
2147.828725 0.085072 
2148.793174 0.085078 
2149.757623 0.085072 
2150.722073 0.085082 
2151.686522 0.085130 
2152.650972 0.085132 
2153.615421 0.085118 
2154.579870 0.085097 
2155.544320 0.085104 
2156.508769 0.085139 
2157.473218 0.085167 
2158.437668 0.085188 
2159.402117 0.085161 
2160.366566 0.085150 
2161.331016 0.085169 
2162.295465 0.085124 
2163.259914 0.085129 
2164.224364 0.085151 
2165.188813 0.085154 
2166.153263 0.085147 
2167.117712 0.085142 
2168.082161 0.085149 
2169.046611 0.085151 
2170.011060 0.085110 
2170.975509 0.085092 
2171.939959 0.085154 
2172.904408 0.085173 
2173.868857 0.085150 
2174.833307 0.085130 
2175.797756 0.085118 
2176.762206 0.085125 
2177.726655 0.085118 
2178.691104 0.085136 
2179.655554 0.085146 
2180.620003 0.085113 
2181.584452 0.085115 
2182.548902 0.085110 
2183.513351 0.085041 
2184.477800 0.085053 
2185.442250 0.085077 
2186.406699 0.085076 
2187.371148 0.085054 
2188.335598 0.085052 
2189.300047 0.085071 
2190.264497 0.085037 
2191.228946 0.084960 
2192.193395 0.084945 
2193.157845 0.084971 
2194.122294 0.085003 
2195.086743 0.084992 
2196.051193 0.084999 
2197.015642 0.084998 
2197.980091 0.084965 
2198.944541 0.084931 
2199.908990 0.084987 
2200.873440 0.085044 
2201.837889 0.085102 
2202.802338 0.085137 
2203.766788 0.085097 
2204.731237 0.085087 
2205.695686 0.085132 
2206.660136 0.085148 
2207.624585 0.085130 
2208.589034 0.085138 
2209.553484 0.085187 
2210.517933 0.085207 
2211.482382 0.085231 
2212.446832 0.085209 
2213.411281 0.085202 
2214.375731 0.085242 
2215.340180 0.085307 
2216.304629 0.085337 
2217.269079 0.085340 
2218.233528 0.085398 
2219.197977 0.085457 
2220.162427 0.085425 
2221.126876 0.085443 
2222.091325 0.085496 
2223.055775 0.085552 
2224.020224 0.085571 
2224.984674 0.085570 
2225.949123 0.085591 
2226.913572 0.085649 
2227.878022 0.085693 
2228.842471 0.085721 
2229.806920 0.085740 
2230.771370 0.085823 
2231.735819 0.085951 
2232.700268 0.085992 
2233.664718 0.086006 
2234.629167 0.086100 
2235.593616 0.086177 
2236.558066 0.086211 
2237.522515 0.086228 
2238.486965 0.086266 
2239.451414 0.086378 
2240.415863 0.086473 
2241.380313 0.086499 
2242.344762 0.086525 
2243.309211 0.086579 
2244.273661 0.086656 
2245.238110 0.086718 
2246.202559 0.086782 
2247.167009 0.086859 
2248.131458 0.086931 
2249.095908 0.086995 
2250.060357 0.087051 
2251.024806 0.087108 
2251.989256 0.087188 
2252.953705 0.087288 
2253.918154 0.087331 
2254.882604 0.087394 
2255.847053 0.087477 
2256.811502 0.087548 
2257.775952 0.087592 
2258.740401 0.087680 
2259.704850 0.087771 
2260.669300 0.087878 
2261.633749 0.087935 
2262.598199 0.087979 
2263.562648 0.087994 
2264.527097 0.088074 
2265.491547 0.088180 
2266.455996 0.088277 
2267.420445 0.088367 
2268.384895 0.088445 
2269.349344 0.088505 
2270.313793 0.088580 
2271.278243 0.088683 
2272.242692 0.088758 
2273.207142 0.088815 
2274.171591 0.088906 
2275.136040 0.089004 
2276.100490 0.089102 
2277.064939 0.089181 
2278.029388 0.089259 
2278.993838 0.089368 
2279.958287 0.089520 
2280.922736 0.089653 
2281.887186 0.089757 
2282.851635 0.089821 
2283.816084 0.089900 
2284.780534 0.089898 
2285.744983 0.089831 
2286.709433 0.089748 
2287.673882 0.089725 
2288.638331 0.089739 
2289.602781 0.089733 
2290.567230 0.089685 
2291.531679 0.089577 
2292.496129 0.089477 
2293.460578 0.089404 
2294.425027 0.089294 
2295.389477 0.089262 
2296.353926 0.089106 
2297.318376 0.089081 
2298.282825 0.088908 
2299.247274 0.088791 
2300.211724 0.088660 
2301.176173 0.088581 
2302.140622 0.088542 
2303.105072 0.088245 
2304.069521 0.088212 
2305.033970 0.088037 
2305.998420 0.087994 
2306.962869 0.087656 
2307.927318 0.087451 
2308.891768 0.087231 
2309.856217 0.086993 
2310.820667 0.086923 
2311.785116 0.086525 
2312.749565 0.086580 
2313.714015 0.086178 
2314.678464 0.086454 
2315.642913 0.086059 
2316.607363 0.086071 
2317.571812 0.085536 
2318.536261 0.085501 
2319.500711 0.084763 
2320.465160 0.084612 
2321.429610 0.084162 
2322.394059 0.084262 
2323.358508 0.083842 
2324.322958 0.083797 
2325.287407 0.083702 
2326.251856 0.083782 
2327.216306 0.083387 
2328.180755 0.083185 
2329.145204 0.082825 
2330.109654 0.082750 
2331.074103 0.082528 
2332.038552 0.082570 
2333.003002 0.082540 
2333.967451 0.082683 
2334.931901 0.082762 
2335.896350 0.082602 
2336.860799 0.082318 
2337.825249 0.082451 
2338.789698 0.082398 
2339.754147 0.082127 
2340.718597 0.081813 
2341.683046 0.081864 
2342.647495 0.081968 
2343.611945 0.082132 
2344.576394 0.082159 
2345.540844 0.082311 
2346.505293 0.083000 
2347.469742 0.084030 
2348.434192 0.084953 
2349.398641 0.085074 
2350.363090 0.084179 
2351.327540 0.083357 
2352.291989 0.082681 
2353.256438 0.082264 
2354.220888 0.081569 
2355.185337 0.080978 
2356.149786 0.080446 
2357.114236 0.080003 
2358.078685 0.079400 
2359.043135 0.079431 
2360.007584 0.079419 
2360.972033 0.079537 
2361.936483 0.079463 
2362.900932 0.079687 
2363.865381 0.079845 
2364.829831 0.080080 
2365.794280 0.080354 
2366.758729 0.080927 
2367.723179 0.081607 
2368.687628 0.082147 
2369.652078 0.082588 
2370.616527 0.083115 
2371.580976 0.083683 
2372.545426 0.084255 
2373.509875 0.084744 
2374.474324 0.085202 
2375.438774 0.085608 
2376.403223 0.085998 
2377.367672 0.086439 
2378.332122 0.086826 
2379.296571 0.087197 
2380.261020 0.087608 
2381.225470 0.087973 
2382.189919 0.088211 
2383.154369 0.088484 
2384.118818 0.088797 
2385.083267 0.088983 
2386.047717 0.089021 
2387.012166 0.089100 
2387.976615 0.089191 
2388.941065 0.089229 
2389.905514 0.089225 
2390.869963 0.089201 
2391.834413 0.089215 
2392.798862 0.089218 
2393.763312 0.089166 
2394.727761 0.089131 
2395.692210 0.089070 
2396.656660 0.089045 
2397.621109 0.089011 
2398.585558 0.088977 
2399.550008 0.088989 
2400.514457 0.088986 
2401.478906 0.088958 
2402.443356 0.088908 
2403.407805 0.088893 
2404.372254 0.088871 
2405.336704 0.088867 
2406.301153 0.088877 
2407.265603 0.088840 
2408.230052 0.088881 
2409.194501 0.088920 
2410.158951 0.088917 
2411.123400 0.088870 
2412.087849 0.088867 
2413.052299 0.088894 
2414.016748 0.088867 
2414.981197 0.088833 
2415.945647 0.088845 
2416.910096 0.088836 
2417.874546 0.088852 
2418.838995 0.088857 
2419.803444 0.088815 
2420.767894 0.088798 
2421.732343 0.088862 
2422.696792 0.088879 
2423.661242 0.088858 
2424.625691 0.088843 
2425.590140 0.088842 
2426.554590 0.088846 
2427.519039 0.088851 
2428.483488 0.088827 
2429.447938 0.088805 
2430.412387 0.088828 
2431.376837 0.088857 
2432.341286 0.088857 
2433.305735 0.088864 
2434.270185 0.088869 
2435.234634 0.088869 
2436.199083 0.088858 
2437.163533 0.088875 
2438.127982 0.088892 
2439.092431 0.088912 
2440.056881 0.088916 
2441.021330 0.088867 
2441.985780 0.088878 
2442.950229 0.088941 
2443.914678 0.088924 
2444.879128 0.088929 
2445.843577 0.088991 
2446.808026 0.089019 
2447.772476 0.088995 
2448.736925 0.088971 
2449.701374 0.089008 
2450.665824 0.089048 
2451.630273 0.089049 
2452.594722 0.089058 
2453.559172 0.089103 
2454.523621 0.089154 
2455.488071 0.089142 
2456.452520 0.089115 
2457.416969 0.089137 
2458.381419 0.089237 
2459.345868 0.089298 
2460.310317 0.089292 
2461.274767 0.089272 
2462.239216 0.089242 
2463.203665 0.089294 
2464.168115 0.089383 
2465.132564 0.089395 
2466.097014 0.089386 
2467.061463 0.089426 
2468.025912 0.089467 
2468.990362 0.089440 
2469.954811 0.089471 
2470.919260 0.089567 
2471.883710 0.089616 
2472.848159 0.089653 
2473.812608 0.089674 
2474.777058 0.089686 
2475.741507 0.089736 
2476.705956 0.089752 
2477.670406 0.089731 
2478.634855 0.089742 
2479.599305 0.089786 
2480.563754 0.089823 
2481.528203 0.089800 
2482.492653 0.089795 
2483.457102 0.089861 
2484.421551 0.089872 
2485.386001 0.089852 
2486.350450 0.089897 
2487.314899 0.089958 
2488.279349 0.089949 
2489.243798 0.089934 
2490.208248 0.089970 
2491.172697 0.090031 
2492.137146 0.090103 
2493.101596 0.090159 
2494.066045 0.090182 
2495.030494 0.090169 
2495.994944 0.090149 
2496.959393 0.090187 
2497.923842 0.090227 
2498.888292 0.090244 
2499.852741 0.090244 
2500.817190 0.090230 
2501.781640 0.090232 
2502.746089 0.090295 
2503.710539 0.090312 
2504.674988 0.090295 
2505.639437 0.090297 
2506.603887 0.090332 
2507.568336 0.090345 
2508.532785 0.090352 
2509.497235 0.090315 
2510.461684 0.090329 
2511.426133 0.090397 
2512.390583 0.090443 
2513.355032 0.090410 
2514.319482 0.090366 
2515.283931 0.090327 
2516.248380 0.090346 
2517.212830 0.090365 
2518.177279 0.090383 
2519.141728 0.090413 
2520.106178 0.090445 
2521.070627 0.090411 
2522.035076 0.090425 
2522.999526 0.090444 
2523.963975 0.090431 
2524.928424 0.090448 
2525.892874 0.090476 
2526.857323 0.090456 
2527.821773 0.090455 
2528.786222 0.090475 
2529.750671 0.090476 
2530.715121 0.090429 
2531.679570 0.090424 
2532.644019 0.090454 
2533.608469 0.090455 
2534.572918 0.090460 
2535.537367 0.090523 
2536.501817 0.090493 
2537.466266 0.090430 
2538.430716 0.090403 
2539.395165 0.090421 
2540.359614 0.090415 
2541.324064 0.090425 
2542.288513 0.090464 
2543.252962 0.090499 
2544.217412 0.090485 
2545.181861 0.090486 
2546.146310 0.090449 
2547.110760 0.090442 
2548.075209 0.090487 
2549.039658 0.090523 
2550.004108 0.090507 
2550.968557 0.090501 
2551.933007 0.090477 
2552.897456 0.090462 
2553.861905 0.090478 
2554.826355 0.090508 
2555.790804 0.090541 
2556.755253 0.090570 
2557.719703 0.090554 
2558.684152 0.090597 
2559.648601 0.090647 
2560.613051 0.090661 
2561.577500 0.090640 
2562.541950 0.090597 
2563.506399 0.090646 
2564.470848 0.090727 
2565.435298 0.090757 
2566.399747 0.090815 
2567.364196 0.090857 
2568.328646 0.090834 
2569.293095 0.090854 
2570.257544 0.090909 
2571.221994 0.090938 
2572.186443 0.090941 
2573.150892 0.090965 
2574.115342 0.091041 
2575.079791 0.091062 
2576.044241 0.091088 
2577.008690 0.091114 
2577.973139 0.091196 
2578.937589 0.091215 
2579.902038 0.091149 
2580.866487 0.091166 
2581.830937 0.091261 
2582.795386 0.091322 
2583.759835 0.091319 
2584.724285 0.091292 
2585.688734 0.091353 
2586.653184 0.091370 
2587.617633 0.091388 
2588.582082 0.091441 
2589.546532 0.091481 
2590.510981 0.091522 
2591.475430 0.091566 
2592.439880 0.091593 
2593.404329 0.091598 
2594.368778 0.091607 
2595.333228 0.091706 
2596.297677 0.091758 
2597.262126 0.091736 
2598.226576 0.091737 
2599.191025 0.091769 
2600.155475 0.091862 
2601.119924 0.091950 
2602.084373 0.091956 
2603.048823 0.091958 
2604.013272 0.091970 
2604.977721 0.091984 
2605.942171 0.092017 
2606.906620 0.092068 
2607.871069 0.092094 
2608.835519 0.092139 
2609.799968 0.092132 
2610.764418 0.092170 
2611.728867 0.092176 
2612.693316 0.092173 
2613.657766 0.092191 
2614.622215 0.092221 
2615.586664 0.092262 
2616.551114 0.092318 
2617.515563 0.092308 
2618.480012 0.092309 
2619.444462 0.092337 
2620.408911 0.092381 
2621.373360 0.092381 
2622.337810 0.092365 
2623.302259 0.092367 
2624.266709 0.092376 
2625.231158 0.092356 
2626.195607 0.092410 
2627.160057 0.092452 
2628.124506 0.092451 
2629.088955 0.092427 
2630.053405 0.092437 
2631.017854 0.092438 
2631.982303 0.092483 
2632.946753 0.092482 
2633.911202 0.092376 
2634.875652 0.092372 
2635.840101 0.092443 
2636.804550 0.092466 
2637.769000 0.092447 
2638.733449 0.092439 
2639.697898 0.092429 
2640.662348 0.092385 
2641.626797 0.092423 
2642.591246 0.092433 
2643.555696 0.092439 
2644.520145 0.092480 
2645.484594 0.092490 
2646.449044 0.092451 
2647.413493 0.092441 
2648.377943 0.092467 
2649.342392 0.092477 
2650.306841 0.092445 
2651.271291 0.092495 
2652.235740 0.092573 
2653.200189 0.092568 
2654.164639 0.092526 
2655.129088 0.092541 
2656.093537 0.092503 
2657.057987 0.092425 
2658.022436 0.092397 
2658.986886 0.092418 
2659.951335 0.092447 
2660.915784 0.092492 
2661.880234 0.092510 
2662.844683 0.092479 
2663.809132 0.092460 
2664.773582 0.092490 
2665.738031 0.092471 
2666.702480 0.092453 
2667.666930 0.092459 
2668.631379 0.092506 
2669.595828 0.092527 
2670.560278 0.092536 
2671.524727 0.092540 
2672.489177 0.092612 
2673.453626 0.092649 
2674.418075 0.092632 
2675.382525 0.092648 
2676.346974 0.092728 
2677.311423 0.092751 
2678.275873 0.092746 
2679.240322 0.092744 
2680.204771 0.092755 
2681.169221 0.092785 
2682.133670 0.092812 
2683.098120 0.092792 
2684.062569 0.092770 
2685.027018 0.092809 
2685.991468 0.092875 
2686.955917 0.092907 
2687.920366 0.092959 
2688.884816 0.092967 
2689.849265 0.092975 
2690.813714 0.092964 
2691.778164 0.092998 
2692.742613 0.093031 
2693.707062 0.093083 
2694.671512 0.093179 
2695.635961 0.093210 
2696.600411 0.093206 
2697.564860 0.093263 
2698.529309 0.093307 
2699.493759 0.093311 
2700.458208 0.093311 
2701.422657 0.093332 
2702.387107 0.093353 
2703.351556 0.093418 
2704.316005 0.093485 
2705.280455 0.093546 
2706.244904 0.093589 
2707.209354 0.093665 
2708.173803 0.093727 
2709.138252 0.093757 
2710.102702 0.093768 
2711.067151 0.093785 
2712.031600 0.093752 
2712.996050 0.093788 
2713.960499 0.093914 
2714.924948 0.093979 
2715.889398 0.094001 
2716.853847 0.094011 
2717.818296 0.093998 
2718.782746 0.094065 
2719.747195 0.094111 
2720.711645 0.094172 
2721.676094 0.094259 
2722.640543 0.094240 
2723.604993 0.094233 
2724.569442 0.094309 
2725.533891 0.094380 
2726.498341 0.094413 
2727.462790 0.094380 
2728.427239 0.094402 
2729.391689 0.094406 
2730.356138 0.094454 
2731.320588 0.094538 
2732.285037 0.094583 
2733.249486 0.094572 
2734.213936 0.094553 
2735.178385 0.094578 
2736.142834 0.094628 
2737.107284 0.094616 
2738.071733 0.094615 
2739.036182 0.094638 
2740.000632 0.094653 
2740.965081 0.094669 
2741.929530 0.094695 
2742.893980 0.094719 
2743.858429 0.094730 
2744.822879 0.094738 
2745.787328 0.094768 
2746.751777 0.094839 
2747.716227 0.094887 
2748.680676 0.094886 
2749.645125 0.094842 
2750.609575 0.094830 
2751.574024 0.094883 
2752.538473 0.094867 
2753.502923 0.094890 
2754.467372 0.094919 
2755.431822 0.094978 
2756.396271 0.094997 
2757.360720 0.094977 
2758.325170 0.094974 
2759.289619 0.095015 
2760.254068 0.095023 
2761.218518 0.094977 
2762.182967 0.094986 
2763.147416 0.095023 
2764.111866 0.095050 
2765.076315 0.095036 
2766.040764 0.095042 
2767.005214 0.095062 
2767.969663 0.095017 
2768.934113 0.094996 
2769.898562 0.095008 
2770.863011 0.095090 
2771.827461 0.095164 
2772.791910 0.095154 
2773.756359 0.095168 
2774.720809 0.095222 
2775.685258 0.095214 
2776.649707 0.095212 
2777.614157 0.095198 
2778.578606 0.095180 
2779.543056 0.095251 
2780.507505 0.095342 
2781.471954 0.095292 
2782.436404 0.095272 
2783.400853 0.095312 
2784.365302 0.095371 
2785.329752 0.095400 
2786.294201 0.095456 
2787.258650 0.095526 
2788.223100 0.095587 
2789.187549 0.095552 
2790.151998 0.095492 
2791.116448 0.095552 
2792.080897 0.095575 
2793.045347 0.095573 
2794.009796 0.095618 
2794.974245 0.095678 
2795.938695 0.095702 
2796.903144 0.095731 
2797.867593 0.095796 
2798.832043 0.095821 
2799.796492 0.095815 
2800.760941 0.095860 
2801.725391 0.095899 
2802.689840 0.095920 
2803.654290 0.095969 
2804.618739 0.096021 
2805.583188 0.096046 
2806.547638 0.096094 
2807.512087 0.096143 
2808.476536 0.096161 
2809.440986 0.096196 
2810.405435 0.096214 
2811.369884 0.096229 
2812.334334 0.096278 
2813.298783 0.096380 
2814.263232 0.096417 
2815.227682 0.096472 
2816.192131 0.096477 
2817.156581 0.096536 
2818.121030 0.096654 
2819.085479 0.096755 
2820.049929 0.096764 
2821.014378 0.096780 
2821.978827 0.096825 
2822.943277 0.096892 
2823.907726 0.096941 
2824.872175 0.096937 
2825.836625 0.096971 
2826.801074 0.097111 
2827.765524 0.097237 
2828.729973 0.097247 
2829.694422 0.097264 
2830.658872 0.097352 
2831.623321 0.097470 
2832.587770 0.097524 
2833.552220 0.097580 
2834.516669 0.097655 
2835.481118 0.097801 
2836.445568 0.097929 
2837.410017 0.098032 
2838.374466 0.098150 
2839.338916 0.098195 
2840.303365 0.098246 
2841.267815 0.098359 
2842.232264 0.098505 
2843.196713 0.098602 
2844.161163 0.098798 
2845.125612 0.099004 
2846.090061 0.099276 
2847.054511 0.099579 
2848.018960 0.099854 
2848.983409 0.100066 
2849.947859 0.100192 
2850.912308 0.100244 
2851.876758 0.100301 
2852.841207 0.100327 
2853.805656 0.100315 
2854.770106 0.100304 
2855.734555 0.100285 
2856.699004 0.100245 
2857.663454 0.100218 
2858.627903 0.100156 
2859.592352 0.100122 
2860.556802 0.100051 
2861.521251 0.099957 
2862.485700 0.099889 
2863.450150 0.099859 
2864.414599 0.099852 
2865.379049 0.099876 
2866.343498 0.099848 
2867.307947 0.099899 
2868.272397 0.099892 
2869.236846 0.099806 
2870.201295 0.099824 
2871.165745 0.099931 
2872.130194 0.100080 
2873.094643 0.100122 
2874.059093 0.099994 
2875.023542 0.099918 
2875.987992 0.099919 
2876.952441 0.099935 
2877.916890 0.099902 
2878.881340 0.099877 
2879.845789 0.099942 
2880.810238 0.099958 
2881.774688 0.099978 
2882.739137 0.100035 
2883.703586 0.100060 
2884.668036 0.100105 
2885.632485 0.100144 
2886.596934 0.100198 
2887.561384 0.100213 
2888.525833 0.100258 
2889.490283 0.100283 
2890.454732 0.100351 
2891.419181 0.100409 
2892.383631 0.100500 
2893.348080 0.100561 
2894.312529 0.100639 
2895.276979 0.100701 
2896.241428 0.100665 
2897.205877 0.100715 
2898.170327 0.100785 
2899.134776 0.100771 
2900.099226 0.100847 
2901.063675 0.100956 
2902.028124 0.101036 
2902.992574 0.101093 
2903.957023 0.101090 
2904.921472 0.101028 
2905.885922 0.101082 
2906.850371 0.101188 
2907.814820 0.101273 
2908.779270 0.101319 
2909.743719 0.101457 
2910.708168 0.101598 
2911.672618 0.101784 
2912.637067 0.102011 
2913.601517 0.102198 
2914.565966 0.102308 
2915.530415 0.102480 
2916.494865 0.102611 
2917.459314 0.102727 
2918.423763 0.102804 
2919.388213 0.102834 
2920.352662 0.102873 
2921.317111 0.102924 
2922.281561 0.102891 
2923.246010 0.102814 
2924.210460 0.102790 
2925.174909 0.102803 
2926.139358 0.102725 
2927.103808 0.102677 
2928.068257 0.102659 
2929.032706 0.102644 
2929.997156 0.102477 
2930.961605 0.102333 
2931.926054 0.102280 
2932.890504 0.102223 
2933.854953 0.102120 
2934.819402 0.101969 
2935.783852 0.101806 
2936.748301 0.101763 
2937.712751 0.101759 
2938.677200 0.101685 
2939.641649 0.101588 
2940.606099 0.101537 
2941.570548 0.101502 
2942.534997 0.101565 
2943.499447 0.101575 
2944.463896 0.101436 
2945.428345 0.101359 
2946.392795 0.101420 
2947.357244 0.101321 
2948.321694 0.101244 
2949.286143 0.101186 
2950.250592 0.101178 
2951.215042 0.101264 
2952.179491 0.101332 
2953.143940 0.101260 
2954.108390 0.101269 
2955.072839 0.101290 
2956.037288 0.101330 
2957.001738 0.101375 
2957.966187 0.101398 
2958.930636 0.101410 
2959.895086 0.101409 
2960.859535 0.101452 
2961.823985 0.101535 
2962.788434 0.101506 
2963.752883 0.101497 
2964.717333 0.101461 
2965.681782 0.101482 
2966.646231 0.101460 
2967.610681 0.101373 
2968.575130 0.101350 
2969.539579 0.101375 
2970.504029 0.101315 
2971.468478 0.101250 
2972.432928 0.101174 
2973.397377 0.101115 
2974.361826 0.101017 
2975.326276 0.100891 
2976.290725 0.100858 
2977.255174 0.100929 
2978.219624 0.100932 
2979.184073 0.100861 
2980.148522 0.100878 
2981.112972 0.100893 
2982.077421 0.100757 
2983.041870 0.100658 
2984.006320 0.100732 
2984.970769 0.100810 
2985.935219 0.100787 
2986.899668 0.100772 
2987.864117 0.100750 
2988.828567 0.100795 
2989.793016 0.100849 
2990.757465 0.100890 
2991.721915 0.100953 
2992.686364 0.100921 
2993.650813 0.100855 
2994.615263 0.100905 
2995.579712 0.101014 
2996.544162 0.101080 
2997.508611 0.101046 
2998.473060 0.101019 
2999.437510 0.101080 
3000.401959 0.101170 
3001.366408 0.101152 
3002.330858 0.101144 
3003.295307 0.101095 
3004.259756 0.101106 
3005.224206 0.101144 
3006.188655 0.101234 
3007.153104 0.101294 
3008.117554 0.101362 
3009.082003 0.101453 
3010.046453 0.101557 
3011.010902 0.101642 
3011.975351 0.101730 
3012.939801 0.101749 
3013.904250 0.101700 
3014.868699 0.101714 
3015.833149 0.101755 
3016.797598 0.101736 
3017.762047 0.101798 
3018.726497 0.101871 
3019.690946 0.101918 
3020.655396 0.101976 
3021.619845 0.101955 
3022.584294 0.101947 
3023.548744 0.102089 
3024.513193 0.102160 
3025.477642 0.102066 
3026.442092 0.102011 
3027.406541 0.102073 
3028.370990 0.102181 
3029.335440 0.102271 
3030.299889 0.102259 
3031.264338 0.102311 
3032.228788 0.102402 
3033.193237 0.102522 
3034.157687 0.102562 
3035.122136 0.102482 
3036.086585 0.102471 
3037.051035 0.102544 
3038.015484 0.102616 
3038.979933 0.102729 
3039.944383 0.102782 
3040.908832 0.102847 
3041.873281 0.102900 
3042.837731 0.102964 
3043.802180 0.103066 
3044.766630 0.103154 
3045.731079 0.103117 
3046.695528 0.103060 
3047.659978 0.103136 
3048.624427 0.103269 
3049.588876 0.103353 
3050.553326 0.103462 
3051.517775 0.103471 
3052.482224 0.103468 
3053.446674 0.103534 
3054.411123 0.103575 
3055.375572 0.103605 
3056.340022 0.103735 
3057.304471 0.103744 
3058.268921 0.103719 
3059.233370 0.103838 
3060.197819 0.103938 
3061.162269 0.103976 
3062.126718 0.104119 
3063.091167 0.104179 
3064.055617 0.104183 
3065.020066 0.104287 
3065.984515 0.104489 
3066.948965 0.104588 
3067.913414 0.104537 
3068.877864 0.104537 
3069.842313 0.104631 
3070.806762 0.104713 
3071.771212 0.104772 
3072.735661 0.104833 
3073.700110 0.104881 
3074.664560 0.105053 
3075.629009 0.105294 
3076.593458 0.105393 
3077.557908 0.105455 
3078.522357 0.105527 
3079.486806 0.105669 
3080.451256 0.105719 
3081.415705 0.105766 
3082.380155 0.105895 
3083.344604 0.106052 
3084.309053 0.106109 
3085.273503 0.106152 
3086.237952 0.106298 
3087.202401 0.106389 
3088.166851 0.106405 
3089.131300 0.106446 
3090.095749 0.106469 
3091.060199 0.106447 
3092.024648 0.106392 
3092.989098 0.106456 
3093.953547 0.106537 
3094.917996 0.106571 
3095.882446 0.106660 
3096.846895 0.106774 
3097.811344 0.106893 
3098.775794 0.106999 
3099.740243 0.107053 
3100.704692 0.107028 
3101.669142 0.106996 
3102.633591 0.107042 
3103.598040 0.107086 
3104.562490 0.107220 
3105.526939 0.107357 
3106.491389 0.107453 
3107.455838 0.107623 
3108.420287 0.107760 
3109.384737 0.107737 
3110.349186 0.107694 
3111.313635 0.107724 
3112.278085 0.107867 
3113.242534 0.108002 
3114.206983 0.108183 
3115.171433 0.108269 
3116.135882 0.108307 
3117.100332 0.108299 
3118.064781 0.108435 
3119.029230 0.108560 
3119.993680 0.108527 
3120.958129 0.108393 
3121.922578 0.108427 
3122.887028 0.108513 
3123.851477 0.108569 
3124.815926 0.108648 
3125.780376 0.108719 
3126.744825 0.108798 
3127.709274 0.108950 
3128.673724 0.109091 
3129.638173 0.109060 
3130.602623 0.109043 
3131.567072 0.109122 
3132.531521 0.109213 
3133.495971 0.109231 
3134.460420 0.109299 
3135.424869 0.109427 
3136.389319 0.109490 
3137.353768 0.109556 
3138.318217 0.109649 
3139.282667 0.109762 
3140.247116 0.109727 
3141.211566 0.109732 
3142.176015 0.109820 
3143.140464 0.109937 
3144.104914 0.110042 
3145.069363 0.110131 
3146.033812 0.110137 
3146.998262 0.110212 
3147.962711 0.110302 
3148.927160 0.110295 
3149.891610 0.110403 
3150.856059 0.110708 
3151.820508 0.110914 
3152.784958 0.110891 
3153.749407 0.110755 
3154.713857 0.110743 
3155.678306 0.110863 
3156.642755 0.110937 
3157.607205 0.110953 
3158.571654 0.110995 
3159.536103 0.111056 
3160.500553 0.111171 
3161.465002 0.111328 
3162.429451 0.111413 
3163.393901 0.111463 
3164.358350 0.111594 
3165.322800 0.111729 
3166.287249 0.111739 
3167.251698 0.111804 
3168.216148 0.111889 
3169.180597 0.111983 
3170.145046 0.112098 
3171.109496 0.112073 
3172.073945 0.112173 
3173.038394 0.112247 
3174.002844 0.112329 
3174.967293 0.112414 
3175.931742 0.112464 
3176.896192 0.112537 
3177.860641 0.112623 
3178.825091 0.112678 
3179.789540 0.112803 
3180.753989 0.112907 
3181.718439 0.112948 
3182.682888 0.113031 
3183.647337 0.113151 
3184.611787 0.113202 
3185.576236 0.113343 
3186.540685 0.113470 
3187.505135 0.113598 
3188.469584 0.113642 
3189.434034 0.113681 
3190.398483 0.113797 
3191.362932 0.113890 
3192.327382 0.113882 
3193.291831 0.113924 
3194.256280 0.114069 
3195.220730 0.114237 
3196.185179 0.114271 
3197.149628 0.114332 
3198.114078 0.114439 
3199.078527 0.114511 
3200.042976 0.114586 
3201.007426 0.114673 
3201.971875 0.114720 
3202.936325 0.114766 
3203.900774 0.114889 
3204.865223 0.115062 
3205.829673 0.115089 
3206.794122 0.115078 
3207.758571 0.115177 
3208.723021 0.115253 
3209.687470 0.115274 
3210.651919 0.115302 
3211.616369 0.115380 
3212.580818 0.115550 
3213.545268 0.115666 
3214.509717 0.115675 
3215.474166 0.115678 
3216.438616 0.115764 
3217.403065 0.115830 
3218.367514 0.115924 
3219.331964 0.116025 
3220.296413 0.116077 
3221.260862 0.116132 
3222.225312 0.116197 
3223.189761 0.116246 
3224.154210 0.116317 
3225.118660 0.116390 
3226.083109 0.116453 
3227.047559 0.116492 
3228.012008 0.116600 
3228.976457 0.116646 
3229.940907 0.116596 
3230.905356 0.116644 
3231.869805 0.116853 
3232.834255 0.116936 
3233.798704 0.116903 
3234.763153 0.116953 
3235.727603 0.117035 
3236.692052 0.117044 
3237.656502 0.117077 
3238.620951 0.117152 
3239.585400 0.117245 
3240.549850 0.117265 
3241.514299 0.117269 
3242.478748 0.117365 
3243.443198 0.117463 
3244.407647 0.117517 
3245.372096 0.117608 
3246.336546 0.117646 
3247.300995 0.117651 
3248.265444 0.117660 
3249.229894 0.117727 
3250.194343 0.117826 
3251.158793 0.117897 
3252.123242 0.117871 
3253.087691 0.117950 
3254.052141 0.118088 
3255.016590 0.118150 
3255.981039 0.118133 
3256.945489 0.118249 
3257.909938 0.118339 
3258.874387 0.118308 
3259.838837 0.118299 
3260.803286 0.118353 
3261.767736 0.118419 
3262.732185 0.118552 
3263.696634 0.118611 
3264.661084 0.118649 
3265.625533 0.118707 
3266.589982 0.118758 
3267.554432 0.118849 
3268.518881 0.119015 
3269.483330 0.119203 
3270.447780 0.119253 
3271.412229 0.119140 
3272.376678 0.119113 
3273.341128 0.119283 
3274.305577 0.119326 
3275.270027 0.119223 
3276.234476 0.119257 
3277.198925 0.119294 
3278.163375 0.119401 
3279.127824 0.119495 
3280.092273 0.119515 
3281.056723 0.119543 
3282.021172 0.119729 
3282.985621 0.119819 
3283.950071 0.119800 
3284.914520 0.119812 
3285.878970 0.119905 
3286.843419 0.119933 
3287.807868 0.119944 
3288.772318 0.119996 
3289.736767 0.120212 
3290.701216 0.120388 
3291.665666 0.120391 
3292.630115 0.120357 
3293.594564 0.120467 
3294.559014 0.120560 
3295.523463 0.120518 
3296.487912 0.120524 
3297.452362 0.120602 
3298.416811 0.120618 
3299.381261 0.120674 
3300.345710 0.120857 
3301.310159 0.121023 
3302.274609 0.121035 
3303.239058 0.121054 
3304.203507 0.121161 
3305.167957 0.121302 
3306.132406 0.121335 
3307.096855 0.121307 
3308.061305 0.121397 
3309.025754 0.121408 
3309.990204 0.121344 
3310.954653 0.121385 
3311.919102 0.121449 
3312.883552 0.121497 
3313.848001 0.121510 
3314.812450 0.121614 
3315.776900 0.121707 
3316.741349 0.121774 
3317.705798 0.121850 
3318.670248 0.121960 
3319.634697 0.122056 
3320.599146 0.122133 
3321.563596 0.122240 
3322.528045 0.122264 
3323.492495 0.122272 
3324.456944 0.122509 
3325.421393 0.122593 
3326.385843 0.122528 
3327.350292 0.122565 
3328.314741 0.122790 
3329.279191 0.122863 
3330.243640 0.122915 
3331.208089 0.122968 
3332.172539 0.123065 
3333.136988 0.123127 
3334.101438 0.123199 
3335.065887 0.123262 
3336.030336 0.123408 
3336.994786 0.123486 
3337.959235 0.123536 
3338.923684 0.123570 
3339.888134 0.123577 
3340.852583 0.123726 
3341.817032 0.123851 
3342.781482 0.123776 
3343.745931 0.123732 
3344.710380 0.123794 
3345.674830 0.123953 
3346.639279 0.124083 
3347.603729 0.124094 
3348.568178 0.124129 
3349.532627 0.124277 
3350.497077 0.124340 
3351.461526 0.124269 
3352.425975 0.124189 
3353.390425 0.124245 
3354.354874 0.124333 
3355.319323 0.124452 
3356.283773 0.124461 
3357.248222 0.124494 
3358.212672 0.124625 
3359.177121 0.124688 
3360.141570 0.124644 
3361.106020 0.124664 
3362.070469 0.124725 
3363.034918 0.124885 
3363.999368 0.125013 
3364.963817 0.125090 
3365.928266 0.125115 
3366.892716 0.125274 
3367.857165 0.125415 
3368.821614 0.125428 
3369.786064 0.125403 
3370.750513 0.125413 
3371.714963 0.125403 
3372.679412 0.125446 
3373.643861 0.125496 
3374.608311 0.125549 
3375.572760 0.125661 
3376.537209 0.125726 
3377.501659 0.125652 
3378.466108 0.125696 
3379.430557 0.125793 
3380.395007 0.125865 
3381.359456 0.125864 
3382.323906 0.125881 
3383.288355 0.125891 
3384.252804 0.125906 
3385.217254 0.126057 
3386.181703 0.126215 
3387.146152 0.126241 
3388.110602 0.126236 
3389.075051 0.126253 
3390.039500 0.126472 
3391.003950 0.126469 
3391.968399 0.126435 
3392.932848 0.126468 
3393.897298 0.126470 
3394.861747 0.126385 
3395.826197 0.126328 
3396.790646 0.126575 
3397.755095 0.126784 
3398.719545 0.126734 
3399.683994 0.126734 
3400.648443 0.126761 
3401.612893 0.126802 
3402.577342 0.126821 
3403.541791 0.126834 
3404.506241 0.126841 
3405.470690 0.126846 
3406.435140 0.126834 
3407.399589 0.126985 
3408.364038 0.127109 
3409.328488 0.127141 
3410.292937 0.127130 
3411.257386 0.127175 
3412.221836 0.127155 
3413.186285 0.127067 
3414.150734 0.127092 
3415.115184 0.127053 
3416.079633 0.126988 
3417.044082 0.127027 
3418.008532 0.127107 
3418.972981 0.127115 
3419.937431 0.127119 
3420.901880 0.127156 
3421.866329 0.127196 
3422.830779 0.127235 
3423.795228 0.127174 
3424.759677 0.127210 
3425.724127 0.127242 
3426.688576 0.127278 
3427.653025 0.127351 
3428.617475 0.127383 
3429.581924 0.127364 
3430.546374 0.127317 
3431.510823 0.127280 
3432.475272 0.127299 
3433.439722 0.127310 
3434.404171 0.127366 
3435.368620 0.127338 
3436.333070 0.127271 
3437.297519 0.127157 
3438.261968 0.127109 
3439.226418 0.127116 
3440.190867 0.127120 
3441.155316 0.127102 
3442.119766 0.127155 
3443.084215 0.127019 
3444.048665 0.126894 
3445.013114 0.126851 
3445.977563 0.126878 
3446.942013 0.127067 
3447.906462 0.126873 
3448.870911 0.126808 
3449.835361 0.126947 
3450.799810 0.126954 
3451.764259 0.126902 
3452.728709 0.126770 
3453.693158 0.126643 
3454.657608 0.126587 
3455.622057 0.126562 
3456.586506 0.126478 
3457.550956 0.126499 
3458.515405 0.126558 
3459.479854 0.126406 
3460.444304 0.126225 
3461.408753 0.126201 
3462.373202 0.126207 
3463.337652 0.126089 
3464.302101 0.125959 
3465.266550 0.125962 
3466.231000 0.125952 
3467.195449 0.125863 
3468.159899 0.125823 
3469.124348 0.125824 
3470.088797 0.125767 
3471.053247 0.125673 
3472.017696 0.125558 
3472.982145 0.125476 
3473.946595 0.125453 
3474.911044 0.125363 
3475.875493 0.125160 
3476.839943 0.125143 
3477.804392 0.125277 
3478.768842 0.125269 
3479.733291 0.125077 
3480.697740 0.124939 
3481.662190 0.124825 
3482.626639 0.124685 
3483.591088 0.124438 
3484.555538 0.124489 
3485.519987 0.124527 
3486.484436 0.124342 
3487.448886 0.124202 
3488.413335 0.124204 
3489.377784 0.124014 
3490.342234 0.124016 
3491.306683 0.123961 
3492.271133 0.123847 
3493.235582 0.123811 
3494.200031 0.123660 
3495.164481 0.123422 
3496.128930 0.123494 
3497.093379 0.123522 
3498.057829 0.123311 
3499.022278 0.123105 
3499.986727 0.122999 
3500.951177 0.122974 
3501.915626 0.123058 
3502.880076 0.122986 
3503.844525 0.122633 
3504.808974 0.122425 
3505.773424 0.122363 
3506.737873 0.122240 
3507.702322 0.122047 
3508.666772 0.122093 
3509.631221 0.122260 
3510.595670 0.121964 
3511.560120 0.121871 
3512.524569 0.121798 
3513.489018 0.121620 
3514.453468 0.121437 
3515.417917 0.121449 
3516.382367 0.121407 
3517.346816 0.121309 
3518.311265 0.121142 
3519.275715 0.121072 
3520.240164 0.120888 
3521.204613 0.120773 
3522.169063 0.120857 
3523.133512 0.120985 
3524.097961 0.120640 
3525.062411 0.120339 
3526.026860 0.120194 
3526.991310 0.120335 
3527.955759 0.120286 
3528.920208 0.120130 
3529.884658 0.119890 
3530.849107 0.119948 
3531.813556 0.119823 
3532.778006 0.119619 
3533.742455 0.119602 
3534.706904 0.119638 
3535.671354 0.119745 
3536.635803 0.119587 
3537.600252 0.119175 
3538.564702 0.119139 
3539.529151 0.119074 
3540.493601 0.119067 
3541.458050 0.119010 
3542.422499 0.118830 
3543.386949 0.118605 
3544.351398 0.118796 
3545.315847 0.118628 
3546.280297 0.118265 
3547.244746 0.118291 
3548.209195 0.117997 
3549.173645 0.117892 
3550.138094 0.117767 
3551.102544 0.117636 
3552.066993 0.117603 
3553.031442 0.117399 
3553.995892 0.117327 
3554.960341 0.117172 
3555.924790 0.117240 
3556.889240 0.117214 
3557.853689 0.117054 
3558.818138 0.116887 
3559.782588 0.117038 
3560.747037 0.116823 
3561.711486 0.116481 
3562.675936 0.116360 
3563.640385 0.116111 
3564.604835 0.115709 
3565.569284 0.116244 
3566.533733 0.116279 
3567.498183 0.116355 
3568.462632 0.116209 
3569.427081 0.115290 
3570.391531 0.115296 
3571.355980 0.115147 
3572.320429 0.115117 
3573.284879 0.115151 
3574.249328 0.115075 
3575.213778 0.114821 
3576.178227 0.114738 
3577.142676 0.114720 
3578.107126 0.114509 
3579.071575 0.114603 
3580.036024 0.114660 
3581.000474 0.114435 
3581.964923 0.114284 
3582.929372 0.114231 
3583.893822 0.113936 
3584.858271 0.113513 
3585.822720 0.113514 
3586.787170 0.113432 
3587.751619 0.113301 
3588.716069 0.113532 
3589.680518 0.112574 
3590.644967 0.112633 
3591.609417 0.112683 
3592.573866 0.112872 
3593.538315 0.112542 
3594.502765 0.112313 
3595.467214 0.112424 
3596.431663 0.111936 
3597.396113 0.112099 
3598.360562 0.112232 
3599.325012 0.111734 
3600.289461 0.111817 
3601.253910 0.111741 
3602.218360 0.111619 
3603.182809 0.111494 
3604.147258 0.111162 
3605.111708 0.110845 
3606.076157 0.110987 
3607.040606 0.111121 
3608.005056 0.110777 
3608.969505 0.111360 
3609.933954 0.110483 
3610.898404 0.110030 
3611.862853 0.110840 
3612.827303 0.110496 
3613.791752 0.110008 
3614.756201 0.110481 
3615.720651 0.109780 
3616.685100 0.109958 
3617.649549 0.110336 
3618.613999 0.110021 
3619.578448 0.110247 
3620.542897 0.109479 
3621.507347 0.109228 
3622.471796 0.109163 
3623.436246 0.109134 
3624.400695 0.108737 
3625.365144 0.108638 
3626.329594 0.108251 
3627.294043 0.108254 
3628.258492 0.109235 
3629.222942 0.109120 
3630.187391 0.107232 
3631.151840 0.106944 
3632.116290 0.107188 
3633.080739 0.107662 
3634.045188 0.107575 
3635.009638 0.107044 
3635.974087 0.107088 
3636.938537 0.107164 
3637.902986 0.107128 
3638.867435 0.106836 
3639.831885 0.106792 
3640.796334 0.106891 
3641.760783 0.106974 
3642.725233 0.106801 
3643.689682 0.106441 
3644.654131 0.106395 
3645.618581 0.106479 
3646.583030 0.107142 
3647.547480 0.106146 
3648.511929 0.105930 
3649.476378 0.106454 
3650.440828 0.105791 
3651.405277 0.104678 
3652.369726 0.104109 
3653.334176 0.104765 
3654.298625 0.104964 
3655.263074 0.105619 
3656.227524 0.105710 
3657.191973 0.104274 
3658.156422 0.104316 
3659.120872 0.104677 
3660.085321 0.104651 
3661.049771 0.104380 
3662.014220 0.104417 
3662.978669 0.104478 
3663.943119 0.104483 
3664.907568 0.104371 
3665.872017 0.104180 
3666.836467 0.103968 
3667.800916 0.104249 
3668.765365 0.104097 
3669.729815 0.103838 
3670.694264 0.103844 
3671.658714 0.101867 
3672.623163 0.102433 
3673.587612 0.103529 
3674.552062 0.104919 
3675.516511 0.103833 
3676.480960 0.101259 
3677.445410 0.101601 
3678.409859 0.102717 
3679.374308 0.103114 
3680.338758 0.102488 
3681.303207 0.102635 
3682.267656 0.102890 
3683.232106 0.102922 
3684.196555 0.102976 
3685.161005 0.102601 
3686.125454 0.102650 
3687.089903 0.103445 
3688.054353 0.104497 
3689.018802 0.101637 
3689.983251 0.101739 
3690.947701 0.102898 
3691.912150 0.101450 
3692.876599 0.101615 
3693.841049 0.102036 
3694.805498 0.102085 
3695.769948 0.102301 
3696.734397 0.102468 
3697.698846 0.102275 
3698.663296 0.102106 
3699.627745 0.102011 
3700.592194 0.102581 
3701.556644 0.103132 
3702.521093 0.101660 
3703.485542 0.101640 
3704.449992 0.102309 
3705.414441 0.102407 
3706.378890 0.102257 
3707.343340 0.102248 
3708.307789 0.102826 
3709.272239 0.102912 
3710.236688 0.101789 
3711.201137 0.103020 
3712.165587 0.102924 
3713.130036 0.100796 
3714.094485 0.101737 
3715.058935 0.102286 
3716.023384 0.102168 
3716.987833 0.102070 
3717.952283 0.102341 
3718.916732 0.102360 
3719.881182 0.101513 
3720.845631 0.101919 
3721.810080 0.102852 
3722.774530 0.101664 
3723.738979 0.101319 
3724.703428 0.102059 
3725.667878 0.102125 
3726.632327 0.101962 
3727.596776 0.101238 
3728.561226 0.101329 
3729.525675 0.101476 
3730.490124 0.101794 
3731.454574 0.102700 
3732.419023 0.101556 
3733.383473 0.100753 
3734.347922 0.102914 
3735.312371 0.101650 
3736.276821 0.100728 
3737.241270 0.101164 
3738.205719 0.101810 
3739.170169 0.101567 
3740.134618 0.102032 
3741.099067 0.102141 
3742.063517 0.101261 
3743.027966 0.102446 
3743.992416 0.105031 
3744.956865 0.101121 
3745.921314 0.099816 
3746.885764 0.101488 
3747.850213 0.102626 
3748.814662 0.104043 
3749.779112 0.102375 
3750.743561 0.101631 
3751.708010 0.103822 
3752.672460 0.101425 
3753.636909 0.100720 
3754.601358 0.101601 
3755.565808 0.102487 
3756.530257 0.102429 
3757.494707 0.101571 
3758.459156 0.102520 
3759.423605 0.103322 
3760.388055 0.101594 
3761.352504 0.101665 
3762.316953 0.102245 
3763.281403 0.102194 
3764.245852 0.102346 
3765.210301 0.103099 
3766.174751 0.102204 
3767.139200 0.101777 
3768.103650 0.102478 
3769.068099 0.103387 
3770.032548 0.102759 
3770.996998 0.101351 
3771.961447 0.101848 
3772.925896 0.102050 
3773.890346 0.102123 
3774.854795 0.102282 
3775.819244 0.102345 
3776.783694 0.102212 
3777.748143 0.102286 
3778.712592 0.102933 
3779.677042 0.102514 
3780.641491 0.101440 
3781.605941 0.101973 
3782.570390 0.102124 
3783.534839 0.102343 
3784.499289 0.102544 
3785.463738 0.102174 
3786.428187 0.102196 
3787.392637 0.102198 
3788.357086 0.102140 
3789.321535 0.102319 
3790.285985 0.102277 
3791.250434 0.102173 
3792.214884 0.102189 
3793.179333 0.102252 
3794.143782 0.102215 
3795.108232 0.102647 
3796.072681 0.103140 
3797.037130 0.101955 
3798.001580 0.101554 
3798.966029 0.101964 
3799.930478 0.102939 
3800.894928 0.104430 
3801.859377 0.102271 
3802.823826 0.100922 
3803.788276 0.101325 
3804.752725 0.101935 
3805.717175 0.103137 
3806.681624 0.103942 
3807.646073 0.101346 
3808.610523 0.101276 
3809.574972 0.102137 
3810.539421 0.102378 
3811.503871 0.102445 
3812.468320 0.102322 
3813.432769 0.102304 
3814.397219 0.102870 
3815.361668 0.104530 
3816.326118 0.103121 
3817.290567 0.101108 
3818.255016 0.102170 
3819.219466 0.103071 
3820.183915 0.104189 
3821.148364 0.103409 
3822.112814 0.100846 
3823.077263 0.101316 
3824.041712 0.102177 
3825.006162 0.102433 
3825.970611 0.103023 
3826.935060 0.102747 
3827.899510 0.102062 
3828.863959 0.102311 
3829.828409 0.102601 
3830.792858 0.103512 
3831.757307 0.103319 
3832.721757 0.102076 
3833.686206 0.103046 
3834.650655 0.103802 
3835.615105 0.102207 
3836.579554 0.102746 
3837.544003 0.104253 
3838.508453 0.101653 
3839.472902 0.102326 
3840.437352 0.103267 
3841.401801 0.102002 
3842.366250 0.102353 
3843.330700 0.103717 
3844.295149 0.102575 
3845.259598 0.102258 
3846.224048 0.102695 
3847.188497 0.102782 
3848.152946 0.102945 
3849.117396 0.103224 
3850.081845 0.103020 
3851.046294 0.103893 
3852.010744 0.104476 
3852.975193 0.103997 
3853.939643 0.105219 
3854.904092 0.101094 
3855.868541 0.101969 
3856.832991 0.103567 
3857.797440 0.102898 
3858.761889 0.102701 
3859.726339 0.103129 
3860.690788 0.103777 
3861.655237 0.103834 
3862.619687 0.102452 
3863.584136 0.103138 
3864.548586 0.104292 
3865.513035 0.102803 
3866.477484 0.102472 
3867.441934 0.103419 
3868.406383 0.104644 
3869.370832 0.105885 
3870.335282 0.103607 
3871.299731 0.102294 
3872.264180 0.102830 
3873.228630 0.104381 
3874.193079 0.104267 
3875.157528 0.102271 
3876.121978 0.102915 
3877.086427 0.103443 
3878.050877 0.103439 
3879.015326 0.104229 
3879.979775 0.105201 
3880.944225 0.103119 
3881.908674 0.102614 
3882.873123 0.103793 
3883.837573 0.103883 
3884.802022 0.104914 
3885.766471 0.104888 
3886.730921 0.102340 
3887.695370 0.102952 
3888.659820 0.103545 
3889.624269 0.103931 
3890.588718 0.105086 
3891.553168 0.104367 
3892.517617 0.102681 
3893.482066 0.103411 
3894.446516 0.103654 
3895.410965 0.103740 
3896.375414 0.103788 
3897.339864 0.104001 
3898.304313 0.104733 
3899.268762 0.104484 
3900.233212 0.102927 
3901.197661 0.104530 
3902.162111 0.104110 
3903.126560 0.103596 
3904.091009 0.104567 
3905.055459 0.103641 
3906.019908 0.103590 
3906.984357 0.103380 
3907.948807 0.103589 
3908.913256 0.103818 
3909.877705 0.103943 
3910.842155 0.103930 
3911.806604 0.103943 
3912.771054 0.103914 
3913.735503 0.103849 
3914.699952 0.103908 
3915.664402 0.104450 
3916.628851 0.104851 
3917.593300 0.103805 
3918.557750 0.103626 
3919.522199 0.104606 
3920.486648 0.104079 
3921.451098 0.103303 
3922.415547 0.103622 
3923.379996 0.104044 
3924.344446 0.104440 
3925.308895 0.103980 
3926.273345 0.103456 
3927.237794 0.103628 
3928.202243 0.103877 
3929.166693 0.104036 
3930.131142 0.104006 
3931.095591 0.104305 
3932.060041 0.104666 
3933.024490 0.103873 
3933.988939 0.103826 
3934.953389 0.103943 
3935.917838 0.103998 
3936.882288 0.104163 
3937.846737 0.104212 
3938.811186 0.104168 
3939.775636 0.104086 
3940.740085 0.104086 
3941.704534 0.104648 
3942.668984 0.104626 
3943.633433 0.103747 
3944.597882 0.103899 
3945.562332 0.104002 
3946.526781 0.104390 
3947.491230 0.104533 
3948.455680 0.104188 
3949.420129 0.104541 
3950.384579 0.104375 
3951.349028 0.104031 
3952.313477 0.104355 
3953.277927 0.104333 
3954.242376 0.104261 
3955.206825 0.104297 
3956.171275 0.104479 
3957.135724 0.104520 
3958.100173 0.104418 
3959.064623 0.104520 
3960.029072 0.104546 
3960.993522 0.104609 
3961.957971 0.104558 
3962.922420 0.104260 
3963.886870 0.104433 
3964.851319 0.104606 
3965.815768 0.104616 
3966.780218 0.104490 
3967.744667 0.104451 
3968.709116 0.104647 
3969.673566 0.104690 
3970.638015 0.104677 
3971.602464 0.104763 
3972.566914 0.104656 
3973.531363 0.104549 
3974.495813 0.104654 
3975.460262 0.104827 
3976.424711 0.104837 
3977.389161 0.104774 
3978.353610 0.104721 
3979.318059 0.104754 
3980.282509 0.104811 
3981.246958 0.105029 
3982.211407 0.105160 
3983.175857 0.105033 
3984.140306 0.104917 
3985.104756 0.104923 
3986.069205 0.104865 
3987.033654 0.104826 
3987.998104 0.104876 
3988.962553 0.105024 
3989.927002 0.105176 
3990.891452 0.105072 
3991.855901 0.104907 
3992.820350 0.105041 
3993.784800 0.105240 
3994.749249 0.105275 
3995.713698 0.105041 
3996.678148 0.105038 
3997.642597 0.105150 
3998.607047 0.105051 
3999.571496 0.104962 
4000.535945 0.105000 