##YUNITS=Abs
399.282035 0.121861 
400.246484 0.126004 
401.210934 0.126761 
402.175383 0.127144 
403.139832 0.126245 
404.104282 0.122754 
405.068731 0.119545 
406.033181 0.117703 
406.997630 0.116825 
407.962079 0.119508 
408.926529 0.120187 
409.890978 0.115213 
410.855427 0.111536 
411.819877 0.111336 
412.784326 0.111542 
413.748775 0.110744 
414.713225 0.107811 
415.677674 0.106141 
416.642124 0.107353 
417.606573 0.104556 
418.571022 0.088269 
419.535472 0.088290 
420.499921 0.099380 
421.464370 0.101847 
422.428820 0.099898 
423.393269 0.097254 
424.357718 0.099305 
425.322168 0.100925 
426.286617 0.098894 
427.251066 0.097132 
428.215516 0.096778 
429.179965 0.097219 
430.144415 0.096971 
431.108864 0.096769 
432.073313 0.098112 
433.037763 0.096751 
434.002212 0.095375 
434.966661 0.095615 
435.931111 0.097510 
436.895560 0.099184 
437.860009 0.098367 
438.824459 0.097991 
439.788908 0.097283 
440.753358 0.097027 
441.717807 0.096421 
442.682256 0.097832 
443.646706 0.098135 
444.611155 0.097301 
445.575604 0.098735 
446.540054 0.099884 
447.504503 0.098144 
448.468952 0.097451 
449.433402 0.097764 
450.397851 0.097280 
451.362300 0.097449 
452.326750 0.096869 
453.291199 0.096805 
454.255649 0.096041 
455.220098 0.095120 
456.184547 0.095619 
457.148997 0.096251 
458.113446 0.094512 
459.077895 0.093479 
460.042345 0.093097 
461.006794 0.093396 
461.971243 0.093267 
462.935693 0.092796 
463.900142 0.091868 
464.864592 0.090250 
465.829041 0.090007 
466.793490 0.090924 
467.757940 0.091137 
468.722389 0.091021 
469.686838 0.090265 
470.651288 0.089032 
471.615737 0.087888 
472.580186 0.087967 
473.544636 0.088970 
474.509085 0.089871 
475.473534 0.089639 
476.437984 0.088934 
477.402433 0.088238 
478.366883 0.088617 
479.331332 0.088123 
480.295781 0.087604 
481.260231 0.087499 
482.224680 0.087185 
483.189129 0.086155 
484.153579 0.085350 
485.118028 0.085710 
486.082477 0.085551 
487.046927 0.083898 
488.011376 0.082898 
488.975826 0.082101 
489.940275 0.081110 
490.904724 0.080712 
491.869174 0.080538 
492.833623 0.079544 
493.798072 0.078466 
494.762522 0.077986 
495.726971 0.077364 
496.691420 0.076612 
497.655870 0.076151 
498.620319 0.075726 
499.584768 0.075097 
500.549218 0.075186 
501.513667 0.075318 
502.478117 0.075171 
503.442566 0.075349 
504.407015 0.075559 
505.371465 0.075727 
506.335914 0.075891 
507.300363 0.076173 
508.264813 0.076675 
509.229262 0.077725 
510.193711 0.078759 
511.158161 0.078648 
512.122610 0.078284 
513.087060 0.078962 
514.051509 0.079719 
515.015958 0.079616 
515.980408 0.078754 
516.944857 0.079067 
517.909306 0.079951 
518.873756 0.080444 
519.838205 0.080039 
520.802654 0.079065 
521.767104 0.079173 
522.731553 0.079159 
523.696002 0.078858 
524.660452 0.078359 
525.624901 0.077915 
526.589351 0.078786 
527.553800 0.079476 
528.518249 0.079844 
529.482699 0.080437 
530.447148 0.082548 
531.411597 0.085687 
532.376047 0.085675 
533.340496 0.084596 
534.304945 0.082680 
535.269395 0.079461 
536.233844 0.079009 
537.198294 0.079281 
538.162743 0.078391 
539.127192 0.078354 
540.091642 0.077711 
541.056091 0.077403 
542.020540 0.077046 
542.984990 0.077263 
543.949439 0.077353 
544.913888 0.077075 
545.878338 0.077020 
546.842787 0.077252 
547.807236 0.077669 
548.771686 0.077776 
549.736135 0.078080 
550.700585 0.079035 
551.665034 0.079367 
552.629483 0.079621 
553.593933 0.079714 
554.558382 0.079581 
555.522831 0.079240 
556.487281 0.078801 
557.451730 0.078398 
558.416179 0.078151 
559.380629 0.078094 
560.345078 0.077833 
561.309528 0.077468 
562.273977 0.077090 
563.238426 0.076901 
564.202876 0.076741 
565.167325 0.076583 
566.131774 0.076843 
567.096224 0.077417 
568.060673 0.077339 
569.025122 0.076928 
569.989572 0.076701 
570.954021 0.076993 
571.918470 0.077206 
572.882920 0.076975 
573.847369 0.076844 
574.811819 0.076714 
575.776268 0.076861 
576.740717 0.076557 
577.705167 0.075886 
578.669616 0.075470 
579.634065 0.075333 
580.598515 0.075677 
581.562964 0.075365 
582.527413 0.074802 
583.491863 0.074797 
584.456312 0.075133 
585.420762 0.075170 
586.385211 0.075228 
587.349660 0.075942 
588.314110 0.076393 
589.278559 0.075554 
590.243008 0.075091 
591.207458 0.075330 
592.171907 0.075540 
593.136356 0.075298 
594.100806 0.075188 
595.065255 0.075114 
596.029704 0.075248 
596.994154 0.075313 
597.958603 0.075470 
598.923053 0.075728 
599.887502 0.076014 
600.851951 0.075844 
601.816401 0.075657 
602.780850 0.075659 
603.745299 0.075607 
604.709749 0.075722 
605.674198 0.075840 
606.638647 0.075865 
607.603097 0.075777 
608.567546 0.076144 
609.531996 0.076345 
610.496445 0.076115 
611.460894 0.076170 
612.425344 0.076401 
613.389793 0.076526 
614.354242 0.076710 
615.318692 0.077008 
616.283141 0.077173 
617.247590 0.077491 
618.212040 0.077918 
619.176489 0.078543 
620.140938 0.079222 
621.105388 0.079765 
622.069837 0.080106 
623.034287 0.080460 
623.998736 0.080935 
624.963185 0.081519 
625.927635 0.081749 
626.892084 0.081949 
627.856533 0.082437 
628.820983 0.082968 
629.785432 0.083258 
630.749881 0.083143 
631.714331 0.082372 
632.678780 0.080998 
633.643230 0.079052 
634.607679 0.077535 
635.572128 0.076304 
636.536578 0.075347 
637.501027 0.074911 
638.465476 0.074559 
639.429926 0.074285 
640.394375 0.074151 
641.358824 0.074074 
642.323274 0.073985 
643.287723 0.073724 
644.252172 0.073499 
645.216622 0.073587 
646.181071 0.073680 
647.145521 0.073516 
648.109970 0.073319 
649.074419 0.073214 
650.038869 0.073224 
651.003318 0.073166 
651.967767 0.072871 
652.932217 0.073035 
653.896666 0.073424 
654.861115 0.073384 
655.825565 0.073382 
656.790014 0.073554 
657.754464 0.073942 
658.718913 0.074376 
659.683362 0.074323 
660.647812 0.074143 
661.612261 0.074644 
662.576710 0.075135 
663.541160 0.075215 
664.505609 0.075310 
665.470058 0.075693 
666.434508 0.075426 
667.398957 0.072337 
668.363406 0.068608 
669.327856 0.073651 
670.292305 0.075622 
671.256755 0.075919 
672.221204 0.075531 
673.185653 0.075547 
674.150103 0.075982 
675.114552 0.076122 
676.079001 0.076111 
677.043451 0.076000 
678.007900 0.076267 
678.972349 0.076572 
679.936799 0.076686 
680.901248 0.076906 
681.865698 0.077378 
682.830147 0.077946 
683.794596 0.078275 
684.759046 0.078406 
685.723495 0.078802 
686.687944 0.079325 
687.652394 0.079914 
688.616843 0.080601 
689.581292 0.081216 
690.545742 0.081940 
691.510191 0.082681 
692.474640 0.083406 
693.439090 0.083928 
694.403539 0.084474 
695.367989 0.085258 
696.332438 0.086256 
697.296887 0.087148 
698.261337 0.087947 
699.225786 0.088761 
700.190235 0.089523 
701.154685 0.090285 
702.119134 0.091390 
703.083583 0.092665 
704.048033 0.093928 
705.012482 0.095210 
705.976932 0.096481 
706.941381 0.098060 
707.905830 0.099718 
708.870280 0.101309 
709.834729 0.103210 
710.799178 0.105329 
711.763628 0.107693 
712.728077 0.110489 
713.692526 0.113476 
714.656976 0.116552 
715.621425 0.120198 
716.585874 0.124242 
717.550324 0.128786 
718.514773 0.133783 
719.479223 0.139098 
720.443672 0.145218 
721.408121 0.152335 
722.372571 0.160056 
723.337020 0.168834 
724.301469 0.178614 
725.265919 0.189482 
726.230368 0.202130 
727.194817 0.216759 
728.159267 0.233343 
729.123716 0.252408 
730.088166 0.274590 
731.052615 0.300023 
732.017064 0.329772 
732.981514 0.365072 
733.945963 0.406649 
734.910412 0.455035 
735.874862 0.510785 
736.839311 0.573281 
737.803760 0.641993 
738.768210 0.718308 
739.732659 0.804860 
740.697108 0.906201 
741.661558 1.025384 
742.626007 1.164813 
743.590457 1.327089 
744.554906 1.514476 
745.519355 1.730658 
746.483805 1.991196 
747.448254 2.302398 
748.412703 2.619001 
749.377153 2.517669 
750.341602 2.442118 
751.306051 2.364270 
752.270501 2.340951 
753.234950 2.339638 
754.199400 2.364581 
755.163849 2.347458 
756.128298 2.346878 
757.092748 2.341280 
758.057197 2.350333 
759.021646 2.335734 
759.986096 2.355015 
760.950545 2.362071 
761.914994 2.376208 
762.879444 2.353426 
763.843893 2.342476 
764.808342 2.337443 
765.772792 2.357037 
766.737241 2.356483 
767.701691 2.359033 
768.666140 2.334408 
769.630589 2.344302 
770.595039 2.347854 
771.559488 2.356801 
772.523937 2.333194 
773.488387 2.343672 
774.452836 2.345442 
775.417285 2.364944 
776.381735 2.353245 
777.346184 2.341680 
778.310634 2.324261 
779.275083 2.339382 
780.239532 2.338509 
781.203982 2.339396 
782.168431 2.339380 
783.132880 2.348223 
784.097330 2.317212 
785.061779 2.334457 
786.026228 2.339983 
786.990678 2.340949 
787.955127 2.337834 
788.919576 2.353766 
789.884026 2.329523 
790.848475 2.336546 
791.812925 2.340798 
792.777374 2.340099 
793.741823 2.329038 
794.706273 2.337761 
795.670722 2.344703 
796.635171 2.369885 
797.599621 2.358345 
798.564070 2.374817 
799.528519 2.376756 
800.492969 2.384645 
801.457418 2.423254 
802.421868 2.628368 
803.386317 2.125237 
804.350766 1.686140 
805.315216 1.376533 
806.279665 1.147330 
807.244114 0.971617 
808.208564 0.833424 
809.173013 0.721210 
810.137462 0.628913 
811.101912 0.553164 
812.066361 0.491597 
813.030810 0.442547 
813.995260 0.403789 
814.959709 0.372510 
815.924159 0.346672 
816.888608 0.325184 
817.853057 0.306927 
818.817507 0.290478 
819.781956 0.275316 
820.746405 0.260651 
821.710855 0.246431 
822.675304 0.232872 
823.639753 0.220341 
824.604203 0.209220 
825.568652 0.199787 
826.533102 0.191852 
827.497551 0.184927 
828.462000 0.178563 
829.426450 0.172984 
830.390899 0.168414 
831.355348 0.164489 
832.319798 0.161229 
833.284247 0.158990 
834.248696 0.157625 
835.213146 0.156989 
836.177595 0.156806 
837.142044 0.156804 
838.106494 0.156971 
839.070943 0.156946 
840.035393 0.156298 
840.999842 0.155034 
841.964291 0.153591 
842.928741 0.151728 
843.893190 0.149239 
844.857639 0.146045 
845.822089 0.142541 
846.786538 0.139054 
847.750987 0.135604 
848.715437 0.131961 
849.679886 0.128348 
850.644336 0.125199 
851.608785 0.122561 
852.573234 0.119862 
853.537684 0.117329 
854.502133 0.115450 
855.466582 0.113994 
856.431032 0.112689 
857.395481 0.111500 
858.359930 0.110652 
859.324380 0.110181 
860.288829 0.109973 
861.253278 0.109506 
862.217728 0.108957 
863.182177 0.108737 
864.146627 0.108552 
865.111076 0.108124 
866.075525 0.107365 
867.039975 0.106567 
868.004424 0.105685 
868.968873 0.104625 
869.933323 0.103337 
870.897772 0.101984 
871.862221 0.101131 
872.826671 0.100631 
873.791120 0.100102 
874.755570 0.099755 
875.720019 0.099725 
876.684468 0.099807 
877.648918 0.099593 
878.613367 0.098974 
879.577816 0.098219 
880.542266 0.097648 
881.506715 0.096953 
882.471164 0.096061 
883.435614 0.095300 
884.400063 0.094884 
885.364512 0.094676 
886.328962 0.094547 
887.293411 0.094682 
888.257861 0.095248 
889.222310 0.096171 
890.186759 0.097196 
891.151209 0.098370 
892.115658 0.099873 
893.080107 0.101520 
894.044557 0.103199 
895.009006 0.104995 
895.973455 0.107233 
896.937905 0.109915 
897.902354 0.112551 
898.866804 0.114205 
899.831253 0.114454 
900.795702 0.113454 
901.760152 0.111587 
902.724601 0.109080 
903.689050 0.106055 
904.653500 0.103016 
905.617949 0.100601 
906.582398 0.098727 
907.546848 0.097208 
908.511297 0.096174 
909.475746 0.095476 
910.440196 0.094970 
911.404645 0.094533 
912.369095 0.094264 
913.333544 0.094267 
914.297993 0.094495 
915.262443 0.094730 
916.226892 0.095029 
917.191341 0.095671 
918.155791 0.096459 
919.120240 0.097208 
920.084689 0.098101 
921.049139 0.099226 
922.013588 0.100440 
922.978038 0.101746 
923.942487 0.103050 
924.906936 0.104619 
925.871386 0.106670 
926.835835 0.108886 
927.800284 0.110974 
928.764734 0.113043 
929.729183 0.114961 
930.693632 0.116348 
931.658082 0.117103 
932.622531 0.117659 
933.586980 0.117937 
934.551430 0.116822 
935.515879 0.114803 
936.480329 0.113305 
937.444778 0.112504 
938.409227 0.112143 
939.373677 0.112121 
940.338126 0.112354 
941.302575 0.112950 
942.267025 0.114039 
943.231474 0.115445 
944.195923 0.117036 
945.160373 0.118865 
946.124822 0.121104 
947.089272 0.123577 
948.053721 0.126287 
949.018170 0.129469 
949.982620 0.133141 
950.947069 0.137006 
951.911518 0.140917 
952.875968 0.145032 
953.840417 0.149429 
954.804866 0.153883 
955.769316 0.157999 
956.733765 0.161626 
957.698214 0.165109 
958.662664 0.168916 
959.627113 0.172863 
960.591563 0.176072 
961.556012 0.177727 
962.520461 0.177410 
963.484911 0.175236 
964.449360 0.172004 
965.413809 0.168496 
966.378259 0.165454 
967.342708 0.163159 
968.307157 0.161590 
969.271607 0.160673 
970.236056 0.160754 
971.200506 0.161995 
972.164955 0.163959 
973.129404 0.165895 
974.093854 0.167540 
975.058303 0.169270 
976.022752 0.171477 
976.987202 0.174399 
977.951651 0.177969 
978.916100 0.181679 
979.880550 0.184787 
980.844999 0.186360 
981.809448 0.185819 
982.773898 0.183343 
983.738347 0.179885 
984.702797 0.176277 
985.667246 0.173082 
986.631695 0.170826 
987.596145 0.169751 
988.560594 0.169684 
989.525043 0.170160 
990.489493 0.170897 
991.453942 0.171620 
992.418391 0.172080 
993.382841 0.172270 
994.347290 0.172283 
995.311740 0.172290 
996.276189 0.172317 
997.240638 0.172453 
998.205088 0.172742 
999.169537 0.173158 
1000.133986 0.173942 
1001.098436 0.174948 
1002.062885 0.176153 
1003.027334 0.177779 
1003.991784 0.179854 
1004.956233 0.182438 
1005.920682 0.185415 
1006.885132 0.188537 
1007.849581 0.191150 
1008.814031 0.192379 
1009.778480 0.192014 
1010.742929 0.190467 
1011.707379 0.188276 
1012.671828 0.185762 
1013.636277 0.182703 
1014.600727 0.179105 
1015.565176 0.175622 
1016.529625 0.172836 
1017.494075 0.170830 
1018.458524 0.169387 
1019.422974 0.168302 
1020.387423 0.167573 
1021.351872 0.166881 
1022.316322 0.166091 
1023.280771 0.165637 
1024.245220 0.165683 
1025.209670 0.166066 
1026.174119 0.166523 
1027.138568 0.166995 
1028.103018 0.167366 
1029.067467 0.167111 
1030.031916 0.166057 
1030.996366 0.164842 
1031.960815 0.164753 
1032.925265 0.166727 
1033.889714 0.170956 
1034.854163 0.177429 
1035.818613 0.186009 
1036.783062 0.195950 
1037.747511 0.205808 
1038.711961 0.213931 
1039.676410 0.218751 
1040.640859 0.219273 
1041.605309 0.216194 
1042.569758 0.211199 
1043.534208 0.205762 
1044.498657 0.200776 
1045.463106 0.196748 
1046.427556 0.193773 
1047.392005 0.191915 
1048.356454 0.191316 
1049.320904 0.192030 
1050.285353 0.193591 
1051.249802 0.195414 
1052.214252 0.196959 
1053.178701 0.197703 
1054.143150 0.197553 
1055.107600 0.196668 
1056.072049 0.195829 
1057.036499 0.196198 
1058.000948 0.197900 
1058.965397 0.200509 
1059.929847 0.203351 
1060.894296 0.205932 
1061.858745 0.208484 
1062.823195 0.211247 
1063.787644 0.214558 
1064.752093 0.218647 
1065.716543 0.223545 
1066.680992 0.228972 
1067.645442 0.234396 
1068.609891 0.239240 
1069.574340 0.242952 
1070.538790 0.245228 
1071.503239 0.245887 
1072.467688 0.244957 
1073.432138 0.242939 
1074.396587 0.240524 
1075.361036 0.238029 
1076.325486 0.235634 
1077.289935 0.233446 
1078.254384 0.231976 
1079.218834 0.231474 
1080.183283 0.231715 
1081.147733 0.232620 
1082.112182 0.234513 
1083.076631 0.237872 
1084.041081 0.242932 
1085.005530 0.249804 
1085.969979 0.258566 
1086.934429 0.269301 
1087.898878 0.282190 
1088.863327 0.297480 
1089.827777 0.315261 
1090.792226 0.335590 
1091.756676 0.358677 
1092.721125 0.384217 
1093.685574 0.411754 
1094.650024 0.440654 
1095.614473 0.470252 
1096.578922 0.499451 
1097.543372 0.527301 
1098.507821 0.552985 
1099.472270 0.576046 
1100.436720 0.595989 
1101.401169 0.613227 
1102.365618 0.628854 
1103.330068 0.644053 
1104.294517 0.658599 
1105.258967 0.671513 
1106.223416 0.681365 
1107.187865 0.687234 
1108.152315 0.688671 
1109.116764 0.686882 
1110.081213 0.683802 
1111.045663 0.682744 
1112.010112 0.686418 
1112.974561 0.697356 
1113.939011 0.716294 
1114.903460 0.742281 
1115.867910 0.770927 
1116.832359 0.796864 
1117.796808 0.816091 
1118.761258 0.828147 
1119.725707 0.833479 
1120.690156 0.833083 
1121.654606 0.827511 
1122.619055 0.818086 
1123.583504 0.804393 
1124.547954 0.787300 
1125.512403 0.766772 
1126.476852 0.742549 
1127.441302 0.714399 
1128.405751 0.683326 
1129.370201 0.649651 
1130.334650 0.614127 
1131.299099 0.578221 
1132.263549 0.543861 
1133.227998 0.511726 
1134.192447 0.482049 
1135.156897 0.454568 
1136.121346 0.428502 
1137.085795 0.403346 
1138.050245 0.379354 
1139.014694 0.357121 
1139.979144 0.337619 
1140.943593 0.321149 
1141.908042 0.307512 
1142.872492 0.296413 
1143.836941 0.287597 
1144.801390 0.280713 
1145.765840 0.275000 
1146.730289 0.269810 
1147.694738 0.265102 
1148.659188 0.260936 
1149.623637 0.257184 
1150.588086 0.253661 
1151.552536 0.250263 
1152.516985 0.247028 
1153.481435 0.243770 
1154.445884 0.240056 
1155.410333 0.235934 
1156.374783 0.231780 
1157.339232 0.227673 
1158.303681 0.223458 
1159.268131 0.218872 
1160.232580 0.213901 
1161.197029 0.208541 
1162.161479 0.202623 
1163.125928 0.196002 
1164.090378 0.188893 
1165.054827 0.181641 
1166.019276 0.174415 
1166.983726 0.167566 
1167.948175 0.161561 
1168.912624 0.156693 
1169.877074 0.152910 
1170.841523 0.149786 
1171.805972 0.146955 
1172.770422 0.144228 
1173.734871 0.141483 
1174.699320 0.138475 
1175.663770 0.135150 
1176.628219 0.131840 
1177.592669 0.129042 
1178.557118 0.126837 
1179.521567 0.125144 
1180.486017 0.123761 
1181.450466 0.122459 
1182.414915 0.120934 
1183.379365 0.119563 
1184.343814 0.118450 
1185.308263 0.117632 
1186.272713 0.117097 
1187.237162 0.116651 
1188.201612 0.116215 
1189.166061 0.115959 
1190.130510 0.115942 
1191.094960 0.116011 
1192.059409 0.116048 
1193.023858 0.116209 
1193.988308 0.116458 
1194.952757 0.116815 
1195.917206 0.117181 
1196.881656 0.117544 
1197.846105 0.117999 
1198.810554 0.118568 
1199.775004 0.119088 
1200.739453 0.119552 
1201.703903 0.120099 
1202.668352 0.120795 
1203.632801 0.121434 
1204.597251 0.122017 
1205.561700 0.122549 
1206.526149 0.123275 
1207.490599 0.124046 
1208.455048 0.124736 
1209.419497 0.125355 
1210.383947 0.126030 
1211.348396 0.126735 
1212.312846 0.127399 
1213.277295 0.127929 
1214.241744 0.128545 
1215.206194 0.129443 
1216.170643 0.130504 
1217.135092 0.131591 
1218.099542 0.132734 
1219.063991 0.133988 
1220.028440 0.135452 
1220.992890 0.137002 
1221.957339 0.138740 
1222.921788 0.140714 
1223.886238 0.142999 
1224.850687 0.145409 
1225.815137 0.147875 
1226.779586 0.150698 
1227.744035 0.154281 
1228.708485 0.158517 
1229.672934 0.163301 
1230.637383 0.168284 
1231.601833 0.172769 
1232.566282 0.175849 
1233.530731 0.177064 
1234.495181 0.176285 
1235.459630 0.173715 
1236.424080 0.169724 
1237.388529 0.165073 
1238.352978 0.160656 
1239.317428 0.157200 
1240.281877 0.154777 
1241.246326 0.153402 
1242.210776 0.152790 
1243.175225 0.152862 
1244.139674 0.153634 
1245.104124 0.154758 
1246.068573 0.155859 
1247.033022 0.156839 
1247.997472 0.157620 
1248.961921 0.158278 
1249.926371 0.158900 
1250.890820 0.159614 
1251.855269 0.160474 
1252.819719 0.161362 
1253.784168 0.162020 
1254.748617 0.162331 
1255.713067 0.162289 
1256.677516 0.161912 
1257.641965 0.160966 
1258.606415 0.159591 
1259.570864 0.157876 
1260.535314 0.156056 
1261.499763 0.154236 
1262.464212 0.152572 
1263.428662 0.151067 
1264.393111 0.149783 
1265.357560 0.148679 
1266.322010 0.147661 
1267.286459 0.146360 
1268.250908 0.144682 
1269.215358 0.142496 
1270.179807 0.139815 
1271.144256 0.136646 
1272.108706 0.133314 
1273.073155 0.130015 
1274.037605 0.127030 
1275.002054 0.124300 
1275.966503 0.121903 
1276.930953 0.119931 
1277.895402 0.118347 
1278.859851 0.117155 
1279.824301 0.116300 
1280.788750 0.115620 
1281.753199 0.115136 
1282.717649 0.114846 
1283.682098 0.114705 
1284.646548 0.114751 
1285.610997 0.115069 
1286.575446 0.115764 
1287.539896 0.116643 
1288.504345 0.117365 
1289.468794 0.118253 
1290.433244 0.119607 
1291.397693 0.121110 
1292.362142 0.122830 
1293.326592 0.124928 
1294.291041 0.127243 
1295.255490 0.129774 
1296.219940 0.132712 
1297.184389 0.135968 
1298.148839 0.138976 
1299.113288 0.141329 
1300.077737 0.142641 
1301.042187 0.143507 
1302.006636 0.144236 
1302.971085 0.144858 
1303.935535 0.144965 
1304.899984 0.144374 
1305.864433 0.143024 
1306.828883 0.141108 
1307.793332 0.138445 
1308.757782 0.134802 
1309.722231 0.130647 
1310.686680 0.127005 
1311.651130 0.124184 
1312.615579 0.122234 
1313.580028 0.120627 
1314.544478 0.119767 
1315.508927 0.119320 
1316.473376 0.119446 
1317.437826 0.119773 
1318.402275 0.120133 
1319.366724 0.120251 
1320.331174 0.119436 
1321.295623 0.118218 
1322.260073 0.116995 
1323.224522 0.116293 
1324.188971 0.115621 
1325.153421 0.115003 
1326.117870 0.114691 
1327.082319 0.114819 
1328.046769 0.115263 
1329.011218 0.116021 
1329.975667 0.117285 
1330.940117 0.119215 
1331.904566 0.121993 
1332.869016 0.125699 
1333.833465 0.130011 
1334.797914 0.134598 
1335.762364 0.138549 
1336.726813 0.140810 
1337.691262 0.140230 
1338.655712 0.138824 
1339.620161 0.137177 
1340.584610 0.135022 
1341.549060 0.132872 
1342.513509 0.131727 
1343.477958 0.131169 
1344.442408 0.131282 
1345.406857 0.132166 
1346.371307 0.134016 
1347.335756 0.136891 
1348.300205 0.140635 
1349.264655 0.145089 
1350.229104 0.150156 
1351.193553 0.155340 
1352.158003 0.161078 
1353.122452 0.167478 
1354.086901 0.175592 
1355.051351 0.186482 
1356.015800 0.197877 
1356.980250 0.206500 
1357.944699 0.210479 
1358.909148 0.210515 
1359.873598 0.210870 
1360.838047 0.214686 
1361.802496 0.220660 
1362.766946 0.226220 
1363.731395 0.230432 
1364.695844 0.231436 
1365.660294 0.233018 
1366.624743 0.235426 
1367.589192 0.238686 
1368.553642 0.243686 
1369.518091 0.249993 
1370.482541 0.256036 
1371.446990 0.262451 
1372.411439 0.267819 
1373.375889 0.273288 
1374.340338 0.280064 
1375.304787 0.288824 
1376.269237 0.299360 
1377.233686 0.311129 
1378.198135 0.319007 
1379.162585 0.314765 
1380.127034 0.297028 
1381.091484 0.273039 
1382.055933 0.248219 
1383.020382 0.225781 
1383.984832 0.206809 
1384.949281 0.191679 
1385.913730 0.180328 
1386.878180 0.171533 
1387.842629 0.162170 
1388.807078 0.156064 
1389.771528 0.152203 
1390.735977 0.148981 
1391.700426 0.146329 
1392.664876 0.144293 
1393.629325 0.143028 
1394.593775 0.141941 
1395.558224 0.140378 
1396.522673 0.138934 
1397.487123 0.138135 
1398.451572 0.137116 
1399.416021 0.135569 
1400.380471 0.134215 
1401.344920 0.133503 
1402.309369 0.132913 
1403.273819 0.132438 
1404.238268 0.132218 
1405.202718 0.132466 
1406.167167 0.132506 
1407.131616 0.132940 
1408.096066 0.133709 
1409.060515 0.134967 
1410.024964 0.136371 
1410.989414 0.137377 
1411.953863 0.137328 
1412.918312 0.136254 
1413.882762 0.134785 
1414.847211 0.133512 
1415.811660 0.132407 
1416.776110 0.131582 
1417.740559 0.130377 
1418.705009 0.129319 
1419.669458 0.128272 
1420.633907 0.127861 
1421.598357 0.127844 
1422.562806 0.128328 
1423.527255 0.129511 
1424.491705 0.131179 
1425.456154 0.132172 
1426.420603 0.134517 
1427.385053 0.138044 
1428.349502 0.142905 
1429.313952 0.148928 
1430.278401 0.160729 
1431.242850 0.173296 
1432.207300 0.185854 
1433.171749 0.194431 
1434.136198 0.193342 
1435.100648 0.185989 
1436.065097 0.178970 
1437.029546 0.167522 
1437.993996 0.162007 
1438.958445 0.159740 
1439.922894 0.158398 
1440.887344 0.158181 
1441.851793 0.159461 
1442.816243 0.162144 
1443.780692 0.166678 
1444.745141 0.172714 
1445.709591 0.180626 
1446.674040 0.189064 
1447.638489 0.201011 
1448.602939 0.218435 
1449.567388 0.231273 
1450.531837 0.241970 
1451.496287 0.250918 
1452.460736 0.262550 
1453.425186 0.277213 
1454.389635 0.296139 
1455.354084 0.318423 
1456.318534 0.338859 
1457.282983 0.355643 
1458.247432 0.357341 
1459.211882 0.351497 
1460.176331 0.349989 
1461.140780 0.351262 
1462.105230 0.358531 
1463.069679 0.369571 
1464.034128 0.384878 
1464.998578 0.411326 
1465.963027 0.428344 
1466.927477 0.412757 
1467.891926 0.377741 
1468.856375 0.336487 
1469.820825 0.303223 
1470.785274 0.278282 
1471.749723 0.257076 
1472.714173 0.232044 
1473.678622 0.216772 
1474.643071 0.205061 
1475.607521 0.198383 
1476.571970 0.188951 
1477.536420 0.183669 
1478.500869 0.181601 
1479.465318 0.181320 
1480.429768 0.181716 
1481.394217 0.182494 
1482.358666 0.182072 
1483.323116 0.181921 
1484.287565 0.181027 
1485.252014 0.178534 
1486.216464 0.173251 
1487.180913 0.163558 
1488.145362 0.152626 
1489.109812 0.146805 
1490.074261 0.138276 
1491.038711 0.131188 
1492.003160 0.127414 
1492.967609 0.125035 
1493.932059 0.122709 
1494.896508 0.121234 
1495.860957 0.119720 
1496.825407 0.118648 
1497.789856 0.117775 
1498.754305 0.117488 
1499.718755 0.116935 
1500.683204 0.117352 
1501.647654 0.117486 
1502.612103 0.117273 
1503.576552 0.116706 
1504.541002 0.116557 
1505.505451 0.115649 
1506.469900 0.115840 
1507.434350 0.118368 
1508.398799 0.119549 
1509.363248 0.119772 
1510.327698 0.120247 
1511.292147 0.119615 
1512.256596 0.120193 
1513.221046 0.120083 
1514.185495 0.120326 
1515.149945 0.121013 
1516.114394 0.121376 
1517.078843 0.121212 
1518.043293 0.121970 
1519.007742 0.122056 
1519.972191 0.122655 
1520.936641 0.122816 
1521.901090 0.122782 
1522.865539 0.123345 
1523.829989 0.124298 
1524.794438 0.124965 
1525.758888 0.125802 
1526.723337 0.126258 
1527.687786 0.127359 
1528.652236 0.127743 
1529.616685 0.128590 
1530.581134 0.129534 
1531.545584 0.131207 
1532.510033 0.131544 
1533.474482 0.132683 
1534.438932 0.135416 
1535.403381 0.137393 
1536.367830 0.138678 
1537.332280 0.139745 
1538.296729 0.140232 
1539.261179 0.141342 
1540.225628 0.143975 
1541.190077 0.146169 
1542.154527 0.148484 
1543.118976 0.152032 
1544.083425 0.153806 
1545.047875 0.155778 
1546.012324 0.156396 
1546.976773 0.156812 
1547.941223 0.157365 
1548.905672 0.158156 
1549.870122 0.159301 
1550.834571 0.158760 
1551.799020 0.157714 
1552.763470 0.157205 
1553.727919 0.156532 
1554.692368 0.155543 
1555.656818 0.153857 
1556.621267 0.152648 
1557.585716 0.150578 
1558.550166 0.146669 
1559.514615 0.144365 
1560.479064 0.143922 
1561.443514 0.142982 
1562.407963 0.141934 
1563.372413 0.140292 
1564.336862 0.138664 
1565.301311 0.136796 
1566.265761 0.135629 
1567.230210 0.134434 
1568.194659 0.133201 
1569.159109 0.131850 
1570.123558 0.130720 
1571.088007 0.130307 
1572.052457 0.130105 
1573.016906 0.129620 
1573.981356 0.129093 
1574.945805 0.128275 
1575.910254 0.127558 
1576.874704 0.127527 
1577.839153 0.127993 
1578.803602 0.128061 
1579.768052 0.127961 
1580.732501 0.127736 
1581.696950 0.127500 
1582.661400 0.127096 
1583.625849 0.126743 
1584.590298 0.126132 
1585.554748 0.125459 
1586.519197 0.124595 
1587.483647 0.123744 
1588.448096 0.122768 
1589.412545 0.121836 
1590.376995 0.120648 
1591.341444 0.119459 
1592.305893 0.118160 
1593.270343 0.116901 
1594.234792 0.115675 
1595.199241 0.114565 
1596.163691 0.113388 
1597.128140 0.112160 
1598.092590 0.110961 
1599.057039 0.109846 
1600.021488 0.108693 
1600.985938 0.107777 
1601.950387 0.106822 
1602.914836 0.106001 
1603.879286 0.105017 
1604.843735 0.104318 
1605.808184 0.103704 
1606.772634 0.103234 
1607.737083 0.102645 
1608.701532 0.102093 
1609.665982 0.101645 
1610.630431 0.101318 
1611.594881 0.101067 
1612.559330 0.100880 
1613.523779 0.100625 
1614.488229 0.100364 
1615.452678 0.099692 
1616.417127 0.098747 
1617.381577 0.098784 
1618.346026 0.099339 
1619.310475 0.099527 
1620.274925 0.099483 
1621.239374 0.099320 
1622.203824 0.098921 
1623.168273 0.098206 
1624.132722 0.097752 
1625.097172 0.097878 
1626.061621 0.097806 
1627.026070 0.097347 
1627.990520 0.096949 
1628.954969 0.096861 
1629.919418 0.097026 
1630.883868 0.096901 
1631.848317 0.096628 
1632.812766 0.096290 
1633.777216 0.095781 
1634.741665 0.094681 
1635.706115 0.093832 
1636.670564 0.094307 
1637.635013 0.095053 
1638.599463 0.095313 
1639.563912 0.095320 
1640.528361 0.095191 
1641.492811 0.095095 
1642.457260 0.095089 
1643.421709 0.094971 
1644.386159 0.094567 
1645.350608 0.093990 
1646.315058 0.093335 
1647.279507 0.093356 
1648.243956 0.093706 
1649.208406 0.094013 
1650.172855 0.094143 
1651.137304 0.093655 
1652.101754 0.092189 
1653.066203 0.087783 
1654.030652 0.090953 
1654.995102 0.093262 
1655.959551 0.093647 
1656.924000 0.093797 
1657.888450 0.093604 
1658.852899 0.093496 
1659.817349 0.093455 
1660.781798 0.093348 
1661.746247 0.092957 
1662.710697 0.092543 
1663.675146 0.092598 
1664.639595 0.092819 
1665.604045 0.092825 
1666.568494 0.092723 
1667.532943 0.092642 
1668.497393 0.092438 
1669.461842 0.091767 
1670.426292 0.091468 
1671.390741 0.091767 
1672.355190 0.092007 
1673.319640 0.091760 
1674.284089 0.091314 
1675.248538 0.091273 
1676.212988 0.091716 
1677.177437 0.091764 
1678.141886 0.091770 
1679.106336 0.091899 
1680.070785 0.092752 
1681.035234 0.092371 
1681.999684 0.091470 
1682.964133 0.090779 
1683.928583 0.089470 
1684.893032 0.089454 
1685.857481 0.090769 
1686.821931 0.091317 
1687.786380 0.092170 
1688.750829 0.092373 
1689.715279 0.091954 
1690.679728 0.091900 
1691.644177 0.091919 
1692.608627 0.091998 
1693.573076 0.091821 
1694.537526 0.091203 
1695.501975 0.090468 
1696.466424 0.090586 
1697.430874 0.091149 
1698.395323 0.091119 
1699.359772 0.090434 
1700.324222 0.089395 
1701.288671 0.091193 
1702.253120 0.091975 
1703.217570 0.092311 
1704.182019 0.092517 
1705.146468 0.092595 
1706.110918 0.092646 
1707.075367 0.093476 
1708.039817 0.093957 
1709.004266 0.094421 
1709.968715 0.094970 
1710.933165 0.095143 
1711.897614 0.095251 
1712.862063 0.095601 
1713.826513 0.095821 
1714.790962 0.096259 
1715.755411 0.096213 
1716.719861 0.095655 
1717.684310 0.094731 
1718.648760 0.094927 
1719.613209 0.095450 
1720.577658 0.095659 
1721.542108 0.095910 
1722.506557 0.096015 
1723.471006 0.096301 
1724.435456 0.096397 
1725.399905 0.096669 
1726.364354 0.097250 
1727.328804 0.097917 
1728.293253 0.098636 
1729.257702 0.099628 
1730.222152 0.100931 
1731.186601 0.100849 
1732.151051 0.100647 
1733.115500 0.100415 
1734.079949 0.099095 
1735.044399 0.098055 
1736.008848 0.097920 
1736.973297 0.097729 
1737.937747 0.097083 
1738.902196 0.096201 
1739.866645 0.095205 
1740.831095 0.094466 
1741.795544 0.094180 
1742.759994 0.094133 
1743.724443 0.093804 
1744.688892 0.092876 
1745.653342 0.092210 
1746.617791 0.091750 
1747.582240 0.091209 
1748.546690 0.090810 
1749.511139 0.090580 
1750.475588 0.090347 
1751.440038 0.090413 
1752.404487 0.089549 
1753.368936 0.089143 
1754.333386 0.088942 
1755.297835 0.088793 
1756.262285 0.088818 
1757.226734 0.088800 
1758.191183 0.088560 
1759.155633 0.088525 
1760.120082 0.088151 
1761.084531 0.088007 
1762.048981 0.088043 
1763.013430 0.087787 
1763.977879 0.087774 
1764.942329 0.087854 
1765.906778 0.087809 
1766.871228 0.087766 
1767.835677 0.088173 
1768.800126 0.088056 
1769.764576 0.087358 
1770.729025 0.087131 
1771.693474 0.086553 
1772.657924 0.086446 
1773.622373 0.086820 
1774.586822 0.087284 
1775.551272 0.087841 
1776.515721 0.087746 
1777.480170 0.087580 
1778.444620 0.087876 
1779.409069 0.087867 
1780.373519 0.087889 
1781.337968 0.087935 
1782.302417 0.087818 
1783.266867 0.087819 
1784.231316 0.088149 
1785.195765 0.088531 
1786.160215 0.088128 
1787.124664 0.088074 
1788.089113 0.088273 
1789.053563 0.088327 
1790.018012 0.088437 
1790.982462 0.088631 
1791.946911 0.088164 
1792.911360 0.088094 
1793.875810 0.088180 
1794.840259 0.088549 
1795.804708 0.089330 
1796.769158 0.089350 
1797.733607 0.088817 
1798.698056 0.088582 
1799.662506 0.088751 
1800.626955 0.088999 
1801.591404 0.089563 
1802.555854 0.089715 
1803.520303 0.089198 
1804.484753 0.088971 
1805.449202 0.088927 
1806.413651 0.088929 
1807.378101 0.089325 
1808.342550 0.089363 
1809.306999 0.088931 
1810.271449 0.088862 
1811.235898 0.089046 
1812.200347 0.089261 
1813.164797 0.089123 
1814.129246 0.088849 
1815.093696 0.088887 
1816.058145 0.089027 
1817.022594 0.089469 
1817.987044 0.089493 
1818.951493 0.089123 
1819.915942 0.089033 
1820.880392 0.089097 
1821.844841 0.089200 
1822.809290 0.089317 
1823.773740 0.089037 
1824.738189 0.089177 
1825.702638 0.089459 
1826.667088 0.089079 
1827.631537 0.088988 
1828.595987 0.088861 
1829.560436 0.088901 
1830.524885 0.088955 
1831.489335 0.088967 
1832.453784 0.089175 
1833.418233 0.089426 
1834.382683 0.089344 
1835.347132 0.089201 
1836.311581 0.089283 
1837.276031 0.089566 
1838.240480 0.089477 
1839.204930 0.089369 
1840.169379 0.089331 
1841.133828 0.089473 
1842.098278 0.089767 
1843.062727 0.089550 
1844.027176 0.089656 
1844.991626 0.089875 
1845.956075 0.089794 
1846.920524 0.089851 
1847.884974 0.090202 
1848.849423 0.090059 
1849.813872 0.089853 
1850.778322 0.089818 
1851.742771 0.089810 
1852.707221 0.089822 
1853.671670 0.089914 
1854.636119 0.089971 
1855.600569 0.089976 
1856.565018 0.089950 
1857.529467 0.089962 
1858.493917 0.090096 
1859.458366 0.090070 
1860.422815 0.089954 
1861.387265 0.089983 
1862.351714 0.089808 
1863.316164 0.089654 
1864.280613 0.089611 
1865.245062 0.089489 
1866.209512 0.089456 
1867.173961 0.089355 
1868.138410 0.089324 
1869.102860 0.089432 
1870.067309 0.089475 
1871.031758 0.089428 
1871.996208 0.089181 
1872.960657 0.088967 
1873.925106 0.088957 
1874.889556 0.088965 
1875.854005 0.088942 
1876.818455 0.088883 
1877.782904 0.088828 
1878.747353 0.088921 
1879.711803 0.089052 
1880.676252 0.088935 
1881.640701 0.088913 
1882.605151 0.089012 
1883.569600 0.089107 
1884.534049 0.089157 
1885.498499 0.089191 
1886.462948 0.089179 
1887.427398 0.089224 
1888.391847 0.089225 
1889.356296 0.089678 
1890.320746 0.089673 
1891.285195 0.089481 
1892.249644 0.089619 
1893.214094 0.089693 
1894.178543 0.089800 
1895.142992 0.090033 
1896.107442 0.090007 
1897.071891 0.090037 
1898.036340 0.090185 
1899.000790 0.090203 
1899.965239 0.090311 
1900.929689 0.090448 
1901.894138 0.090625 
1902.858587 0.090700 
1903.823037 0.090749 
1904.787486 0.090746 
1905.751935 0.090782 
1906.716385 0.090845 
1907.680834 0.091137 
1908.645283 0.091152 
1909.609733 0.091181 
1910.574182 0.091199 
1911.538632 0.091089 
1912.503081 0.091175 
1913.467530 0.091280 
1914.431980 0.091372 
1915.396429 0.091458 
1916.360878 0.091439 
1917.325328 0.091487 
1918.289777 0.091837 
1919.254226 0.091742 
1920.218676 0.091815 
1921.183125 0.091955 
1922.147574 0.092487 
1923.112024 0.092887 
1924.076473 0.092511 
1925.040923 0.092357 
1926.005372 0.092471 
1926.969821 0.092607 
1927.934271 0.092765 
1928.898720 0.092844 
1929.863169 0.092853 
1930.827619 0.092886 
1931.792068 0.093033 
1932.756517 0.093220 
1933.720967 0.093248 
1934.685416 0.093164 
1935.649866 0.093188 
1936.614315 0.093270 
1937.578764 0.093353 
1938.543214 0.093325 
1939.507663 0.093337 
1940.472112 0.093434 
1941.436562 0.093617 
1942.401011 0.094136 
1943.365460 0.093943 
1944.329910 0.093535 
1945.294359 0.093591 
1946.258808 0.093554 
1947.223258 0.093546 
1948.187707 0.093615 
1949.152157 0.094014 
1950.116606 0.094167 
1951.081055 0.093807 
1952.045505 0.093533 
1953.009954 0.093487 
1953.974403 0.093496 
1954.938853 0.093628 
1955.903302 0.093709 
1956.867751 0.094306 
1957.832201 0.096929 
1958.796650 0.100026 
1959.761100 0.097713 
1960.725549 0.094353 
1961.689998 0.093473 
1962.654448 0.093264 
1963.618897 0.093168 
1964.583346 0.093076 
1965.547796 0.093096 
1966.512245 0.093229 
1967.476694 0.093317 
1968.441144 0.092990 
1969.405593 0.092805 
1970.370042 0.092778 
1971.334492 0.092722 
1972.298941 0.092654 
1973.263391 0.092642 
1974.227840 0.092608 
1975.192289 0.092479 
1976.156739 0.092351 
1977.121188 0.092310 
1978.085637 0.092286 
1979.050087 0.092244 
1980.014536 0.092195 
1980.978985 0.092128 
1981.943435 0.092099 
1982.907884 0.092038 
1983.872334 0.091939 
1984.836783 0.091833 
1985.801232 0.091864 
1986.765682 0.091923 
1987.730131 0.092044 
1988.694580 0.092115 
1989.659030 0.091923 
1990.623479 0.091897 
1991.587928 0.092312 
1992.552378 0.092531 
1993.516827 0.092148 
1994.481276 0.092071 
1995.445726 0.092117 
1996.410175 0.092134 
1997.374625 0.092125 
1998.339074 0.092215 
1999.303523 0.092260 
2000.267973 0.092249 
2001.232422 0.092229 
2002.196871 0.092254 
2003.161321 0.092325 
2004.125770 0.092400 
2005.090219 0.092425 
2006.054669 0.092443 
2007.019118 0.092505 
2007.983568 0.092551 
2008.948017 0.092611 
2009.912466 0.092697 
2010.876916 0.092749 
2011.841365 0.092844 
2012.805814 0.092915 
2013.770264 0.092952 
2014.734713 0.093000 
2015.699162 0.093179 
2016.663612 0.093587 
2017.628061 0.093658 
2018.592510 0.093741 
2019.556960 0.093796 
2020.521409 0.093683 
2021.485859 0.093692 
2022.450308 0.093847 
2023.414757 0.094097 
2024.379207 0.094207 
2025.343656 0.094317 
2026.308105 0.094553 
2027.272555 0.095052 
2028.237004 0.096093 
2029.201453 0.096686 
2030.165903 0.095858 
2031.130352 0.095342 
2032.094802 0.095358 
2033.059251 0.095476 
2034.023700 0.095539 
2034.988150 0.095611 
2035.952599 0.095640 
2036.917048 0.095706 
2037.881498 0.095678 
2038.845947 0.095654 
2039.810396 0.095694 
2040.774846 0.095890 
2041.739295 0.095944 
2042.703744 0.095771 
2043.668194 0.095771 
2044.632643 0.095830 
2045.597093 0.095863 
2046.561542 0.095905 
2047.525991 0.095907 
2048.490441 0.096017 
2049.454890 0.096099 
2050.419339 0.096140 
2051.383789 0.096213 
2052.348238 0.096251 
2053.312687 0.096275 
2054.277137 0.096312 
2055.241586 0.096345 
2056.206036 0.096361 
2057.170485 0.096415 
2058.134934 0.096474 
2059.099384 0.096435 
2060.063833 0.096515 
2061.028282 0.096571 
2061.992732 0.096601 
2062.957181 0.096669 
2063.921630 0.096800 
2064.886080 0.097018 
2065.850529 0.096979 
2066.814978 0.096807 
2067.779428 0.096805 
2068.743877 0.096912 
2069.708327 0.097016 
2070.672776 0.097086 
2071.637225 0.097119 
2072.601675 0.097199 
2073.566124 0.097365 
2074.530573 0.097442 
2075.495023 0.097484 
2076.459472 0.097545 
2077.423921 0.097630 
2078.388371 0.097724 
2079.352820 0.097745 
2080.317270 0.097720 
2081.281719 0.097778 
2082.246168 0.097739 
2083.210618 0.097611 
2084.175067 0.097513 
2085.139516 0.097455 
2086.103966 0.097428 
2087.068415 0.097406 
2088.032864 0.097316 
2088.997314 0.097262 
2089.961763 0.097371 
2090.926212 0.097271 
2091.890662 0.097062 
2092.855111 0.097058 
2093.819561 0.097105 
2094.784010 0.097097 
2095.748459 0.097014 
2096.712909 0.096986 
2097.677358 0.096947 
2098.641807 0.096928 
2099.606257 0.096843 
2100.570706 0.096677 
2101.535155 0.096515 
2102.499605 0.096499 
2103.464054 0.096427 
2104.428504 0.096221 
2105.392953 0.096033 
2106.357402 0.095988 
2107.321852 0.095922 
2108.286301 0.095696 
2109.250750 0.095482 
2110.215200 0.095427 
2111.179649 0.095434 
2112.144098 0.095392 
2113.108548 0.095265 
2114.072997 0.095254 
2115.037446 0.095320 
2116.001896 0.095240 
2116.966345 0.095061 
2117.930795 0.095010 
2118.895244 0.095006 
2119.859693 0.094957 
2120.824143 0.094788 
2121.788592 0.094688 
2122.753041 0.094663 
2123.717491 0.094686 
2124.681940 0.094615 
2125.646389 0.094508 
2126.610839 0.094460 
2127.575288 0.094500 
2128.539738 0.094477 
2129.504187 0.094440 
2130.468636 0.094400 
2131.433086 0.094393 
2132.397535 0.094321 
2133.361984 0.094295 
2134.326434 0.094336 
2135.290883 0.094426 
2136.255332 0.094435 
2137.219782 0.094347 
2138.184231 0.094242 
2139.148680 0.094233 
2140.113130 0.094227 
2141.077579 0.094178 
2142.042029 0.094102 
2143.006478 0.094040 
2143.970927 0.093984 
2144.935377 0.093978 
2145.899826 0.093948 
2146.864275 0.093948 
2147.828725 0.093989 
2148.793174 0.094000 
2149.757623 0.093982 
2150.722073 0.094017 
2151.686522 0.094064 
2152.650972 0.094105 
2153.615421 0.094138 
2154.579870 0.094216 
2155.544320 0.094284 
2156.508769 0.094378 
2157.473218 0.094509 
2158.437668 0.094616 
2159.402117 0.094632 
2160.366566 0.094699 
2161.331016 0.094850 
2162.295465 0.094915 
2163.259914 0.094899 
2164.224364 0.094955 
2165.188813 0.095064 
2166.153263 0.095143 
2167.117712 0.095124 
2168.082161 0.095176 
2169.046611 0.095250 
2170.011060 0.095230 
2170.975509 0.095202 
2171.939959 0.095306 
2172.904408 0.095379 
2173.868857 0.095350 
2174.833307 0.095313 
2175.797756 0.095321 
2176.762206 0.095307 
2177.726655 0.095263 
2178.691104 0.095254 
2179.655554 0.095293 
2180.620003 0.095219 
2181.584452 0.095137 
2182.548902 0.095153 
2183.513351 0.095213 
2184.477800 0.095215 
2185.442250 0.095258 
2186.406699 0.095313 
2187.371148 0.095292 
2188.335598 0.095259 
2189.300047 0.095380 
2190.264497 0.095406 
2191.228946 0.095326 
2192.193395 0.095301 
2193.157845 0.095374 
2194.122294 0.095368 
2195.086743 0.095317 
2196.051193 0.095360 
2197.015642 0.095416 
2197.980091 0.095385 
2198.944541 0.095379 
2199.908990 0.095407 
2200.873440 0.095388 
2201.837889 0.095354 
2202.802338 0.095391 
2203.766788 0.095333 
2204.731237 0.095278 
2205.695686 0.095286 
2206.660136 0.095344 
2207.624585 0.095371 
2208.589034 0.095363 
2209.553484 0.095331 
2210.517933 0.095345 
2211.482382 0.095354 
2212.446832 0.095296 
2213.411281 0.095321 
2214.375731 0.095388 
2215.340180 0.095380 
2216.304629 0.095362 
2217.269079 0.095346 
2218.233528 0.095401 
2219.197977 0.095402 
2220.162427 0.095354 
2221.126876 0.095376 
2222.091325 0.095443 
2223.055775 0.095426 
2224.020224 0.095371 
2224.984674 0.095349 
2225.949123 0.095375 
2226.913572 0.095414 
2227.878022 0.095472 
2228.842471 0.095455 
2229.806920 0.095444 
2230.771370 0.095483 
2231.735819 0.095526 
2232.700268 0.095528 
2233.664718 0.095535 
2234.629167 0.095579 
2235.593616 0.095668 
2236.558066 0.095703 
2237.522515 0.095723 
2238.486965 0.095749 
2239.451414 0.095815 
2240.415863 0.095885 
2241.380313 0.095939 
2242.344762 0.095999 
2243.309211 0.096093 
2244.273661 0.096198 
2245.238110 0.096250 
2246.202559 0.096327 
2247.167009 0.096443 
2248.131458 0.096483 
2249.095908 0.096563 
2250.060357 0.096642 
2251.024806 0.096747 
2251.989256 0.096872 
2252.953705 0.096987 
2253.918154 0.097016 
2254.882604 0.097105 
2255.847053 0.097225 
2256.811502 0.097359 
2257.775952 0.097442 
2258.740401 0.097499 
2259.704850 0.097575 
2260.669300 0.097688 
2261.633749 0.097691 
2262.598199 0.097714 
2263.562648 0.097775 
2264.527097 0.097878 
2265.491547 0.097955 
2266.455996 0.098027 
2267.420445 0.098086 
2268.384895 0.098177 
2269.349344 0.098210 
2270.313793 0.098269 
2271.278243 0.098361 
2272.242692 0.098475 
2273.207142 0.098522 
2274.171591 0.098622 
2275.136040 0.098721 
2276.100490 0.098797 
2277.064939 0.098854 
2278.029388 0.098942 
2278.993838 0.099000 
2279.958287 0.099104 
2280.922736 0.099152 
2281.887186 0.099223 
2282.851635 0.099235 
2283.816084 0.099314 
2284.780534 0.099332 
2285.744983 0.099262 
2286.709433 0.099216 
2287.673882 0.099193 
2288.638331 0.099179 
2289.602781 0.099263 
2290.567230 0.099161 
2291.531679 0.099126 
2292.496129 0.099057 
2293.460578 0.099108 
2294.425027 0.099014 
2295.389477 0.099004 
2296.353926 0.099014 
2297.318376 0.098944 
2298.282825 0.098952 
2299.247274 0.098850 
2300.211724 0.098809 
2301.176173 0.098783 
2302.140622 0.098688 
2303.105072 0.098684 
2304.069521 0.098616 
2305.033970 0.098771 
2305.998420 0.098509 
2306.962869 0.098512 
2307.927318 0.098236 
2308.891768 0.098262 
2309.856217 0.097979 
2310.820667 0.097944 
2311.785116 0.097655 
2312.749565 0.097573 
2313.714015 0.097339 
2314.678464 0.097224 
2315.642913 0.097069 
2316.607363 0.096920 
2317.571812 0.096726 
2318.536261 0.096523 
2319.500711 0.096128 
2320.465160 0.095691 
2321.429610 0.095463 
2322.394059 0.095267 
2323.358508 0.095024 
2324.322958 0.094717 
2325.287407 0.094678 
2326.251856 0.094485 
2327.216306 0.094166 
2328.180755 0.093797 
2329.145204 0.093605 
2330.109654 0.093419 
2331.074103 0.093198 
2332.038552 0.092974 
2333.003002 0.092972 
2333.967451 0.092992 
2334.931901 0.092959 
2335.896350 0.092742 
2336.860799 0.092474 
2337.825249 0.092324 
2338.789698 0.092259 
2339.754147 0.092091 
2340.718597 0.092007 
2341.683046 0.091978 
2342.647495 0.092025 
2343.611945 0.092189 
2344.576394 0.092471 
2345.540844 0.092799 
2346.505293 0.093516 
2347.469742 0.094391 
2348.434192 0.095379 
2349.398641 0.095468 
2350.363090 0.094617 
2351.327540 0.093641 
2352.291989 0.092716 
2353.256438 0.091936 
2354.220888 0.091241 
2355.185337 0.090635 
2356.149786 0.089958 
2357.114236 0.089403 
2358.078685 0.088998 
2359.043135 0.088808 
2360.007584 0.088615 
2360.972033 0.088811 
2361.936483 0.088915 
2362.900932 0.089157 
2363.865381 0.089497 
2364.829831 0.089909 
2365.794280 0.090280 
2366.758729 0.090841 
2367.723179 0.091622 
2368.687628 0.092372 
2369.652078 0.092981 
2370.616527 0.093610 
2371.580976 0.094425 
2372.545426 0.095159 
2373.509875 0.095763 
2374.474324 0.096298 
2375.438774 0.096921 
2376.403223 0.097482 
2377.367672 0.098005 
2378.332122 0.098520 
2379.296571 0.098960 
2380.261020 0.099237 
2381.225470 0.099527 
2382.189919 0.099819 
2383.154369 0.100069 
2384.118818 0.100276 
2385.083267 0.100406 
2386.047717 0.100417 
2387.012166 0.100450 
2387.976615 0.100492 
2388.941065 0.100538 
2389.905514 0.100540 
2390.869963 0.100598 
2391.834413 0.100616 
2392.798862 0.100667 
2393.763312 0.100724 
2394.727761 0.100762 
2395.692210 0.100770 
2396.656660 0.100799 
2397.621109 0.100781 
2398.585558 0.100801 
2399.550008 0.100840 
2400.514457 0.100857 
2401.478906 0.100820 
2402.443356 0.100761 
2403.407805 0.100683 
2404.372254 0.100654 
2405.336704 0.100617 
2406.301153 0.100565 
2407.265603 0.100479 
2408.230052 0.100501 
2409.194501 0.100475 
2410.158951 0.100436 
2411.123400 0.100423 
2412.087849 0.100488 
2413.052299 0.100558 
2414.016748 0.100524 
2414.981197 0.100464 
2415.945647 0.100451 
2416.910096 0.100404 
2417.874546 0.100382 
2418.838995 0.100335 
2419.803444 0.100261 
2420.767894 0.100215 
2421.732343 0.100215 
2422.696792 0.100174 
2423.661242 0.100104 
2424.625691 0.100074 
2425.590140 0.100074 
2426.554590 0.100040 
2427.519039 0.099977 
2428.483488 0.099937 
2429.447938 0.099949 
2430.412387 0.099959 
2431.376837 0.099948 
2432.341286 0.099884 
2433.305735 0.099854 
2434.270185 0.099849 
2435.234634 0.099823 
2436.199083 0.099785 
2437.163533 0.099787 
2438.127982 0.099753 
2439.092431 0.099712 
2440.056881 0.099660 
2441.021330 0.099603 
2441.985780 0.099602 
2442.950229 0.099579 
2443.914678 0.099486 
2444.879128 0.099448 
2445.843577 0.099439 
2446.808026 0.099420 
2447.772476 0.099380 
2448.736925 0.099366 
2449.701374 0.099362 
2450.665824 0.099334 
2451.630273 0.099269 
2452.594722 0.099231 
2453.559172 0.099236 
2454.523621 0.099257 
2455.488071 0.099258 
2456.452520 0.099263 
2457.416969 0.099234 
2458.381419 0.099250 
2459.345868 0.099266 
2460.310317 0.099227 
2461.274767 0.099178 
2462.239216 0.099145 
2463.203665 0.099188 
2464.168115 0.099250 
2465.132564 0.099230 
2466.097014 0.099196 
2467.061463 0.099187 
2468.025912 0.099212 
2468.990362 0.099208 
2469.954811 0.099204 
2470.919260 0.099211 
2471.883710 0.099214 
2472.848159 0.099262 
2473.812608 0.099325 
2474.777058 0.099304 
2475.741507 0.099281 
2476.705956 0.099298 
2477.670406 0.099363 
2478.634855 0.099429 
2479.599305 0.099436 
2480.563754 0.099439 
2481.528203 0.099464 
2482.492653 0.099523 
2483.457102 0.099587 
2484.421551 0.099567 
2485.386001 0.099522 
2486.350450 0.099554 
2487.314899 0.099664 
2488.279349 0.099739 
2489.243798 0.099763 
2490.208248 0.099740 
2491.172697 0.099760 
2492.137146 0.099839 
2493.101596 0.099901 
2494.066045 0.099916 
2495.030494 0.099878 
2495.994944 0.099856 
2496.959393 0.099893 
2497.923842 0.099924 
2498.888292 0.099971 
2499.852741 0.100021 
2500.817190 0.100038 
2501.781640 0.100068 
2502.746089 0.100157 
2503.710539 0.100198 
2504.674988 0.100225 
2505.639437 0.100296 
2506.603887 0.100366 
2507.568336 0.100367 
2508.532785 0.100352 
2509.497235 0.100385 
2510.461684 0.100455 
2511.426133 0.100519 
2512.390583 0.100572 
2513.355032 0.100598 
2514.319482 0.100557 
2515.283931 0.100542 
2516.248380 0.100606 
2517.212830 0.100696 
2518.177279 0.100743 
2519.141728 0.100775 
2520.106178 0.100824 
2521.070627 0.100851 
2522.035076 0.100883 
2522.999526 0.100899 
2523.963975 0.100909 
2524.928424 0.100938 
2525.892874 0.100916 
2526.857323 0.100919 
2527.821773 0.100953 
2528.786222 0.100985 
2529.750671 0.101048 
2530.715121 0.101084 
2531.679570 0.101112 
2532.644019 0.101188 
2533.608469 0.101234 
2534.572918 0.101254 
2535.537367 0.101341 
2536.501817 0.101388 
2537.466266 0.101426 
2538.430716 0.101473 
2539.395165 0.101567 
2540.359614 0.101610 
2541.324064 0.101690 
2542.288513 0.101766 
2543.252962 0.101853 
2544.217412 0.101908 
2545.181861 0.101962 
2546.146310 0.101970 
2547.110760 0.102065 
2548.075209 0.102197 
2549.039658 0.102315 
2550.004108 0.102392 
2550.968557 0.102500 
2551.933007 0.102602 
2552.897456 0.102712 
2553.861905 0.102820 
2554.826355 0.102961 
2555.790804 0.103096 
2556.755253 0.103225 
2557.719703 0.103340 
2558.684152 0.103485 
2559.648601 0.103571 
2560.613051 0.103668 
2561.577500 0.103805 
2562.541950 0.103952 
2563.506399 0.104094 
2564.470848 0.104293 
2565.435298 0.104472 
2566.399747 0.104735 
2567.364196 0.104943 
2568.328646 0.105140 
2569.293095 0.105405 
2570.257544 0.105774 
2571.221994 0.106082 
2572.186443 0.106359 
2573.150892 0.106667 
2574.115342 0.107115 
2575.079791 0.107544 
2576.044241 0.107918 
2577.008690 0.108307 
2577.973139 0.108753 
2578.937589 0.109132 
2579.902038 0.109483 
2580.866487 0.109815 
2581.830937 0.110168 
2582.795386 0.110475 
2583.759835 0.110696 
2584.724285 0.110852 
2585.688734 0.111072 
2586.653184 0.111234 
2587.617633 0.111398 
2588.582082 0.111529 
2589.546532 0.111620 
2590.510981 0.111702 
2591.475430 0.111735 
2592.439880 0.111688 
2593.404329 0.111656 
2594.368778 0.111615 
2595.333228 0.111611 
2596.297677 0.111555 
2597.262126 0.111473 
2598.226576 0.111413 
2599.191025 0.111422 
2600.155475 0.111356 
2601.119924 0.111237 
2602.084373 0.111130 
2603.048823 0.111093 
2604.013272 0.111061 
2604.977721 0.111063 
2605.942171 0.111075 
2606.906620 0.111085 
2607.871069 0.111112 
2608.835519 0.111177 
2609.799968 0.111218 
2610.764418 0.111337 
2611.728867 0.111396 
2612.693316 0.111438 
2613.657766 0.111491 
2614.622215 0.111628 
2615.586664 0.111779 
2616.551114 0.111905 
2617.515563 0.111968 
2618.480012 0.112121 
2619.444462 0.112214 
2620.408911 0.112241 
2621.373360 0.112316 
2622.337810 0.112399 
2623.302259 0.112431 
2624.266709 0.112473 
2625.231158 0.112504 
2626.195607 0.112567 
2627.160057 0.112581 
2628.124506 0.112580 
2629.088955 0.112585 
2630.053405 0.112590 
2631.017854 0.112579 
2631.982303 0.112604 
2632.946753 0.112556 
2633.911202 0.112472 
2634.875652 0.112504 
2635.840101 0.112618 
2636.804550 0.112666 
2637.769000 0.112668 
2638.733449 0.112720 
2639.697898 0.112757 
2640.662348 0.112766 
2641.626797 0.112858 
2642.591246 0.112905 
2643.555696 0.112962 
2644.520145 0.113065 
2645.484594 0.113219 
2646.449044 0.113361 
2647.413493 0.113569 
2648.377943 0.113775 
2649.342392 0.114037 
2650.306841 0.114304 
2651.271291 0.114626 
2652.235740 0.114980 
2653.200189 0.115249 
2654.164639 0.115447 
2655.129088 0.115689 
2656.093537 0.115904 
2657.057987 0.116071 
2658.022436 0.116193 
2658.986886 0.116356 
2659.951335 0.116509 
2660.915784 0.116644 
2661.880234 0.116750 
2662.844683 0.116838 
2663.809132 0.117014 
2664.773582 0.117229 
2665.738031 0.117341 
2666.702480 0.117417 
2667.666930 0.117546 
2668.631379 0.117802 
2669.595828 0.118022 
2670.560278 0.118246 
2671.524727 0.118566 
2672.489177 0.118984 
2673.453626 0.119371 
2674.418075 0.119846 
2675.382525 0.120405 
2676.346974 0.121019 
2677.311423 0.121640 
2678.275873 0.122351 
2679.240322 0.123031 
2680.204771 0.123709 
2681.169221 0.124370 
2682.133670 0.125039 
2683.098120 0.125643 
2684.062569 0.126215 
2685.027018 0.126845 
2685.991468 0.127498 
2686.955917 0.128105 
2687.920366 0.128787 
2688.884816 0.129500 
2689.849265 0.130255 
2690.813714 0.130975 
2691.778164 0.131688 
2692.742613 0.132369 
2693.707062 0.133120 
2694.671512 0.133860 
2695.635961 0.134623 
2696.600411 0.135307 
2697.564860 0.136002 
2698.529309 0.136744 
2699.493759 0.137442 
2700.458208 0.137947 
2701.422657 0.138357 
2702.387107 0.138601 
2703.351556 0.138820 
2704.316005 0.138945 
2705.280455 0.139096 
2706.244904 0.139296 
2707.209354 0.139625 
2708.173803 0.140090 
2709.138252 0.140656 
2710.102702 0.141235 
2711.067151 0.141904 
2712.031600 0.142504 
2712.996050 0.143016 
2713.960499 0.143483 
2714.924948 0.143941 
2715.889398 0.144292 
2716.853847 0.144602 
2717.818296 0.144790 
2718.782746 0.145071 
2719.747195 0.145383 
2720.711645 0.145896 
2721.676094 0.146550 
2722.640543 0.147274 
2723.604993 0.148077 
2724.569442 0.149095 
2725.533891 0.150138 
2726.498341 0.151208 
2727.462790 0.152344 
2728.427239 0.153644 
2729.391689 0.154866 
2730.356138 0.155981 
2731.320588 0.156869 
2732.285037 0.157576 
2733.249486 0.157893 
2734.213936 0.157930 
2735.178385 0.157767 
2736.142834 0.157488 
2737.107284 0.156996 
2738.071733 0.156410 
2739.036182 0.155726 
2740.000632 0.155062 
2740.965081 0.154252 
2741.929530 0.153413 
2742.893980 0.152453 
2743.858429 0.151621 
2744.822879 0.150831 
2745.787328 0.150138 
2746.751777 0.149562 
2747.716227 0.149080 
2748.680676 0.148600 
2749.645125 0.148284 
2750.609575 0.148012 
2751.574024 0.147829 
2752.538473 0.147608 
2753.502923 0.147436 
2754.467372 0.147277 
2755.431822 0.147186 
2756.396271 0.147076 
2757.360720 0.147109 
2758.325170 0.147240 
2759.289619 0.147472 
2760.254068 0.147775 
2761.218518 0.148227 
2762.182967 0.148767 
2763.147416 0.149414 
2764.111866 0.150133 
2765.076315 0.150986 
2766.040764 0.151892 
2767.005214 0.152943 
2767.969663 0.154088 
2768.934113 0.155306 
2769.898562 0.156565 
2770.863011 0.157983 
2771.827461 0.159435 
2772.791910 0.160985 
2773.756359 0.162650 
2774.720809 0.164554 
2775.685258 0.166553 
2776.649707 0.168795 
2777.614157 0.171209 
2778.578606 0.173912 
2779.543056 0.177024 
2780.507505 0.180565 
2781.471954 0.184338 
2782.436404 0.188633 
2783.400853 0.193396 
2784.365302 0.198600 
2785.329752 0.204105 
2786.294201 0.210004 
2787.258650 0.216177 
2788.223100 0.222571 
2789.187549 0.228978 
2790.151998 0.235562 
2791.116448 0.241833 
2792.080897 0.247844 
2793.045347 0.253259 
2794.009796 0.257917 
2794.974245 0.261200 
2795.938695 0.263249 
2796.903144 0.263656 
2797.867593 0.262473 
2798.832043 0.259643 
2799.796492 0.255605 
2800.760941 0.250471 
2801.725391 0.244828 
2802.689840 0.238868 
2803.654290 0.233182 
2804.618739 0.227724 
2805.583188 0.222822 
2806.547638 0.218551 
2807.512087 0.215136 
2808.476536 0.212349 
2809.440986 0.210290 
2810.405435 0.208875 
2811.369884 0.208172 
2812.334334 0.207909 
2813.298783 0.208214 
2814.263232 0.208867 
2815.227682 0.209936 
2816.192131 0.211311 
2817.156581 0.213267 
2818.121030 0.215671 
2819.085479 0.218586 
2820.049929 0.221901 
2821.014378 0.225821 
2821.978827 0.230252 
2822.943277 0.235353 
2823.907726 0.241016 
2824.872175 0.247375 
2825.836625 0.254198 
2826.801074 0.261683 
2827.765524 0.269539 
2828.729973 0.278009 
2829.694422 0.286899 
2830.658872 0.296353 
2831.623321 0.306225 
2832.587770 0.317187 
2833.552220 0.329178 
2834.516669 0.342650 
2835.481118 0.357690 
2836.445568 0.374735 
2837.410017 0.393264 
2838.374466 0.414221 
2839.338916 0.437474 
2840.303365 0.463122 
2841.267815 0.490277 
2842.232264 0.519043 
2843.196713 0.547992 
2844.161163 0.576829 
2845.125612 0.604234 
2846.090061 0.631278 
2847.054511 0.657369 
2848.018960 0.684635 
2848.983409 0.712566 
2849.947859 0.742019 
2850.912308 0.771316 
2851.876758 0.801766 
2852.841207 0.831110 
2853.805656 0.860389 
2854.770106 0.887364 
2855.734555 0.913714 
2856.699004 0.937278 
2857.663454 0.960986 
2858.627903 0.981688 
2859.592352 1.003141 
2860.556802 1.024151 
2861.521251 1.046175 
2862.485700 1.064460 
2863.450150 1.080939 
2864.414599 1.091005 
2865.379049 1.097096 
2866.343498 1.094663 
2867.307947 1.089745 
2868.272397 1.080132 
2869.236846 1.072979 
2870.201295 1.068169 
2871.165745 1.071381 
2872.130194 1.077619 
2873.094643 1.084578 
2874.059093 1.079119 
2875.023542 1.054214 
2875.987992 1.004672 
2876.952441 0.941300 
2877.916890 0.871606 
2878.881340 0.805764 
2879.845789 0.746255 
2880.810238 0.695560 
2881.774688 0.651883 
2882.739137 0.615599 
2883.703586 0.584999 
2884.668036 0.560281 
2885.632485 0.539868 
2886.596934 0.524131 
2887.561384 0.511894 
2888.525833 0.503223 
2889.490283 0.497041 
2890.454732 0.493582 
2891.419181 0.492134 
2892.383631 0.493294 
2893.348080 0.496103 
2894.312529 0.500678 
2895.276979 0.505898 
2896.241428 0.512526 
2897.205877 0.520001 
2898.170327 0.528676 
2899.134776 0.537711 
2900.099226 0.547710 
2901.063675 0.557618 
2902.028124 0.567705 
2902.992574 0.577125 
2903.957023 0.587334 
2904.921472 0.598197 
2905.885922 0.610818 
2906.850371 0.624311 
2907.814820 0.639328 
2908.779270 0.654606 
2909.743719 0.670839 
2910.708168 0.685992 
2911.672618 0.700245 
2912.637067 0.711620 
2913.601517 0.721376 
2914.565966 0.728511 
2915.530415 0.734723 
2916.494865 0.740064 
2917.459314 0.747746 
2918.423763 0.757083 
2919.388213 0.770294 
2920.352662 0.786881 
2921.317111 0.808831 
2922.281561 0.835344 
2923.246010 0.868061 
2924.210460 0.904084 
2925.174909 0.944880 
2926.139358 0.987495 
2927.103808 1.033101 
2928.068257 1.076601 
2929.032706 1.119797 
2929.997156 1.161251 
2930.961605 1.203346 
2931.926054 1.236684 
2932.890504 1.264004 
2933.854953 1.278157 
2934.819402 1.279439 
2935.783852 1.260711 
2936.748301 1.230331 
2937.712751 1.187348 
2938.677200 1.141809 
2939.641649 1.094330 
2940.606099 1.051185 
2941.570548 1.009625 
2942.534997 0.973556 
2943.499447 0.942177 
2944.463896 0.919320 
2945.428345 0.901733 
2946.392795 0.891383 
2947.357244 0.888012 
2948.321694 0.893901 
2949.286143 0.907049 
2950.250592 0.929900 
2951.215042 0.960629 
2952.179491 1.003230 
2953.143940 1.057354 
2954.108390 1.124444 
2955.072839 1.196931 
2956.037288 1.276192 
2957.001738 1.351064 
2957.966187 1.419267 
2958.930636 1.468125 
2959.895086 1.501618 
2960.859535 1.506825 
2961.823985 1.493410 
2962.788434 1.457960 
2963.752883 1.412061 
2964.717333 1.346621 
2965.681782 1.270823 
2966.646231 1.184220 
2967.610681 1.097252 
2968.575130 1.008343 
2969.539579 0.923391 
2970.504029 0.842423 
2971.468478 0.768941 
2972.432928 0.701526 
2973.397377 0.641308 
2974.361826 0.587264 
2975.326276 0.540341 
2976.290725 0.498780 
2977.255174 0.462385 
2978.219624 0.430021 
2979.184073 0.401949 
2980.148522 0.377285 
2981.112972 0.355842 
2982.077421 0.336598 
2983.041870 0.319611 
2984.006320 0.304303 
2984.970769 0.290528 
2985.935219 0.277991 
2986.899668 0.266885 
2987.864117 0.256687 
2988.828567 0.247597 
2989.793016 0.239253 
2990.757465 0.231694 
2991.721915 0.224767 
2992.686364 0.218666 
2993.650813 0.213152 
2994.615263 0.208221 
2995.579712 0.203586 
2996.544162 0.199255 
2997.508611 0.195183 
2998.473060 0.191594 
2999.437510 0.188241 
3000.401959 0.185194 
3001.366408 0.182330 
3002.330858 0.179749 
3003.295307 0.177112 
3004.259756 0.174630 
3005.224206 0.172417 
3006.188655 0.170415 
3007.153104 0.168404 
3008.117554 0.166559 
3009.082003 0.164791 
3010.046453 0.163179 
3011.010902 0.161554 
3011.975351 0.160115 
3012.939801 0.158604 
3013.904250 0.157117 
3014.868699 0.155835 
3015.833149 0.154686 
3016.797598 0.153430 
3017.762047 0.152299 
3018.726497 0.151166 
3019.690946 0.150081 
3020.655396 0.149112 
3021.619845 0.148233 
3022.584294 0.147303 
3023.548744 0.146389 
3024.513193 0.145401 
3025.477642 0.144507 
3026.442092 0.143699 
3027.406541 0.142908 
3028.370990 0.142115 
3029.335440 0.141386 
3030.299889 0.140656 
3031.264338 0.140055 
3032.228788 0.139389 
3033.193237 0.138653 
3034.157687 0.137991 
3035.122136 0.137374 
3036.086585 0.136836 
3037.051035 0.136332 
3038.015484 0.135729 
3038.979933 0.135214 
3039.944383 0.134657 
3040.908832 0.134124 
3041.873281 0.133598 
3042.837731 0.133105 
3043.802180 0.132653 
3044.766630 0.132189 
3045.731079 0.131628 
3046.695528 0.131192 
3047.659978 0.130811 
3048.624427 0.130479 
3049.588876 0.130092 
3050.553326 0.129747 
3051.517775 0.129382 
3052.482224 0.129032 
3053.446674 0.128698 
3054.411123 0.128378 
3055.375572 0.128062 
3056.340022 0.127832 
3057.304471 0.127431 
3058.268921 0.127104 
3059.233370 0.126879 
3060.197819 0.126669 
3061.162269 0.126468 
3062.126718 0.126313 
3063.091167 0.126046 
3064.055617 0.125762 
3065.020066 0.125582 
3065.984515 0.125431 
3066.948965 0.125178 
3067.913414 0.124873 
3068.877864 0.124685 
3069.842313 0.124621 
3070.806762 0.124487 
3071.771212 0.124307 
3072.735661 0.124123 
3073.700110 0.123994 
3074.664560 0.123949 
3075.629009 0.123929 
3076.593458 0.123781 
3077.557908 0.123678 
3078.522357 0.123552 
3079.486806 0.123504 
3080.451256 0.123403 
3081.415705 0.123372 
3082.380155 0.123399 
3083.344604 0.123344 
3084.309053 0.123207 
3085.273503 0.123085 
3086.237952 0.123021 
3087.202401 0.122970 
3088.166851 0.122964 
3089.131300 0.122929 
3090.095749 0.122762 
3091.060199 0.122643 
3092.024648 0.122591 
3092.989098 0.122565 
3093.953547 0.122483 
3094.917996 0.122425 
3095.882446 0.122430 
3096.846895 0.122494 
3097.811344 0.122557 
3098.775794 0.122525 
3099.740243 0.122380 
3100.704692 0.122249 
3101.669142 0.122271 
3102.633591 0.122310 
3103.598040 0.122278 
3104.562490 0.122269 
3105.526939 0.122302 
3106.491389 0.122303 
3107.455838 0.122339 
3108.420287 0.122325 
3109.384737 0.122310 
3110.349186 0.122340 
3111.313635 0.122324 
3112.278085 0.122380 
3113.242534 0.122377 
3114.206983 0.122424 
3115.171433 0.122429 
3116.135882 0.122466 
3117.100332 0.122400 
3118.064781 0.122418 
3119.029230 0.122476 
3119.993680 0.122395 
3120.958129 0.122260 
3121.922578 0.122335 
3122.887028 0.122426 
3123.851477 0.122455 
3124.815926 0.122524 
3125.780376 0.122574 
3126.744825 0.122636 
3127.709274 0.122663 
3128.673724 0.122598 
3129.638173 0.122525 
3130.602623 0.122554 
3131.567072 0.122611 
3132.531521 0.122642 
3133.495971 0.122632 
3134.460420 0.122677 
3135.424869 0.122771 
3136.389319 0.122828 
3137.353768 0.122851 
3138.318217 0.122820 
3139.282667 0.122836 
3140.247116 0.122746 
3141.211566 0.122777 
3142.176015 0.122859 
3143.140464 0.122977 
3144.104914 0.123034 
3145.069363 0.123020 
3146.033812 0.123029 
3146.998262 0.123098 
3147.962711 0.123109 
3148.927160 0.123067 
3149.891610 0.123169 
3150.856059 0.123352 
3151.820508 0.123358 
3152.784958 0.123283 
3153.749407 0.123241 
3154.713857 0.123344 
3155.678306 0.123496 
3156.642755 0.123557 
3157.607205 0.123547 
3158.571654 0.123596 
3159.536103 0.123646 
3160.500553 0.123680 
3161.465002 0.123811 
3162.429451 0.123941 
3163.393901 0.123976 
3164.358350 0.124009 
3165.322800 0.124149 
3166.287249 0.124255 
3167.251698 0.124277 
3168.216148 0.124349 
3169.180597 0.124451 
3170.145046 0.124589 
3171.109496 0.124642 
3172.073945 0.124771 
3173.038394 0.124866 
3174.002844 0.124963 
3174.967293 0.125031 
3175.931742 0.125103 
3176.896192 0.125181 
3177.860641 0.125381 
3178.825091 0.125459 
3179.789540 0.125525 
3180.753989 0.125642 
3181.718439 0.125801 
3182.682888 0.125903 
3183.647337 0.125966 
3184.611787 0.126075 
3185.576236 0.126247 
3186.540685 0.126320 
3187.505135 0.126422 
3188.469584 0.126417 
3189.434034 0.126473 
3190.398483 0.126669 
3191.362932 0.126811 
3192.327382 0.126825 
3193.291831 0.126894 
3194.256280 0.126962 
3195.220730 0.127067 
3196.185179 0.127107 
3197.149628 0.127134 
3198.114078 0.127278 
3199.078527 0.127338 
3200.042976 0.127422 
3201.007426 0.127484 
3201.971875 0.127448 
3202.936325 0.127448 
3203.900774 0.127549 
3204.865223 0.127628 
3205.829673 0.127566 
3206.794122 0.127518 
3207.758571 0.127538 
3208.723021 0.127507 
3209.687470 0.127526 
3210.651919 0.127556 
3211.616369 0.127611 
3212.580818 0.127653 
3213.545268 0.127609 
3214.509717 0.127493 
3215.474166 0.127399 
3216.438616 0.127519 
3217.403065 0.127540 
3218.367514 0.127514 
3219.331964 0.127538 
3220.296413 0.127572 
3221.260862 0.127571 
3222.225312 0.127624 
3223.189761 0.127646 
3224.154210 0.127638 
3225.118660 0.127613 
3226.083109 0.127635 
3227.047559 0.127714 
3228.012008 0.127764 
3228.976457 0.127745 
3229.940907 0.127752 
3230.905356 0.127783 
3231.869805 0.127904 
3232.834255 0.127871 
3233.798704 0.127762 
3234.763153 0.127836 
3235.727603 0.127904 
3236.692052 0.127942 
3237.656502 0.127978 
3238.620951 0.128046 
3239.585400 0.128141 
3240.549850 0.128160 
3241.514299 0.128186 
3242.478748 0.128256 
3243.443198 0.128280 
3244.407647 0.128371 
3245.372096 0.128492 
3246.336546 0.128493 
3247.300995 0.128537 
3248.265444 0.128615 
3249.229894 0.128693 
3250.194343 0.128782 
3251.158793 0.128884 
3252.123242 0.128867 
3253.087691 0.128956 
3254.052141 0.129164 
3255.016590 0.129183 
3255.981039 0.129174 
3256.945489 0.129328 
3257.909938 0.129461 
3258.874387 0.129503 
3259.838837 0.129517 
3260.803286 0.129645 
3261.767736 0.129732 
3262.732185 0.129924 
3263.696634 0.130038 
3264.661084 0.130096 
3265.625533 0.130166 
3266.589982 0.130199 
3267.554432 0.130325 
3268.518881 0.130539 
3269.483330 0.130600 
3270.447780 0.130579 
3271.412229 0.130512 
3272.376678 0.130630 
3273.341128 0.130890 
3274.305577 0.130991 
3275.270027 0.130965 
3276.234476 0.131153 
3277.198925 0.131282 
3278.163375 0.131413 
3279.127824 0.131556 
3280.092273 0.131633 
3281.056723 0.131694 
3282.021172 0.131916 
3282.985621 0.132104 
3283.950071 0.132251 
3284.914520 0.132311 
3285.878970 0.132406 
3286.843419 0.132487 
3287.807868 0.132583 
3288.772318 0.132736 
3289.736767 0.132970 
3290.701216 0.133234 
3291.665666 0.133280 
3292.630115 0.133292 
3293.594564 0.133553 
3294.559014 0.133726 
3295.523463 0.133774 
3296.487912 0.133856 
3297.452362 0.134066 
3298.416811 0.134309 
3299.381261 0.134498 
3300.345710 0.134665 
3301.310159 0.134842 
3302.274609 0.134949 
3303.239058 0.135114 
3304.203507 0.135274 
3305.167957 0.135434 
3306.132406 0.135577 
3307.096855 0.135730 
3308.061305 0.135876 
3309.025754 0.136030 
3309.990204 0.136250 
3310.954653 0.136452 
3311.919102 0.136576 
3312.883552 0.136818 
3313.848001 0.137027 
3314.812450 0.137248 
3315.776900 0.137372 
3316.741349 0.137514 
3317.705798 0.137716 
3318.670248 0.138048 
3319.634697 0.138295 
3320.599146 0.138497 
3321.563596 0.138655 
3322.528045 0.138787 
3323.492495 0.138901 
3324.456944 0.139181 
3325.421393 0.139372 
3326.385843 0.139534 
3327.350292 0.139745 
3328.314741 0.139950 
3329.279191 0.140083 
3330.243640 0.140328 
3331.208089 0.140509 
3332.172539 0.140719 
3333.136988 0.140884 
3334.101438 0.141170 
3335.065887 0.141316 
3336.030336 0.141430 
3336.994786 0.141601 
3337.959235 0.141627 
3338.923684 0.141751 
3339.888134 0.142035 
3340.852583 0.142260 
3341.817032 0.142390 
3342.781482 0.142459 
3343.745931 0.142640 
3344.710380 0.142832 
3345.674830 0.143109 
3346.639279 0.143329 
3347.603729 0.143496 
3348.568178 0.143669 
3349.532627 0.143804 
3350.497077 0.143822 
3351.461526 0.143876 
3352.425975 0.144051 
3353.390425 0.144291 
3354.354874 0.144461 
3355.319323 0.144732 
3356.283773 0.144992 
3357.248222 0.145158 
3358.212672 0.145239 
3359.177121 0.145359 
3360.141570 0.145479 
3361.106020 0.145699 
3362.070469 0.145934 
3363.034918 0.146045 
3363.999368 0.146236 
3364.963817 0.146426 
3365.928266 0.146477 
3366.892716 0.146682 
3367.857165 0.146992 
3368.821614 0.147081 
3369.786064 0.147178 
3370.750513 0.147337 
3371.714963 0.147461 
3372.679412 0.147585 
3373.643861 0.147786 
3374.608311 0.148045 
3375.572760 0.148181 
3376.537209 0.148241 
3377.501659 0.148412 
3378.466108 0.148750 
3379.430557 0.148886 
3380.395007 0.149020 
3381.359456 0.149198 
3382.323906 0.149430 
3383.288355 0.149630 
3384.252804 0.149808 
3385.217254 0.149992 
3386.181703 0.150150 
3387.146152 0.150194 
3388.110602 0.150317 
3389.075051 0.150473 
3390.039500 0.150712 
3391.003950 0.150814 
3391.968399 0.150964 
3392.932848 0.151350 
3393.897298 0.151433 
3394.861747 0.151397 
3395.826197 0.151594 
3396.790646 0.152061 
3397.755095 0.152355 
3398.719545 0.152310 
3399.683994 0.152387 
3400.648443 0.152518 
3401.612893 0.152701 
3402.577342 0.152818 
3403.541791 0.153072 
3404.506241 0.153280 
3405.470690 0.153507 
3406.435140 0.153763 
3407.399589 0.154022 
3408.364038 0.154019 
3409.328488 0.154106 
3410.292937 0.154372 
3411.257386 0.154628 
3412.221836 0.154773 
3413.186285 0.154857 
3414.150734 0.155035 
3415.115184 0.155262 
3416.079633 0.155427 
3417.044082 0.155589 
3418.008532 0.155849 
3418.972981 0.156086 
3419.937431 0.156429 
3420.901880 0.156697 
3421.866329 0.156819 
3422.830779 0.157057 
3423.795228 0.157209 
3424.759677 0.157350 
3425.724127 0.157457 
3426.688576 0.157603 
3427.653025 0.157798 
3428.617475 0.158087 
3429.581924 0.158237 
3430.546374 0.158401 
3431.510823 0.158634 
3432.475272 0.158947 
3433.439722 0.159139 
3434.404171 0.159202 
3435.368620 0.159385 
3436.333070 0.159679 
3437.297519 0.159876 
3438.261968 0.160178 
3439.226418 0.160509 
3440.190867 0.160680 
3441.155316 0.160842 
3442.119766 0.161345 
3443.084215 0.161530 
3444.048665 0.161490 
3445.013114 0.161805 
3445.977563 0.162106 
3446.942013 0.162759 
3447.906462 0.162787 
3448.870911 0.162742 
3449.835361 0.163077 
3450.799810 0.163282 
3451.764259 0.163484 
3452.728709 0.163719 
3453.693158 0.163994 
3454.657608 0.164233 
3455.622057 0.164541 
3456.586506 0.164780 
3457.550956 0.165022 
3458.515405 0.165279 
3459.479854 0.165449 
3460.444304 0.165661 
3461.408753 0.165918 
3462.373202 0.166204 
3463.337652 0.166436 
3464.302101 0.166485 
3465.266550 0.166643 
3466.231000 0.166805 
3467.195449 0.167021 
3468.159899 0.167048 
3469.124348 0.167147 
3470.088797 0.167316 
3471.053247 0.167679 
3472.017696 0.167865 
3472.982145 0.168017 
3473.946595 0.168124 
3474.911044 0.168235 
3475.875493 0.168057 
3476.839943 0.168133 
3477.804392 0.168324 
3478.768842 0.168352 
3479.733291 0.168423 
3480.697740 0.168520 
3481.662190 0.168537 
3482.626639 0.168556 
3483.591088 0.168165 
3484.555538 0.168194 
3485.519987 0.168110 
3486.484436 0.167784 
3487.448886 0.167768 
3488.413335 0.167920 
3489.377784 0.167354 
3490.342234 0.167215 
3491.306683 0.167002 
3492.271133 0.166612 
3493.235582 0.166329 
3494.200031 0.166077 
3495.164481 0.165725 
3496.128930 0.165558 
3497.093379 0.165202 
3498.057829 0.164690 
3499.022278 0.164319 
3499.986727 0.164042 
3500.951177 0.163747 
3501.915626 0.163643 
3502.880076 0.163298 
3503.844525 0.162423 
3504.808974 0.161574 
3505.773424 0.160943 
3506.737873 0.160408 
3507.702322 0.159783 
3508.666772 0.159486 
3509.631221 0.159469 
3510.595670 0.158336 
3511.560120 0.157475 
3512.524569 0.156706 
3513.489018 0.156009 
3514.453468 0.155341 
3515.417917 0.154898 
3516.382367 0.154227 
3517.346816 0.153536 
3518.311265 0.152809 
3519.275715 0.152267 
3520.240164 0.151546 
3521.204613 0.150812 
3522.169063 0.150361 
3523.133512 0.150363 
3524.097961 0.149541 
3525.062411 0.148623 
3526.026860 0.147745 
3526.991310 0.147266 
3527.955759 0.146514 
3528.920208 0.145778 
3529.884658 0.144774 
3530.849107 0.144297 
3531.813556 0.143723 
3532.778006 0.142876 
3533.742455 0.142278 
3534.706904 0.141706 
3535.671354 0.141513 
3536.635803 0.141309 
3537.600252 0.140164 
3538.564702 0.139469 
3539.529151 0.138933 
3540.493601 0.138479 
3541.458050 0.137738 
3542.422499 0.137148 
3543.386949 0.136700 
3544.351398 0.136751 
3545.315847 0.136691 
3546.280297 0.135991 
3547.244746 0.135721 
3548.209195 0.134445 
3549.173645 0.133615 
3550.138094 0.133184 
3551.102544 0.132675 
3552.066993 0.132674 
3553.031442 0.132235 
3553.995892 0.131852 
3554.960341 0.131069 
3555.924790 0.130591 
3556.889240 0.130423 
3557.853689 0.129994 
3558.818138 0.129493 
3559.782588 0.129775 
3560.747037 0.129273 
3561.711486 0.128477 
3562.675936 0.128230 
3563.640385 0.127884 
3564.604835 0.127283 
3565.569284 0.128298 
3566.533733 0.128770 
3567.498183 0.127964 
3568.462632 0.127824 
3569.427081 0.125728 
3570.391531 0.125554 
3571.355980 0.125242 
3572.320429 0.124851 
3573.284879 0.124686 
3574.249328 0.124568 
3575.213778 0.124216 
3576.178227 0.123897 
3577.142676 0.123843 
3578.107126 0.123436 
3579.071575 0.123406 
3580.036024 0.123514 
3581.000474 0.122977 
3581.964923 0.122492 
3582.929372 0.122364 
3583.893822 0.122117 
3584.858271 0.121322 
3585.822720 0.121397 
3586.787170 0.122432 
3587.751619 0.121925 
3588.716069 0.122295 
3589.680518 0.120616 
3590.644967 0.120277 
3591.609417 0.120121 
3592.573866 0.120352 
3593.538315 0.120290 
3594.502765 0.119672 
3595.467214 0.120326 
3596.431663 0.119567 
3597.396113 0.119109 
3598.360562 0.119400 
3599.325012 0.118873 
3600.289461 0.118860 
3601.253910 0.119033 
3602.218360 0.118753 
3603.182809 0.118755 
3604.147258 0.118479 
3605.111708 0.118149 
3606.076157 0.118317 
3607.040606 0.119441 
3608.005056 0.118511 
3608.969505 0.119354 
3609.933954 0.119147 
3610.898404 0.117869 
3611.862853 0.118991 
3612.827303 0.119800 
3613.791752 0.118992 
3614.756201 0.120067 
3615.720651 0.119456 
3616.685100 0.119302 
3617.649549 0.120615 
3618.613999 0.120331 
3619.578448 0.121470 
3620.542897 0.121604 
3621.507347 0.121764 
3622.471796 0.122222 
3623.436246 0.122880 
3624.400695 0.123037 
3625.365144 0.123583 
3626.329594 0.124037 
3627.294043 0.123714 
3628.258492 0.125078 
3629.222942 0.126968 
3630.187391 0.125443 
3631.151840 0.124950 
3632.116290 0.125184 
3633.080739 0.125847 
3634.045188 0.126831 
3635.009638 0.126464 
3635.974087 0.126589 
3636.938537 0.126787 
3637.902986 0.127110 
3638.867435 0.127023 
3639.831885 0.126920 
3640.796334 0.126806 
3641.760783 0.126686 
3642.725233 0.126232 
3643.689682 0.124958 
3644.654131 0.123839 
3645.618581 0.122637 
3646.583030 0.122674 
3647.547480 0.121182 
3648.511929 0.118952 
3649.476378 0.118625 
3650.440828 0.117133 
3651.405277 0.116876 
3652.369726 0.115733 
3653.334176 0.115951 
3654.298625 0.115369 
3655.263074 0.115121 
3656.227524 0.115958 
3657.191973 0.114419 
3658.156422 0.113725 
3659.120872 0.114076 
3660.085321 0.114050 
3661.049771 0.113791 
3662.014220 0.113718 
3662.978669 0.113823 
3663.943119 0.113687 
3664.907568 0.113540 
3665.872017 0.113466 
3666.836467 0.113154 
3667.800916 0.113090 
3668.765365 0.113324 
3669.729815 0.112242 
3670.694264 0.113940 
3671.658714 0.112771 
3672.623163 0.112549 
3673.587612 0.113065 
3674.552062 0.113985 
3675.516511 0.114438 
3676.480960 0.113573 
3677.445410 0.113363 
3678.409859 0.114024 
3679.374308 0.115262 
3680.338758 0.115398 
3681.303207 0.115453 
3682.267656 0.115980 
3683.232106 0.116169 
3684.196555 0.116579 
3685.161005 0.116565 
3686.125454 0.116210 
3687.089903 0.115798 
3688.054353 0.116806 
3689.018802 0.114843 
3689.983251 0.113182 
3690.947701 0.114831 
3691.912150 0.113766 
3692.876599 0.113051 
3693.841049 0.113313 
3694.805498 0.112905 
3695.769948 0.112638 
3696.734397 0.112528 
3697.698846 0.111991 
3698.663296 0.111674 
3699.627745 0.111380 
3700.592194 0.110946 
3701.556644 0.111975 
3702.521093 0.111116 
3703.485542 0.110306 
3704.449992 0.110670 
3705.414441 0.110774 
3706.378890 0.110827 
3707.343340 0.110359 
3708.307789 0.109950 
3709.272239 0.110525 
3710.236688 0.109507 
3711.201137 0.109706 
3712.165587 0.111482 
3713.130036 0.109671 
3714.094485 0.109912 
3715.058935 0.110742 
3716.023384 0.110302 
3716.987833 0.109837 
3717.952283 0.109729 
3718.916732 0.110399 
3719.881182 0.109670 
3720.845631 0.109011 
3721.810080 0.110132 
3722.774530 0.110374 
3723.738979 0.109249 
3724.703428 0.109857 
3725.667878 0.110012 
3726.632327 0.110360 
3727.596776 0.109691 
3728.561226 0.109214 
3729.525675 0.109080 
3730.490124 0.108612 
3731.454574 0.108895 
3732.419023 0.109159 
3733.383473 0.107135 
3734.347922 0.109576 
3735.312371 0.110748 
3736.276821 0.109470 
3737.241270 0.108857 
3738.205719 0.108892 
3739.170169 0.108820 
3740.134618 0.108945 
3741.099067 0.109813 
3742.063517 0.108548 
3743.027966 0.107872 
3743.992416 0.110047 
3744.956865 0.110553 
3745.921314 0.107372 
3746.885764 0.108373 
3747.850213 0.108554 
3748.814662 0.109280 
3749.779112 0.109564 
3750.743561 0.106778 
3751.708010 0.108801 
3752.672460 0.109449 
3753.636909 0.108578 
3754.601358 0.108798 
3755.565808 0.109026 
3756.530257 0.109618 
3757.494707 0.108698 
3758.459156 0.108792 
3759.423605 0.110349 
3760.388055 0.109154 
3761.352504 0.108499 
3762.316953 0.109056 
3763.281403 0.109111 
3764.245852 0.108876 
3765.210301 0.109709 
3766.174751 0.109841 
3767.139200 0.109014 
3768.103650 0.109048 
3769.068099 0.109284 
3770.032548 0.110062 
3770.996998 0.108768 
3771.961447 0.108987 
3772.925896 0.109186 
3773.890346 0.109342 
3774.854795 0.109466 
3775.819244 0.109457 
3776.783694 0.109259 
3777.748143 0.108972 
3778.712592 0.109051 
3779.677042 0.109619 
3780.641491 0.108698 
3781.605941 0.109083 
3782.570390 0.109279 
3783.534839 0.109245 
3784.499289 0.109704 
3785.463738 0.109653 
3786.428187 0.109528 
3787.392637 0.109534 
3788.357086 0.109495 
3789.321535 0.109629 
3790.285985 0.109435 
3791.250434 0.109418 
3792.214884 0.109442 
3793.179333 0.109534 
3794.143782 0.109397 
3795.108232 0.109232 
3796.072681 0.109848 
3797.037130 0.109706 
3798.001580 0.109268 
3798.966029 0.109297 
3799.930478 0.109021 
3800.894928 0.110413 
3801.859377 0.109812 
3802.823826 0.108941 
3803.788276 0.109191 
3804.752725 0.109348 
3805.717175 0.109387 
3806.681624 0.110689 
3807.646073 0.109842 
3808.610523 0.109063 
3809.574972 0.109908 
3810.539421 0.110263 
3811.503871 0.110422 
3812.468320 0.110414 
3813.432769 0.110402 
3814.397219 0.109764 
3815.361668 0.110460 
3816.326118 0.111412 
3817.290567 0.109346 
3818.255016 0.109940 
3819.219466 0.110220 
3820.183915 0.110388 
3821.148364 0.111044 
3822.112814 0.109949 
3823.077263 0.109695 
3824.041712 0.110468 
3825.006162 0.110468 
3825.970611 0.110837 
3826.935060 0.111198 
3827.899510 0.110786 
3828.863959 0.110977 
3829.828409 0.110839 
3830.792858 0.111203 
3831.757307 0.112283 
3832.721757 0.110856 
3833.686206 0.110564 
3834.650655 0.111898 
3835.615105 0.110965 
3836.579554 0.109691 
3837.544003 0.112085 
3838.508453 0.110859 
3839.472902 0.110186 
3840.437352 0.112035 
3841.401801 0.111582 
3842.366250 0.110489 
3843.330700 0.111863 
3844.295149 0.111746 
3845.259598 0.110865 
3846.224048 0.111199 
3847.188497 0.111252 
3848.152946 0.111261 
3849.117396 0.111754 
3850.081845 0.111435 
3851.046294 0.111007 
3852.010744 0.111836 
3852.975193 0.109797 
3853.939643 0.112434 
3854.904092 0.110785 
3855.868541 0.109671 
3856.832991 0.111662 
3857.797440 0.111717 
3858.761889 0.110921 
3859.726339 0.110964 
3860.690788 0.111095 
3861.655237 0.112113 
3862.619687 0.111129 
3863.584136 0.110470 
3864.548586 0.111959 
3865.513035 0.111865 
3866.477484 0.110654 
3867.441934 0.110872 
3868.406383 0.111142 
3869.370832 0.112678 
3870.335282 0.112294 
3871.299731 0.110750 
3872.264180 0.110346 
3873.228630 0.111048 
3874.193079 0.112415 
3875.157528 0.110666 
3876.121978 0.110561 
3877.086427 0.111105 
3878.050877 0.110956 
3879.015326 0.110797 
3879.979775 0.112456 
3880.944225 0.112217 
3881.908674 0.110420 
3882.873123 0.111309 
3883.837573 0.111323 
3884.802022 0.111232 
3885.766471 0.112877 
3886.730921 0.110734 
3887.695370 0.110329 
3888.659820 0.110847 
3889.624269 0.110672 
3890.588718 0.111420 
3891.553168 0.112470 
3892.517617 0.110662 
3893.482066 0.111039 
3894.446516 0.111594 
3895.410965 0.111318 
3896.375414 0.111156 
3897.339864 0.111058 
3898.304313 0.111479 
3899.268762 0.112757 
3900.233212 0.110555 
3901.197661 0.111313 
3902.162111 0.112643 
3903.126560 0.110786 
3904.091009 0.112073 
3905.055459 0.111677 
3906.019908 0.111854 
3906.984357 0.111282 
3907.948807 0.110990 
3908.913256 0.111170 
3909.877705 0.111215 
3910.842155 0.111222 
3911.806604 0.111183 
3912.771054 0.111140 
3913.735503 0.111208 
3914.699952 0.111161 
3915.664402 0.111492 
3916.628851 0.112743 
3917.593300 0.112423 
3918.557750 0.110994 
3919.522199 0.111843 
3920.486648 0.112204 
3921.451098 0.111009 
3922.415547 0.111009 
3923.379996 0.111545 
3924.344446 0.112188 
3925.308895 0.112083 
3926.273345 0.111200 
3927.237794 0.111031 
3928.202243 0.111309 
3929.166693 0.111673 
3930.131142 0.111888 
3931.095591 0.111998 
3932.060041 0.113084 
3933.024490 0.112709 
3933.988939 0.112068 
3934.953389 0.111937 
3935.917838 0.111653 
3936.882288 0.111787 
3937.846737 0.112168 
3938.811186 0.112340 
3939.775636 0.112088 
3940.740085 0.111975 
3941.704534 0.112487 
3942.668984 0.113729 
3943.633433 0.113090 
3944.597882 0.112748 
3945.562332 0.112605 
3946.526781 0.112860 
3947.491230 0.113749 
3948.455680 0.113471 
3949.420129 0.113573 
3950.384579 0.113884 
3951.349028 0.113078 
3952.313477 0.113261 
3953.277927 0.113434 
3954.242376 0.113435 
3955.206825 0.113589 
3956.171275 0.113891 
3957.135724 0.114161 
3958.100173 0.114178 
3959.064623 0.114200 
3960.029072 0.114203 
3960.993522 0.114338 
3961.957971 0.114776 
3962.922420 0.114400 
3963.886870 0.114338 
3964.851319 0.114470 
3965.815768 0.114513 
3966.780218 0.114547 
3967.744667 0.114568 
3968.709116 0.114891 
3969.673566 0.115021 
3970.638015 0.114884 
3971.602464 0.115111 
3972.566914 0.115300 
3973.531363 0.115269 
3974.495813 0.115411 
3975.460262 0.115898 
3976.424711 0.116050 
3977.389161 0.115767 
3978.353610 0.115597 
3979.318059 0.115745 
3980.282509 0.115931 
3981.246958 0.116116 
3982.211407 0.116314 
3983.175857 0.116222 
3984.140306 0.116041 
3985.104756 0.116202 
3986.069205 0.116335 
3987.033654 0.116319 
3987.998104 0.116372 
3988.962553 0.116585 
3989.927002 0.116825 
3990.891452 0.116886 
3991.855901 0.116486 
3992.820350 0.116341 
3993.784800 0.116371 
3994.749249 0.116587 
3995.713698 0.116423 
3996.678148 0.116258 
3997.642597 0.116259 
3998.607047 0.116130 
3999.571496 0.116055 
4000.535945 0.116126 