##YUNITS=Abs
399.282035 0.146115 
400.246484 0.146316 
401.210934 0.131295 
402.175383 0.126748 
403.139832 0.126804 
404.104282 0.123519 
405.068731 0.119116 
406.033181 0.117294 
406.997630 0.116179 
407.962079 0.115428 
408.926529 0.113242 
409.890978 0.110276 
410.855427 0.106770 
411.819877 0.104773 
412.784326 0.104266 
413.748775 0.104796 
414.713225 0.101787 
415.677674 0.099339 
416.642124 0.101708 
417.606573 0.105971 
418.571022 0.105715 
419.535472 0.103274 
420.499921 0.098324 
421.464370 0.096213 
422.428820 0.095354 
423.393269 0.093526 
424.357718 0.089408 
425.322168 0.087742 
426.286617 0.087434 
427.251066 0.086748 
428.215516 0.086578 
429.179965 0.088141 
430.144415 0.088810 
431.108864 0.086267 
432.073313 0.084376 
433.037763 0.084331 
434.002212 0.084912 
434.966661 0.086127 
435.931111 0.086778 
436.895560 0.085313 
437.860009 0.084606 
438.824459 0.084547 
439.788908 0.084498 
440.753358 0.085432 
441.717807 0.084798 
442.682256 0.084381 
443.646706 0.086039 
444.611155 0.086223 
445.575604 0.086003 
446.540054 0.087016 
447.504503 0.085756 
448.468952 0.084078 
449.433402 0.083760 
450.397851 0.083458 
451.362300 0.083060 
452.326750 0.084197 
453.291199 0.083106 
454.255649 0.077962 
455.220098 0.075662 
456.184547 0.075811 
457.148997 0.077622 
458.113446 0.078938 
459.077895 0.075505 
460.042345 0.074239 
461.006794 0.075473 
461.971243 0.075390 
462.935693 0.074183 
463.900142 0.073550 
464.864592 0.073220 
465.829041 0.072857 
466.793490 0.073009 
467.757940 0.074813 
468.722389 0.075509 
469.686838 0.074447 
470.651288 0.074144 
471.615737 0.074245 
472.580186 0.075729 
473.544636 0.074854 
474.509085 0.073906 
475.473534 0.074007 
476.437984 0.074238 
477.402433 0.073525 
478.366883 0.072628 
479.331332 0.071890 
480.295781 0.071318 
481.260231 0.070532 
482.224680 0.069668 
483.189129 0.068855 
484.153579 0.068485 
485.118028 0.068163 
486.082477 0.067716 
487.046927 0.065440 
488.011376 0.062866 
488.975826 0.061554 
489.940275 0.060401 
490.904724 0.060856 
491.869174 0.061283 
492.833623 0.059203 
493.798072 0.057422 
494.762522 0.056830 
495.726971 0.055946 
496.691420 0.055048 
497.655870 0.054770 
498.620319 0.054429 
499.584768 0.053887 
500.549218 0.053867 
501.513667 0.054760 
502.478117 0.054836 
503.442566 0.053782 
504.407015 0.053494 
505.371465 0.052510 
506.335914 0.051853 
507.300363 0.052004 
508.264813 0.051357 
509.229262 0.051314 
510.193711 0.051453 
511.158161 0.050517 
512.122610 0.050033 
513.087060 0.050342 
514.051509 0.050637 
515.015958 0.050945 
515.980408 0.051654 
516.944857 0.052683 
517.909306 0.052075 
518.873756 0.051654 
519.838205 0.051708 
520.802654 0.051222 
521.767104 0.051056 
522.731553 0.051391 
523.696002 0.051293 
524.660452 0.051566 
525.624901 0.052171 
526.589351 0.052588 
527.553800 0.052666 
528.518249 0.053271 
529.482699 0.054532 
530.447148 0.057028 
531.411597 0.057762 
532.376047 0.056393 
533.340496 0.055292 
534.304945 0.054098 
535.269395 0.053658 
536.233844 0.053907 
537.198294 0.052576 
538.162743 0.051500 
539.127192 0.051006 
540.091642 0.050882 
541.056091 0.051264 
542.020540 0.050695 
542.984990 0.050765 
543.949439 0.050523 
544.913888 0.050501 
545.878338 0.050399 
546.842787 0.050331 
547.807236 0.050545 
548.771686 0.050182 
549.736135 0.050286 
550.700585 0.050170 
551.665034 0.049522 
552.629483 0.049349 
553.593933 0.049544 
554.558382 0.049915 
555.522831 0.049540 
556.487281 0.049409 
557.451730 0.049478 
558.416179 0.049610 
559.380629 0.049621 
560.345078 0.049458 
561.309528 0.049477 
562.273977 0.049739 
563.238426 0.049972 
564.202876 0.050118 
565.167325 0.050229 
566.131774 0.050604 
567.096224 0.050894 
568.060673 0.050676 
569.025122 0.050394 
569.989572 0.050224 
570.954021 0.050556 
571.918470 0.050585 
572.882920 0.049940 
573.847369 0.049650 
574.811819 0.049830 
575.776268 0.050992 
576.740717 0.050877 
577.705167 0.049818 
578.669616 0.049354 
579.634065 0.049516 
580.598515 0.050040 
581.562964 0.049473 
582.527413 0.048795 
583.491863 0.048924 
584.456312 0.049181 
585.420762 0.049109 
586.385211 0.049065 
587.349660 0.049586 
588.314110 0.050069 
589.278559 0.049450 
590.243008 0.048781 
591.207458 0.049273 
592.171907 0.049615 
593.136356 0.048968 
594.100806 0.049046 
595.065255 0.049224 
596.029704 0.049167 
596.994154 0.049283 
597.958603 0.049200 
598.923053 0.049089 
599.887502 0.049854 
600.851951 0.050185 
601.816401 0.049754 
602.780850 0.049628 
603.745299 0.049857 
604.709749 0.049954 
605.674198 0.049861 
606.638647 0.049884 
607.603097 0.049884 
608.567546 0.050167 
609.531996 0.050365 
610.496445 0.050510 
611.460894 0.050585 
612.425344 0.050549 
613.389793 0.050647 
614.354242 0.050989 
615.318692 0.051509 
616.283141 0.052001 
617.247590 0.052089 
618.212040 0.052602 
619.176489 0.053803 
620.140938 0.055179 
621.105388 0.055932 
622.069837 0.056175 
623.034287 0.057074 
623.998736 0.058331 
624.963185 0.059387 
625.927635 0.059729 
626.892084 0.059749 
627.856533 0.060358 
628.820983 0.061098 
629.785432 0.061710 
630.749881 0.061890 
631.714331 0.061001 
632.678780 0.058770 
633.643230 0.055828 
634.607679 0.053795 
635.572128 0.052819 
636.536578 0.051810 
637.501027 0.050999 
638.465476 0.050415 
639.429926 0.050417 
640.394375 0.050382 
641.358824 0.049985 
642.323274 0.049943 
643.287723 0.049933 
644.252172 0.049899 
645.216622 0.050213 
646.181071 0.050330 
647.145521 0.050012 
648.109970 0.050053 
649.074419 0.050152 
650.038869 0.050068 
651.003318 0.050430 
651.967767 0.050683 
652.932217 0.050487 
653.896666 0.050557 
654.861115 0.050615 
655.825565 0.050704 
656.790014 0.051151 
657.754464 0.051468 
658.718913 0.052001 
659.683362 0.052404 
660.647812 0.052406 
661.612261 0.052788 
662.576710 0.053225 
663.541160 0.053514 
664.505609 0.053790 
665.470058 0.054146 
666.434508 0.053536 
667.398957 0.049821 
668.363406 0.047841 
669.327856 0.053370 
670.292305 0.055002 
671.256755 0.055159 
672.221204 0.055212 
673.185653 0.055239 
674.150103 0.055739 
675.114552 0.056068 
676.079001 0.056406 
677.043451 0.056634 
678.007900 0.056848 
678.972349 0.057360 
679.936799 0.058235 
680.901248 0.058862 
681.865698 0.059449 
682.830147 0.060190 
683.794596 0.060967 
684.759046 0.061546 
685.723495 0.062140 
686.687944 0.063302 
687.652394 0.064593 
688.616843 0.065926 
689.581292 0.066890 
690.545742 0.067896 
691.510191 0.068902 
692.474640 0.069953 
693.439090 0.071252 
694.403539 0.072565 
695.367989 0.073805 
696.332438 0.075168 
697.296887 0.076755 
698.261337 0.078196 
699.225786 0.079417 
700.190235 0.080902 
701.154685 0.082647 
702.119134 0.084195 
703.083583 0.085706 
704.048033 0.087579 
705.012482 0.089397 
705.976932 0.091309 
706.941381 0.093268 
707.905830 0.095474 
708.870280 0.097695 
709.834729 0.100214 
710.799178 0.103158 
711.763628 0.106403 
712.728077 0.110096 
713.692526 0.114276 
714.656976 0.118698 
715.621425 0.123536 
716.585874 0.128933 
717.550324 0.135126 
718.514773 0.142124 
719.479223 0.149617 
720.443672 0.158078 
721.408121 0.167484 
722.372571 0.177565 
723.337020 0.188719 
724.301469 0.201150 
725.265919 0.215150 
726.230368 0.230704 
727.194817 0.248104 
728.159267 0.267712 
729.123716 0.289944 
730.088166 0.315377 
731.052615 0.344710 
732.017064 0.378598 
732.981514 0.418496 
733.945963 0.465610 
734.910412 0.520521 
735.874862 0.584512 
736.839311 0.658882 
737.803760 0.742761 
738.768210 0.836638 
739.732659 0.939813 
740.697108 1.051242 
741.661558 1.166111 
742.626007 1.277878 
743.590457 1.375118 
744.554906 1.453145 
745.519355 1.511401 
746.483805 1.551559 
747.448254 1.572096 
748.412703 1.588993 
749.377153 1.599405 
750.341602 1.608403 
751.306051 1.615129 
752.270501 1.626357 
753.234950 1.634699 
754.199400 1.645291 
755.163849 1.654391 
756.128298 1.666520 
757.092748 1.671376 
758.057197 1.675216 
759.021646 1.676734 
759.986096 1.678823 
760.950545 1.676365 
761.914994 1.675056 
762.879444 1.664486 
763.843893 1.660734 
764.808342 1.658531 
765.772792 1.650977 
766.737241 1.637325 
767.701691 1.633603 
768.666140 1.630004 
769.630589 1.622627 
770.595039 1.609201 
771.559488 1.606157 
772.523937 1.612619 
773.488387 1.621106 
774.452836 1.614922 
775.417285 1.616328 
776.381735 1.620588 
777.346184 1.629096 
778.310634 1.637935 
779.275083 1.651241 
780.239532 1.659406 
781.203982 1.671466 
782.168431 1.678853 
783.132880 1.680564 
784.097330 1.675845 
785.061779 1.676235 
786.026228 1.668951 
786.990678 1.666841 
787.955127 1.668978 
788.919576 1.681233 
789.884026 1.700804 
790.848475 1.733702 
791.812925 1.766955 
792.777374 1.811465 
793.741823 1.837797 
794.706273 1.856262 
795.670722 1.849262 
796.635171 1.816431 
797.599621 1.767071 
798.564070 1.708004 
799.528519 1.646062 
800.492969 1.613927 
801.457418 1.584046 
802.421868 1.551786 
803.386317 1.506642 
804.350766 1.435920 
805.315216 1.329688 
806.279665 1.201028 
807.244114 1.064090 
808.208564 0.938764 
809.173013 0.830955 
810.137462 0.738101 
811.101912 0.655147 
812.066361 0.580476 
813.030810 0.515466 
813.995260 0.462496 
814.959709 0.420428 
815.924159 0.386978 
816.888608 0.359683 
817.853057 0.336144 
818.817507 0.314563 
819.781956 0.294213 
820.746405 0.274486 
821.710855 0.255514 
822.675304 0.237604 
823.639753 0.221036 
824.604203 0.205936 
825.568652 0.192825 
826.533102 0.181615 
827.497551 0.172128 
828.462000 0.164244 
829.426450 0.157867 
830.390899 0.152950 
831.355348 0.148840 
832.319798 0.145167 
833.284247 0.141912 
834.248696 0.139026 
835.213146 0.136449 
836.177595 0.133811 
837.142044 0.131073 
838.106494 0.128405 
839.070943 0.125896 
840.035393 0.123246 
840.999842 0.120342 
841.964291 0.117645 
842.928741 0.115090 
843.893190 0.112360 
844.857639 0.109151 
845.822089 0.105707 
846.786538 0.102625 
847.750987 0.099977 
848.715437 0.097425 
849.679886 0.094853 
850.644336 0.092623 
851.608785 0.090771 
852.573234 0.089040 
853.537684 0.087219 
854.502133 0.085691 
855.466582 0.084362 
856.431032 0.083062 
857.395481 0.081872 
858.359930 0.080875 
859.324380 0.080142 
860.288829 0.079587 
861.253278 0.079016 
862.217728 0.078401 
863.182177 0.077950 
864.146627 0.077717 
865.111076 0.077394 
866.075525 0.077169 
867.039975 0.077055 
868.004424 0.076945 
868.968873 0.076864 
869.933323 0.076674 
870.897772 0.076288 
871.862221 0.075926 
872.826671 0.075700 
873.791120 0.075389 
874.755570 0.075041 
875.720019 0.074828 
876.684468 0.074610 
877.648918 0.074216 
878.613367 0.073601 
879.577816 0.072940 
880.542266 0.072334 
881.506715 0.071780 
882.471164 0.071236 
883.435614 0.070709 
884.400063 0.070261 
885.364512 0.069824 
886.328962 0.069258 
887.293411 0.068679 
888.257861 0.068163 
889.222310 0.067707 
890.186759 0.067170 
891.151209 0.066604 
892.115658 0.066058 
893.080107 0.065518 
894.044557 0.064981 
895.009006 0.064449 
895.973455 0.064000 
896.937905 0.063659 
897.902354 0.063217 
898.866804 0.062753 
899.831253 0.062382 
900.795702 0.062069 
901.760152 0.061723 
902.724601 0.061444 
903.689050 0.061013 
904.653500 0.060468 
905.617949 0.060071 
906.582398 0.059662 
907.546848 0.059184 
908.511297 0.058776 
909.475746 0.058386 
910.440196 0.057920 
911.404645 0.057427 
912.369095 0.057146 
913.333544 0.056955 
914.297993 0.056836 
915.262443 0.056651 
916.226892 0.056511 
917.191341 0.056619 
918.155791 0.056834 
919.120240 0.056937 
920.084689 0.057036 
921.049139 0.057169 
922.013588 0.057247 
922.978038 0.057172 
923.942487 0.056939 
924.906936 0.056649 
925.871386 0.056581 
926.835835 0.056667 
927.800284 0.056940 
928.764734 0.057496 
929.729183 0.058287 
930.693632 0.059072 
931.658082 0.059779 
932.622531 0.060659 
933.586980 0.061430 
934.551430 0.060919 
935.515879 0.059514 
936.480329 0.058557 
937.444778 0.058248 
938.409227 0.058093 
939.373677 0.058025 
940.338126 0.057978 
941.302575 0.057961 
942.267025 0.058022 
943.231474 0.058102 
944.195923 0.058112 
945.160373 0.058152 
946.124822 0.058416 
947.089272 0.058669 
948.053721 0.058838 
949.018170 0.059012 
949.982620 0.059287 
950.947069 0.059737 
951.911518 0.060199 
952.875968 0.060658 
953.840417 0.061181 
954.804866 0.061759 
955.769316 0.062463 
956.733765 0.063151 
957.698214 0.063929 
958.662664 0.064844 
959.627113 0.065739 
960.591563 0.066655 
961.556012 0.067696 
962.520461 0.068881 
963.484911 0.070100 
964.449360 0.071427 
965.413809 0.072812 
966.378259 0.074231 
967.342708 0.075769 
968.307157 0.077404 
969.271607 0.079091 
970.236056 0.080721 
971.200506 0.082279 
972.164955 0.083895 
973.129404 0.085422 
974.093854 0.086919 
975.058303 0.088312 
976.022752 0.089352 
976.987202 0.090061 
977.951651 0.090514 
978.916100 0.090725 
979.880550 0.090651 
980.844999 0.090333 
981.809448 0.089766 
982.773898 0.088940 
983.738347 0.088043 
984.702797 0.087121 
985.667246 0.086112 
986.631695 0.085115 
987.596145 0.084242 
988.560594 0.083526 
989.525043 0.083019 
990.489493 0.082749 
991.453942 0.082672 
992.418391 0.082744 
993.382841 0.083052 
994.347290 0.083677 
995.311740 0.084510 
996.276189 0.085464 
997.240638 0.086556 
998.205088 0.087788 
999.169537 0.089160 
1000.133986 0.090525 
1001.098436 0.091841 
1002.062885 0.093015 
1003.027334 0.093956 
1003.991784 0.094691 
1004.956233 0.095153 
1005.920682 0.095315 
1006.885132 0.095227 
1007.849581 0.094813 
1008.814031 0.094003 
1009.778480 0.092877 
1010.742929 0.091579 
1011.707379 0.090248 
1012.671828 0.088728 
1013.636277 0.086952 
1014.600727 0.085102 
1015.565176 0.083208 
1016.529625 0.081234 
1017.494075 0.079222 
1018.458524 0.077102 
1019.422974 0.074978 
1020.387423 0.073094 
1021.351872 0.071262 
1022.316322 0.069487 
1023.280771 0.067939 
1024.245220 0.066613 
1025.209670 0.065518 
1026.174119 0.064645 
1027.138568 0.063761 
1028.103018 0.063020 
1029.067467 0.062511 
1030.031916 0.062076 
1030.996366 0.061620 
1031.960815 0.061273 
1032.925265 0.061000 
1033.889714 0.060780 
1034.854163 0.060607 
1035.818613 0.060377 
1036.783062 0.060223 
1037.747511 0.060166 
1038.711961 0.060068 
1039.676410 0.059976 
1040.640859 0.059980 
1041.605309 0.060069 
1042.569758 0.060093 
1043.534208 0.060051 
1044.498657 0.060036 
1045.463106 0.060127 
1046.427556 0.060294 
1047.392005 0.060377 
1048.356454 0.060416 
1049.320904 0.060610 
1050.285353 0.060905 
1051.249802 0.061159 
1052.214252 0.061284 
1053.178701 0.061536 
1054.143150 0.061982 
1055.107600 0.062339 
1056.072049 0.062565 
1057.036499 0.062881 
1058.000948 0.063263 
1058.965397 0.063627 
1059.929847 0.064016 
1060.894296 0.064359 
1061.858745 0.064645 
1062.823195 0.064981 
1063.787644 0.065267 
1064.752093 0.065387 
1065.716543 0.065528 
1066.680992 0.065604 
1067.645442 0.065561 
1068.609891 0.065452 
1069.574340 0.065290 
1070.538790 0.065108 
1071.503239 0.064888 
1072.467688 0.064662 
1073.432138 0.064409 
1074.396587 0.064053 
1075.361036 0.063714 
1076.325486 0.063331 
1077.289935 0.062924 
1078.254384 0.062621 
1079.218834 0.062349 
1080.183283 0.062025 
1081.147733 0.061623 
1082.112182 0.061207 
1083.076631 0.060841 
1084.041081 0.060549 
1085.005530 0.060342 
1085.969979 0.060235 
1086.934429 0.060165 
1087.898878 0.060052 
1088.863327 0.059981 
1089.827777 0.059961 
1090.792226 0.059971 
1091.756676 0.059980 
1092.721125 0.059978 
1093.685574 0.060010 
1094.650024 0.060104 
1095.614473 0.060167 
1096.578922 0.060210 
1097.543372 0.060321 
1098.507821 0.060466 
1099.472270 0.060665 
1100.436720 0.060851 
1101.401169 0.060973 
1102.365618 0.061150 
1103.330068 0.061384 
1104.294517 0.061568 
1105.258967 0.061633 
1106.223416 0.061749 
1107.187865 0.061925 
1108.152315 0.062005 
1109.116764 0.062103 
1110.081213 0.062132 
1111.045663 0.062106 
1112.010112 0.061980 
1112.974561 0.061775 
1113.939011 0.061455 
1114.903460 0.060997 
1115.867910 0.060543 
1116.832359 0.060123 
1117.796808 0.059621 
1118.761258 0.059105 
1119.725707 0.058660 
1120.690156 0.058257 
1121.654606 0.057849 
1122.619055 0.057560 
1123.583504 0.057318 
1124.547954 0.057106 
1125.512403 0.056874 
1126.476852 0.056760 
1127.441302 0.056821 
1128.405751 0.056914 
1129.370201 0.056989 
1130.334650 0.056812 
1131.299099 0.056535 
1132.263549 0.056505 
1133.227998 0.056570 
1134.192447 0.056583 
1135.156897 0.056614 
1136.121346 0.056744 
1137.085795 0.056797 
1138.050245 0.056776 
1139.014694 0.056808 
1139.979144 0.056875 
1140.943593 0.056963 
1141.908042 0.056991 
1142.872492 0.056979 
1143.836941 0.057054 
1144.801390 0.057161 
1145.765840 0.057240 
1146.730289 0.057351 
1147.694738 0.057457 
1148.659188 0.057679 
1149.623637 0.057932 
1150.588086 0.057947 
1151.552536 0.057829 
1152.516985 0.057763 
1153.481435 0.057682 
1154.445884 0.057618 
1155.410333 0.057603 
1156.374783 0.057594 
1157.339232 0.057772 
1158.303681 0.057970 
1159.268131 0.058105 
1160.232580 0.058289 
1161.197029 0.058615 
1162.161479 0.059063 
1163.125928 0.059521 
1164.090378 0.059882 
1165.054827 0.059995 
1166.019276 0.059882 
1166.983726 0.059802 
1167.948175 0.059862 
1168.912624 0.059987 
1169.877074 0.060199 
1170.841523 0.060423 
1171.805972 0.060568 
1172.770422 0.060651 
1173.734871 0.060750 
1174.699320 0.060716 
1175.663770 0.060569 
1176.628219 0.060532 
1177.592669 0.060617 
1178.557118 0.060859 
1179.521567 0.061220 
1180.486017 0.061629 
1181.450466 0.061760 
1182.414915 0.061519 
1183.379365 0.061263 
1184.343814 0.061263 
1185.308263 0.061511 
1186.272713 0.061926 
1187.237162 0.062383 
1188.201612 0.062771 
1189.166061 0.063289 
1190.130510 0.063931 
1191.094960 0.064586 
1192.059409 0.065202 
1193.023858 0.065865 
1193.988308 0.066589 
1194.952757 0.067266 
1195.917206 0.067895 
1196.881656 0.068548 
1197.846105 0.069273 
1198.810554 0.070006 
1199.775004 0.070671 
1200.739453 0.071397 
1201.703903 0.072215 
1202.668352 0.073079 
1203.632801 0.073932 
1204.597251 0.074695 
1205.561700 0.075449 
1206.526149 0.076281 
1207.490599 0.077151 
1208.455048 0.077953 
1209.419497 0.078827 
1210.383947 0.079669 
1211.348396 0.080476 
1212.312846 0.081204 
1213.277295 0.081711 
1214.241744 0.082237 
1215.206194 0.082815 
1216.170643 0.083285 
1217.135092 0.083447 
1218.099542 0.083339 
1219.063991 0.083039 
1220.028440 0.082609 
1220.992890 0.082078 
1221.957339 0.081488 
1222.921788 0.080936 
1223.886238 0.080317 
1224.850687 0.079671 
1225.815137 0.078819 
1226.779586 0.077835 
1227.744035 0.077057 
1228.708485 0.076447 
1229.672934 0.075936 
1230.637383 0.075656 
1231.601833 0.075642 
1232.566282 0.075695 
1233.530731 0.075838 
1234.495181 0.076123 
1235.459630 0.076634 
1236.424080 0.077293 
1237.388529 0.078010 
1238.352978 0.078875 
1239.317428 0.079860 
1240.281877 0.080935 
1241.246326 0.082069 
1242.210776 0.083236 
1243.175225 0.084421 
1244.139674 0.085685 
1245.104124 0.086859 
1246.068573 0.087932 
1247.033022 0.088871 
1247.997472 0.089615 
1248.961921 0.090193 
1249.926371 0.090650 
1250.890820 0.091000 
1251.855269 0.091307 
1252.819719 0.091558 
1253.784168 0.091664 
1254.748617 0.091499 
1255.713067 0.091144 
1256.677516 0.090597 
1257.641965 0.089818 
1258.606415 0.088696 
1259.570864 0.087334 
1260.535314 0.085610 
1261.499763 0.083368 
1262.464212 0.080935 
1263.428662 0.078444 
1264.393111 0.075971 
1265.357560 0.073725 
1266.322010 0.071760 
1267.286459 0.069949 
1268.250908 0.068490 
1269.215358 0.067392 
1270.179807 0.066402 
1271.144256 0.065357 
1272.108706 0.064483 
1273.073155 0.063567 
1274.037605 0.062721 
1275.002054 0.061962 
1275.966503 0.061329 
1276.930953 0.060794 
1277.895402 0.060225 
1278.859851 0.059708 
1279.824301 0.059319 
1280.788750 0.058868 
1281.753199 0.058403 
1282.717649 0.058042 
1283.682098 0.057666 
1284.646548 0.057371 
1285.610997 0.057147 
1286.575446 0.057180 
1287.539896 0.057350 
1288.504345 0.057170 
1289.468794 0.056773 
1290.433244 0.056602 
1291.397693 0.056313 
1292.362142 0.056066 
1293.326592 0.056009 
1294.291041 0.055982 
1295.255490 0.055970 
1296.219940 0.056072 
1297.184389 0.056034 
1298.148839 0.055863 
1299.113288 0.055800 
1300.077737 0.055768 
1301.042187 0.055771 
1302.006636 0.055750 
1302.971085 0.055776 
1303.935535 0.055754 
1304.899984 0.055783 
1305.864433 0.055809 
1306.828883 0.055879 
1307.793332 0.056033 
1308.757782 0.056091 
1309.722231 0.055939 
1310.686680 0.055940 
1311.651130 0.056345 
1312.615579 0.056958 
1313.580028 0.056851 
1314.544478 0.056802 
1315.508927 0.056671 
1316.473376 0.056922 
1317.437826 0.057193 
1318.402275 0.057192 
1319.366724 0.057459 
1320.331174 0.057138 
1321.295623 0.056803 
1322.260073 0.056509 
1323.224522 0.056649 
1324.188971 0.056657 
1325.153421 0.056554 
1326.117870 0.056444 
1327.082319 0.056439 
1328.046769 0.056433 
1329.011218 0.056441 
1329.975667 0.056427 
1330.940117 0.056366 
1331.904566 0.056315 
1332.869016 0.056289 
1333.833465 0.056233 
1334.797914 0.056267 
1335.762364 0.056656 
1336.726813 0.057390 
1337.691262 0.057533 
1338.655712 0.058404 
1339.620161 0.059434 
1340.584610 0.058785 
1341.549060 0.056903 
1342.513509 0.056106 
1343.477958 0.056148 
1344.442408 0.056255 
1345.406857 0.056207 
1346.371307 0.056137 
1347.335756 0.056102 
1348.300205 0.056184 
1349.264655 0.056296 
1350.229104 0.056191 
1351.193553 0.056083 
1352.158003 0.056063 
1353.122452 0.056025 
1354.086901 0.056237 
1355.051351 0.056551 
1356.015800 0.056144 
1356.980250 0.055958 
1357.944699 0.056063 
1358.909148 0.055884 
1359.873598 0.055865 
1360.838047 0.056566 
1361.802496 0.057051 
1362.766946 0.057807 
1363.731395 0.057390 
1364.695844 0.055820 
1365.660294 0.055449 
1366.624743 0.055355 
1367.589192 0.055569 
1368.553642 0.056122 
1369.518091 0.056041 
1370.482541 0.055494 
1371.446990 0.055495 
1372.411439 0.055693 
1373.375889 0.056276 
1374.340338 0.056742 
1375.304787 0.056245 
1376.269237 0.055612 
1377.233686 0.055787 
1378.198135 0.056427 
1379.162585 0.056301 
1380.127034 0.056045 
1381.091484 0.055799 
1382.055933 0.055841 
1383.020382 0.055916 
1383.984832 0.055954 
1384.949281 0.055957 
1385.913730 0.056392 
1386.878180 0.057158 
1387.842629 0.057134 
1388.807078 0.056030 
1389.771528 0.055581 
1390.735977 0.055838 
1391.700426 0.055754 
1392.664876 0.055717 
1393.629325 0.056144 
1394.593775 0.057328 
1395.558224 0.057763 
1396.522673 0.057293 
1397.487123 0.057669 
1398.451572 0.057897 
1399.416021 0.057622 
1400.380471 0.057253 
1401.344920 0.056806 
1402.309369 0.056820 
1403.273819 0.056937 
1404.238268 0.057422 
1405.202718 0.058053 
1406.167167 0.057507 
1407.131616 0.056957 
1408.096066 0.056997 
1409.060515 0.057138 
1410.024964 0.057503 
1410.989414 0.057667 
1411.953863 0.057819 
1412.918312 0.057273 
1413.882762 0.057103 
1414.847211 0.057150 
1415.811660 0.057741 
1416.776110 0.058488 
1417.740559 0.058933 
1418.705009 0.058465 
1419.669458 0.058950 
1420.633907 0.057897 
1421.598357 0.057262 
1422.562806 0.057086 
1423.527255 0.057992 
1424.491705 0.058461 
1425.456154 0.057378 
1426.420603 0.057118 
1427.385053 0.057380 
1428.349502 0.057641 
1429.313952 0.057646 
1430.278401 0.057977 
1431.242850 0.057953 
1432.207300 0.058220 
1433.171749 0.058736 
1434.136198 0.058411 
1435.100648 0.058452 
1436.065097 0.059192 
1437.029546 0.059896 
1437.993996 0.058849 
1438.958445 0.058062 
1439.922894 0.057933 
1440.887344 0.057921 
1441.851793 0.057865 
1442.816243 0.057862 
1443.780692 0.058030 
1444.745141 0.058231 
1445.709591 0.058336 
1446.674040 0.058314 
1447.638489 0.058986 
1448.602939 0.059506 
1449.567388 0.058803 
1450.531837 0.058713 
1451.496287 0.059448 
1452.460736 0.060218 
1453.425186 0.059876 
1454.389635 0.060212 
1455.354084 0.060972 
1456.318534 0.060858 
1457.282983 0.061357 
1458.247432 0.061232 
1459.211882 0.061330 
1460.176331 0.060781 
1461.140780 0.060279 
1462.105230 0.060342 
1463.069679 0.060317 
1464.034128 0.060094 
1464.998578 0.060851 
1465.963027 0.061421 
1466.927477 0.061143 
1467.891926 0.061303 
1468.856375 0.061251 
1469.820825 0.061314 
1470.785274 0.061342 
1471.749723 0.061993 
1472.714173 0.062611 
1473.678622 0.063099 
1474.643071 0.062237 
1475.607521 0.061657 
1476.571970 0.062734 
1477.536420 0.062008 
1478.500869 0.061301 
1479.465318 0.061367 
1480.429768 0.061740 
1481.394217 0.062542 
1482.358666 0.062354 
1483.323116 0.062117 
1484.287565 0.062259 
1485.252014 0.062915 
1486.216464 0.063682 
1487.180913 0.063931 
1488.145362 0.064835 
1489.109812 0.066392 
1490.074261 0.067597 
1491.038711 0.067018 
1492.003160 0.066279 
1492.967609 0.066142 
1493.932059 0.066650 
1494.896508 0.067008 
1495.860957 0.067788 
1496.825407 0.069801 
1497.789856 0.069659 
1498.754305 0.070449 
1499.718755 0.071954 
1500.683204 0.072598 
1501.647654 0.073986 
1502.612103 0.074485 
1503.576552 0.074658 
1504.541002 0.074833 
1505.505451 0.075073 
1506.469900 0.078712 
1507.434350 0.085053 
1508.398799 0.085173 
1509.363248 0.085177 
1510.327698 0.085552 
1511.292147 0.084628 
1512.256596 0.085651 
1513.221046 0.086117 
1514.185495 0.086355 
1515.149945 0.088333 
1516.114394 0.089725 
1517.078843 0.090902 
1518.043293 0.091189 
1519.007742 0.090674 
1519.972191 0.091261 
1520.936641 0.093348 
1521.901090 0.094190 
1522.865539 0.094812 
1523.829989 0.095615 
1524.794438 0.096466 
1525.758888 0.098704 
1526.723337 0.099635 
1527.687786 0.100826 
1528.652236 0.101693 
1529.616685 0.102523 
1530.581134 0.103831 
1531.545584 0.106547 
1532.510033 0.107657 
1533.474482 0.109679 
1534.438932 0.114187 
1535.403381 0.115942 
1536.367830 0.117336 
1537.332280 0.118589 
1538.296729 0.119573 
1539.261179 0.122521 
1540.225628 0.128126 
1541.190077 0.129651 
1542.154527 0.132601 
1543.118976 0.137200 
1544.083425 0.139008 
1545.047875 0.141622 
1546.012324 0.142448 
1546.976773 0.141799 
1547.941223 0.142160 
1548.905672 0.143060 
1549.870122 0.145300 
1550.834571 0.145060 
1551.799020 0.142924 
1552.763470 0.141927 
1553.727919 0.141156 
1554.692368 0.140911 
1555.656818 0.138677 
1556.621267 0.136266 
1557.585716 0.133393 
1558.550166 0.131722 
1559.514615 0.130522 
1560.479064 0.128419 
1561.443514 0.125947 
1562.407963 0.123674 
1563.372413 0.121344 
1564.336862 0.119122 
1565.301311 0.117325 
1566.265761 0.115563 
1567.230210 0.113660 
1568.194659 0.111835 
1569.159109 0.110166 
1570.123558 0.109428 
1571.088007 0.108497 
1572.052457 0.107594 
1573.016906 0.106878 
1573.981356 0.106051 
1574.945805 0.104691 
1575.910254 0.103468 
1576.874704 0.105624 
1577.839153 0.105485 
1578.803602 0.104909 
1579.768052 0.104560 
1580.732501 0.104294 
1581.696950 0.103965 
1582.661400 0.103652 
1583.625849 0.103265 
1584.590298 0.102648 
1585.554748 0.101926 
1586.519197 0.101085 
1587.483647 0.100111 
1588.448096 0.098995 
1589.412545 0.097908 
1590.376995 0.096631 
1591.341444 0.095172 
1592.305893 0.093748 
1593.270343 0.092203 
1594.234792 0.090788 
1595.199241 0.089299 
1596.163691 0.087753 
1597.128140 0.086219 
1598.092590 0.084613 
1599.057039 0.083168 
1600.021488 0.081782 
1600.985938 0.080625 
1601.950387 0.079424 
1602.914836 0.078340 
1603.879286 0.077210 
1604.843735 0.076040 
1605.808184 0.075127 
1606.772634 0.074492 
1607.737083 0.073790 
1608.701532 0.073004 
1609.665982 0.072684 
1610.630431 0.071944 
1611.594881 0.071217 
1612.559330 0.070748 
1613.523779 0.070249 
1614.488229 0.069634 
1615.452678 0.068524 
1616.417127 0.067403 
1617.381577 0.068912 
1618.346026 0.068905 
1619.310475 0.068747 
1620.274925 0.068598 
1621.239374 0.068335 
1622.203824 0.067750 
1623.168273 0.067241 
1624.132722 0.067841 
1625.097172 0.067637 
1626.061621 0.067292 
1627.026070 0.066636 
1627.990520 0.066787 
1628.954969 0.067097 
1629.919418 0.066863 
1630.883868 0.066796 
1631.848317 0.066666 
1632.812766 0.066454 
1633.777216 0.065656 
1634.741665 0.064155 
1635.706115 0.065425 
1636.670564 0.066289 
1637.635013 0.066378 
1638.599463 0.066472 
1639.563912 0.066027 
1640.528361 0.066003 
1641.492811 0.065772 
1642.457260 0.065715 
1643.421709 0.065347 
1644.386159 0.064742 
1645.350608 0.063796 
1646.315058 0.064361 
1647.279507 0.064898 
1648.243956 0.065224 
1649.208406 0.065062 
1650.172855 0.064504 
1651.137304 0.063336 
1652.101754 0.061312 
1653.066203 0.060789 
1654.030652 0.065056 
1654.995102 0.065348 
1655.959551 0.064579 
1656.924000 0.064275 
1657.888450 0.063952 
1658.852899 0.063556 
1659.817349 0.063417 
1660.781798 0.063372 
1661.746247 0.062880 
1662.710697 0.062594 
1663.675146 0.063210 
1664.639595 0.062694 
1665.604045 0.062492 
1666.568494 0.062286 
1667.532943 0.062300 
1668.497393 0.062150 
1669.461842 0.062222 
1670.426292 0.061611 
1671.390741 0.061723 
1672.355190 0.062039 
1673.319640 0.061227 
1674.284089 0.060098 
1675.248538 0.060493 
1676.212988 0.061808 
1677.177437 0.060889 
1678.141886 0.060543 
1679.106336 0.060807 
1680.070785 0.062383 
1681.035234 0.062150 
1681.999684 0.060250 
1682.964133 0.059104 
1683.928583 0.059089 
1684.893032 0.060465 
1685.857481 0.060413 
1686.821931 0.059895 
1687.786380 0.060525 
1688.750829 0.060867 
1689.715279 0.059922 
1690.679728 0.059688 
1691.644177 0.059354 
1692.608627 0.059081 
1693.573076 0.058848 
1694.537526 0.057948 
1695.501975 0.057071 
1696.466424 0.059748 
1697.430874 0.059715 
1698.395323 0.058992 
1699.359772 0.057368 
1700.324222 0.057930 
1701.288671 0.061132 
1702.253120 0.060464 
1703.217570 0.059891 
1704.182019 0.060055 
1705.146468 0.060489 
1706.110918 0.060347 
1707.075367 0.061667 
1708.039817 0.061826 
1709.004266 0.061879 
1709.968715 0.062562 
1710.933165 0.062803 
1711.897614 0.062493 
1712.862063 0.062535 
1713.826513 0.062554 
1714.790962 0.062815 
1715.755411 0.062369 
1716.719861 0.060678 
1717.684310 0.060072 
1718.648760 0.061063 
1719.613209 0.060210 
1720.577658 0.059539 
1721.542108 0.059482 
1722.506557 0.059401 
1723.471006 0.059787 
1724.435456 0.059660 
1725.399905 0.059131 
1726.364354 0.059090 
1727.328804 0.059191 
1728.293253 0.059371 
1729.257702 0.060107 
1730.222152 0.061658 
1731.186601 0.061106 
1732.151051 0.060623 
1733.115500 0.060692 
1734.079949 0.061622 
1735.044399 0.062687 
1736.008848 0.062341 
1736.973297 0.062421 
1737.937747 0.062923 
1738.902196 0.062544 
1739.866645 0.062984 
1740.831095 0.063875 
1741.795544 0.063727 
1742.759994 0.064484 
1743.724443 0.065831 
1744.688892 0.064958 
1745.653342 0.064028 
1746.617791 0.063878 
1747.582240 0.063847 
1748.546690 0.063796 
1749.511139 0.063680 
1750.475588 0.062759 
1751.440038 0.063060 
1752.404487 0.062230 
1753.368936 0.060966 
1754.333386 0.060302 
1755.297835 0.059923 
1756.262285 0.060198 
1757.226734 0.060888 
1758.191183 0.060522 
1759.155633 0.059943 
1760.120082 0.059449 
1761.084531 0.059257 
1762.048981 0.059915 
1763.013430 0.059559 
1763.977879 0.058970 
1764.942329 0.058857 
1765.906778 0.058793 
1766.871228 0.058832 
1767.835677 0.059570 
1768.800126 0.059747 
1769.764576 0.058515 
1770.729025 0.057746 
1771.693474 0.057151 
1772.657924 0.057235 
1773.622373 0.058137 
1774.586822 0.058099 
1775.551272 0.058588 
1776.515721 0.058430 
1777.480170 0.057967 
1778.444620 0.058341 
1779.409069 0.058521 
1780.373519 0.058554 
1781.337968 0.058855 
1782.302417 0.058382 
1783.266867 0.058126 
1784.231316 0.058508 
1785.195765 0.059267 
1786.160215 0.058593 
1787.124664 0.058158 
1788.089113 0.058243 
1789.053563 0.058366 
1790.018012 0.058549 
1790.982462 0.059092 
1791.946911 0.058528 
1792.911360 0.058492 
1793.875810 0.058549 
1794.840259 0.058449 
1795.804708 0.059419 
1796.769158 0.059389 
1797.733607 0.058365 
1798.698056 0.057764 
1799.662506 0.058033 
1800.626955 0.058671 
1801.591404 0.059320 
1802.555854 0.059480 
1803.520303 0.058432 
1804.484753 0.057817 
1805.449202 0.057805 
1806.413651 0.057838 
1807.378101 0.058264 
1808.342550 0.058385 
1809.306999 0.057878 
1810.271449 0.057941 
1811.235898 0.058462 
1812.200347 0.058624 
1813.164797 0.058254 
1814.129246 0.057741 
1815.093696 0.057587 
1816.058145 0.057578 
1817.022594 0.058027 
1817.987044 0.058136 
1818.951493 0.057682 
1819.915942 0.057497 
1820.880392 0.057498 
1821.844841 0.057603 
1822.809290 0.057766 
1823.773740 0.057472 
1824.738189 0.057762 
1825.702638 0.058634 
1826.667088 0.057726 
1827.631537 0.057150 
1828.595987 0.056990 
1829.560436 0.057360 
1830.524885 0.057882 
1831.489335 0.057396 
1832.453784 0.057259 
1833.418233 0.057503 
1834.382683 0.057257 
1835.347132 0.056996 
1836.311581 0.057158 
1837.276031 0.057616 
1838.240480 0.057381 
1839.204930 0.057081 
1840.169379 0.057036 
1841.133828 0.057238 
1842.098278 0.057772 
1843.062727 0.057388 
1844.027176 0.057341 
1844.991626 0.058455 
1845.956075 0.057932 
1846.920524 0.057633 
1847.884974 0.058119 
1848.849423 0.057835 
1849.813872 0.057202 
1850.778322 0.057089 
1851.742771 0.057029 
1852.707221 0.057048 
1853.671670 0.057031 
1854.636119 0.057039 
1855.600569 0.057023 
1856.565018 0.057051 
1857.529467 0.057190 
1858.493917 0.057445 
1859.458366 0.057380 
1860.422815 0.057378 
1861.387265 0.057571 
1862.351714 0.057397 
1863.316164 0.057183 
1864.280613 0.057172 
1865.245062 0.057081 
1866.209512 0.057294 
1867.173961 0.057467 
1868.138410 0.057720 
1869.102860 0.057992 
1870.067309 0.058152 
1871.031758 0.057739 
1871.996208 0.057146 
1872.960657 0.056884 
1873.925106 0.056921 
1874.889556 0.056946 
1875.854005 0.056913 
1876.818455 0.056831 
1877.782904 0.056837 
1878.747353 0.057032 
1879.711803 0.057128 
1880.676252 0.056928 
1881.640701 0.056850 
1882.605151 0.056876 
1883.569600 0.056969 
1884.534049 0.057199 
1885.498499 0.057281 
1886.462948 0.057105 
1887.427398 0.057062 
1888.391847 0.057042 
1889.356296 0.057677 
1890.320746 0.057920 
1891.285195 0.057391 
1892.249644 0.057303 
1893.214094 0.057412 
1894.178543 0.057567 
1895.142992 0.058002 
1896.107442 0.057897 
1897.071891 0.057551 
1898.036340 0.057537 
1899.000790 0.057518 
1899.965239 0.057536 
1900.929689 0.057558 
1901.894138 0.057657 
1902.858587 0.057599 
1903.823037 0.057616 
1904.787486 0.057623 
1905.751935 0.057597 
1906.716385 0.057667 
1907.680834 0.058047 
1908.645283 0.058100 
1909.609733 0.058134 
1910.574182 0.058214 
1911.538632 0.057795 
1912.503081 0.057738 
1913.467530 0.057786 
1914.431980 0.057843 
1915.396429 0.057861 
1916.360878 0.057844 
1917.325328 0.057960 
1918.289777 0.058695 
1919.254226 0.058466 
1920.218676 0.058119 
1921.183125 0.058229 
1922.147574 0.058953 
1923.112024 0.059534 
1924.076473 0.058831 
1925.040923 0.058230 
1926.005372 0.058145 
1926.969821 0.058200 
1927.934271 0.058241 
1928.898720 0.058243 
1929.863169 0.058283 
1930.827619 0.058304 
1931.792068 0.058342 
1932.756517 0.058512 
1933.720967 0.058519 
1934.685416 0.058432 
1935.649866 0.058464 
1936.614315 0.058540 
1937.578764 0.058554 
1938.543214 0.058579 
1939.507663 0.058648 
1940.472112 0.058745 
1941.436562 0.059034 
1942.401011 0.059873 
1943.365460 0.059836 
1944.329910 0.059080 
1945.294359 0.059145 
1946.258808 0.059189 
1947.223258 0.059111 
1948.187707 0.059146 
1949.152157 0.059593 
1950.116606 0.059688 
1951.081055 0.059280 
1952.045505 0.059022 
1953.009954 0.059015 
1953.974403 0.059077 
1954.938853 0.059299 
1955.903302 0.059366 
1956.867751 0.059944 
1957.832201 0.062599 
1958.796650 0.065699 
1959.761100 0.063472 
1960.725549 0.060240 
1961.689998 0.059422 
1962.654448 0.059187 
1963.618897 0.059158 
1964.583346 0.059142 
1965.547796 0.059258 
1966.512245 0.059663 
1967.476694 0.060020 
1968.441144 0.059567 
1969.405593 0.059131 
1970.370042 0.059101 
1971.334492 0.059100 
1972.298941 0.059097 
1973.263391 0.059090 
1974.227840 0.059118 
1975.192289 0.059094 
1976.156739 0.059036 
1977.121188 0.059011 
1978.085637 0.058993 
1979.050087 0.058949 
1980.014536 0.058918 
1980.978985 0.058874 
1981.943435 0.058885 
1982.907884 0.058860 
1983.872334 0.058789 
1984.836783 0.058730 
1985.801232 0.058745 
1986.765682 0.058752 
1987.730131 0.059045 
1988.694580 0.059287 
1989.659030 0.058888 
1990.623479 0.058697 
1991.587928 0.059260 
1992.552378 0.059771 
1993.516827 0.059133 
1994.481276 0.058699 
1995.445726 0.058656 
1996.410175 0.058618 
1997.374625 0.058569 
1998.339074 0.058631 
1999.303523 0.058686 
2000.267973 0.058646 
2001.232422 0.058560 
2002.196871 0.058553 
2003.161321 0.058541 
2004.125770 0.058468 
2005.090219 0.058463 
2006.054669 0.058498 
2007.019118 0.058539 
2007.983568 0.058544 
2008.948017 0.058457 
2009.912466 0.058410 
2010.876916 0.058411 
2011.841365 0.058362 
2012.805814 0.058327 
2013.770264 0.058294 
2014.734713 0.058289 
2015.699162 0.058389 
2016.663612 0.058886 
2017.628061 0.058969 
2018.592510 0.058773 
2019.556960 0.058547 
2020.521409 0.058237 
2021.485859 0.058160 
2022.450308 0.058223 
2023.414757 0.058267 
2024.379207 0.058202 
2025.343656 0.058192 
2026.308105 0.058290 
2027.272555 0.058606 
2028.237004 0.059470 
2029.201453 0.059897 
2030.165903 0.059022 
2031.130352 0.058391 
2032.094802 0.058288 
2033.059251 0.058314 
2034.023700 0.058330 
2034.988150 0.058359 
2035.952599 0.058353 
2036.917048 0.058393 
2037.881498 0.058455 
2038.845947 0.058503 
2039.810396 0.058595 
2040.774846 0.058860 
2041.739295 0.059036 
2042.703744 0.058787 
2043.668194 0.058748 
2044.632643 0.058816 
2045.597093 0.058793 
2046.561542 0.058835 
2047.525991 0.058874 
2048.490441 0.058940 
2049.454890 0.059003 
2050.419339 0.059041 
2051.383789 0.059045 
2052.348238 0.059077 
2053.312687 0.059148 
2054.277137 0.059155 
2055.241586 0.059181 
2056.206036 0.059212 
2057.170485 0.059258 
2058.134934 0.059300 
2059.099384 0.059313 
2060.063833 0.059372 
2061.028282 0.059430 
2061.992732 0.059405 
2062.957181 0.059404 
2063.921630 0.059581 
2064.886080 0.059994 
2065.850529 0.059968 
2066.814978 0.059659 
2067.779428 0.059614 
2068.743877 0.059650 
2069.708327 0.059708 
2070.672776 0.059740 
2071.637225 0.059780 
2072.601675 0.059856 
2073.566124 0.059940 
2074.530573 0.059959 
2075.495023 0.059944 
2076.459472 0.059946 
2077.423921 0.060014 
2078.388371 0.060059 
2079.352820 0.060014 
2080.317270 0.059949 
2081.281719 0.059967 
2082.246168 0.060048 
2083.210618 0.060014 
2084.175067 0.059966 
2085.139516 0.059992 
2086.103966 0.060056 
2087.068415 0.060083 
2088.032864 0.059973 
2088.997314 0.060027 
2089.961763 0.060275 
2090.926212 0.060227 
2091.890662 0.059961 
2092.855111 0.059960 
2093.819561 0.059988 
2094.784010 0.060004 
2095.748459 0.059997 
2096.712909 0.060013 
2097.677358 0.059993 
2098.641807 0.059996 
2099.606257 0.059989 
2100.570706 0.059987 
2101.535155 0.059991 
2102.499605 0.059990 
2103.464054 0.059966 
2104.428504 0.059942 
2105.392953 0.059957 
2106.357402 0.059954 
2107.321852 0.059934 
2108.286301 0.059851 
2109.250750 0.059752 
2110.215200 0.059719 
2111.179649 0.059719 
2112.144098 0.059725 
2113.108548 0.059693 
2114.072997 0.059680 
2115.037446 0.059734 
2116.001896 0.059634 
2116.966345 0.059546 
2117.930795 0.059507 
2118.895244 0.059466 
2119.859693 0.059421 
2120.824143 0.059401 
2121.788592 0.059380 
2122.753041 0.059367 
2123.717491 0.059360 
2124.681940 0.059304 
2125.646389 0.059258 
2126.610839 0.059232 
2127.575288 0.059236 
2128.539738 0.059238 
2129.504187 0.059233 
2130.468636 0.059196 
2131.433086 0.059183 
2132.397535 0.059178 
2133.361984 0.059128 
2134.326434 0.059091 
2135.290883 0.059132 
2136.255332 0.059184 
2137.219782 0.059077 
2138.184231 0.059008 
2139.148680 0.059015 
2140.113130 0.058988 
2141.077579 0.058933 
2142.042029 0.058919 
2143.006478 0.058933 
2143.970927 0.058964 
2144.935377 0.058935 
2145.899826 0.058894 
2146.864275 0.058914 
2147.828725 0.058884 
2148.793174 0.058793 
2149.757623 0.058812 
2150.722073 0.058873 
2151.686522 0.058911 
2152.650972 0.058915 
2153.615421 0.058932 
2154.579870 0.058917 
2155.544320 0.058890 
2156.508769 0.058849 
2157.473218 0.058870 
2158.437668 0.058891 
2159.402117 0.058878 
2160.366566 0.058891 
2161.331016 0.058975 
2162.295465 0.058985 
2163.259914 0.058927 
2164.224364 0.058942 
2165.188813 0.058992 
2166.153263 0.059006 
2167.117712 0.059013 
2168.082161 0.059011 
2169.046611 0.059040 
2170.011060 0.059050 
2170.975509 0.059042 
2171.939959 0.059066 
2172.904408 0.059139 
2173.868857 0.059156 
2174.833307 0.059150 
2175.797756 0.059188 
2176.762206 0.059236 
2177.726655 0.059252 
2178.691104 0.059254 
2179.655554 0.059238 
2180.620003 0.059299 
2181.584452 0.059357 
2182.548902 0.059374 
2183.513351 0.059366 
2184.477800 0.059413 
2185.442250 0.059472 
2186.406699 0.059510 
2187.371148 0.059490 
2188.335598 0.059473 
2189.300047 0.059521 
2190.264497 0.059552 
2191.228946 0.059546 
2192.193395 0.059539 
2193.157845 0.059552 
2194.122294 0.059602 
2195.086743 0.059623 
2196.051193 0.059622 
2197.015642 0.059661 
2197.980091 0.059727 
2198.944541 0.059757 
2199.908990 0.059760 
2200.873440 0.059781 
2201.837889 0.059828 
2202.802338 0.059869 
2203.766788 0.059887 
2204.731237 0.059936 
2205.695686 0.059979 
2206.660136 0.060007 
2207.624585 0.060044 
2208.589034 0.060035 
2209.553484 0.060089 
2210.517933 0.060142 
2211.482382 0.060144 
2212.446832 0.060094 
2213.411281 0.060118 
2214.375731 0.060144 
2215.340180 0.060158 
2216.304629 0.060131 
2217.269079 0.060139 
2218.233528 0.060187 
2219.197977 0.060243 
2220.162427 0.060266 
2221.126876 0.060265 
2222.091325 0.060297 
2223.055775 0.060363 
2224.020224 0.060354 
2224.984674 0.060346 
2225.949123 0.060432 
2226.913572 0.060514 
2227.878022 0.060562 
2228.842471 0.060595 
2229.806920 0.060565 
2230.771370 0.060627 
2231.735819 0.060659 
2232.700268 0.060692 
2233.664718 0.060735 
2234.629167 0.060764 
2235.593616 0.060795 
2236.558066 0.060852 
2237.522515 0.060892 
2238.486965 0.060911 
2239.451414 0.060945 
2240.415863 0.061000 
2241.380313 0.061042 
2242.344762 0.061114 
2243.309211 0.061164 
2244.273661 0.061205 
2245.238110 0.061221 
2246.202559 0.061310 
2247.167009 0.061364 
2248.131458 0.061429 
2249.095908 0.061506 
2250.060357 0.061570 
2251.024806 0.061615 
2251.989256 0.061698 
2252.953705 0.061721 
2253.918154 0.061763 
2254.882604 0.061855 
2255.847053 0.061960 
2256.811502 0.062034 
2257.775952 0.062142 
2258.740401 0.062201 
2259.704850 0.062297 
2260.669300 0.062399 
2261.633749 0.062450 
2262.598199 0.062495 
2263.562648 0.062566 
2264.527097 0.062624 
2265.491547 0.062696 
2266.455996 0.062759 
2267.420445 0.062856 
2268.384895 0.062933 
2269.349344 0.063011 
2270.313793 0.063084 
2271.278243 0.063218 
2272.242692 0.063325 
2273.207142 0.063404 
2274.171591 0.063507 
2275.136040 0.063621 
2276.100490 0.063728 
2277.064939 0.063878 
2278.029388 0.064029 
2278.993838 0.064158 
2279.958287 0.064316 
2280.922736 0.064403 
2281.887186 0.064547 
2282.851635 0.064646 
2283.816084 0.064678 
2284.780534 0.064717 
2285.744983 0.064746 
2286.709433 0.064752 
2287.673882 0.064738 
2288.638331 0.064738 
2289.602781 0.064789 
2290.567230 0.064687 
2291.531679 0.064661 
2292.496129 0.064635 
2293.460578 0.064586 
2294.425027 0.064513 
2295.389477 0.064472 
2296.353926 0.064565 
2297.318376 0.064464 
2298.282825 0.064444 
2299.247274 0.064359 
2300.211724 0.064223 
2301.176173 0.064226 
2302.140622 0.064017 
2303.105072 0.064012 
2304.069521 0.063870 
2305.033970 0.063891 
2305.998420 0.063698 
2306.962869 0.063573 
2307.927318 0.063479 
2308.891768 0.063137 
2309.856217 0.063047 
2310.820667 0.062674 
2311.785116 0.062707 
2312.749565 0.062211 
2313.714015 0.062238 
2314.678464 0.061696 
2315.642913 0.061552 
2316.607363 0.061140 
2317.571812 0.060928 
2318.536261 0.060380 
2319.500711 0.060061 
2320.465160 0.059584 
2321.429610 0.059181 
2322.394059 0.058721 
2323.358508 0.058359 
2324.322958 0.058023 
2325.287407 0.057658 
2326.251856 0.057237 
2327.216306 0.056700 
2328.180755 0.056467 
2329.145204 0.055939 
2330.109654 0.055536 
2331.074103 0.055072 
2332.038552 0.054823 
2333.003002 0.054427 
2333.967451 0.054263 
2334.931901 0.054052 
2335.896350 0.053758 
2336.860799 0.053405 
2337.825249 0.053434 
2338.789698 0.053167 
2339.754147 0.052954 
2340.718597 0.052707 
2341.683046 0.052840 
2342.647495 0.052937 
2343.611945 0.053187 
2344.576394 0.053694 
2345.540844 0.054476 
2346.505293 0.055606 
2347.469742 0.056999 
2348.434192 0.058578 
2349.398641 0.058448 
2350.363090 0.057023 
2351.327540 0.055668 
2352.291989 0.054246 
2353.256438 0.053138 
2354.220888 0.052231 
2355.185337 0.051544 
2356.149786 0.050459 
2357.114236 0.049897 
2358.078685 0.049407 
2359.043135 0.049335 
2360.007584 0.048768 
2360.972033 0.048845 
2361.936483 0.048930 
2362.900932 0.049327 
2363.865381 0.049697 
2364.829831 0.050358 
2365.794280 0.050778 
2366.758729 0.051696 
2367.723179 0.052454 
2368.687628 0.053388 
2369.652078 0.054235 
2370.616527 0.055238 
2371.580976 0.056091 
2372.545426 0.056912 
2373.509875 0.057696 
2374.474324 0.058584 
2375.438774 0.059349 
2376.403223 0.060077 
2377.367672 0.060717 
2378.332122 0.061267 
2379.296571 0.061746 
2380.261020 0.062247 
2381.225470 0.062641 
2382.189919 0.062808 
2383.154369 0.062886 
2384.118818 0.062985 
2385.083267 0.063045 
2386.047717 0.063051 
2387.012166 0.063049 
2387.976615 0.063052 
2388.941065 0.063025 
2389.905514 0.063021 
2390.869963 0.063021 
2391.834413 0.062998 
2392.798862 0.062998 
2393.763312 0.062983 
2394.727761 0.062990 
2395.692210 0.062997 
2396.656660 0.062997 
2397.621109 0.063050 
2398.585558 0.063046 
2399.550008 0.063005 
2400.514457 0.062985 
2401.478906 0.063006 
2402.443356 0.063021 
2403.407805 0.063020 
2404.372254 0.063029 
2405.336704 0.062996 
2406.301153 0.062986 
2407.265603 0.062993 
2408.230052 0.063013 
2409.194501 0.063063 
2410.158951 0.063085 
2411.123400 0.063097 
2412.087849 0.063105 
2413.052299 0.063130 
2414.016748 0.063133 
2414.981197 0.063125 
2415.945647 0.063077 
2416.910096 0.063076 
2417.874546 0.063102 
2418.838995 0.063086 
2419.803444 0.063028 
2420.767894 0.063004 
2421.732343 0.062998 
2422.696792 0.062959 
2423.661242 0.062938 
2424.625691 0.062890 
2425.590140 0.062848 
2426.554590 0.062843 
2427.519039 0.062825 
2428.483488 0.062805 
2429.447938 0.062786 
2430.412387 0.062775 
2431.376837 0.062705 
2432.341286 0.062680 
2433.305735 0.062695 
2434.270185 0.062668 
2435.234634 0.062570 
2436.199083 0.062494 
2437.163533 0.062495 
2438.127982 0.062511 
2439.092431 0.062483 
2440.056881 0.062476 
2441.021330 0.062436 
2441.985780 0.062380 
2442.950229 0.062334 
2443.914678 0.062314 
2444.879128 0.062253 
2445.843577 0.062202 
2446.808026 0.062190 
2447.772476 0.062159 
2448.736925 0.062104 
2449.701374 0.062090 
2450.665824 0.062095 
2451.630273 0.062084 
2452.594722 0.062013 
2453.559172 0.061949 
2454.523621 0.061918 
2455.488071 0.061903 
2456.452520 0.061879 
2457.416969 0.061834 
2458.381419 0.061832 
2459.345868 0.061852 
2460.310317 0.061845 
2461.274767 0.061821 
2462.239216 0.061752 
2463.203665 0.061749 
2464.168115 0.061754 
2465.132564 0.061710 
2466.097014 0.061686 
2467.061463 0.061706 
2468.025912 0.061718 
2468.990362 0.061692 
2469.954811 0.061640 
2470.919260 0.061614 
2471.883710 0.061586 
2472.848159 0.061556 
2473.812608 0.061555 
2474.777058 0.061578 
2475.741507 0.061575 
2476.705956 0.061536 
2477.670406 0.061516 
2478.634855 0.061547 
2479.599305 0.061569 
2480.563754 0.061547 
2481.528203 0.061526 
2482.492653 0.061576 
2483.457102 0.061618 
2484.421551 0.061634 
2485.386001 0.061620 
2486.350450 0.061648 
2487.314899 0.061711 
2488.279349 0.061731 
2489.243798 0.061757 
2490.208248 0.061795 
2491.172697 0.061744 
2492.137146 0.061754 
2493.101596 0.061834 
2494.066045 0.061882 
2495.030494 0.061882 
2495.994944 0.061876 
2496.959393 0.061917 
2497.923842 0.061966 
2498.888292 0.062000 
2499.852741 0.062070 
2500.817190 0.062084 
2501.781640 0.062078 
2502.746089 0.062128 
2503.710539 0.062184 
2504.674988 0.062183 
2505.639437 0.062189 
2506.603887 0.062216 
2507.568336 0.062251 
2508.532785 0.062317 
2509.497235 0.062344 
2510.461684 0.062326 
2511.426133 0.062372 
2512.390583 0.062434 
2513.355032 0.062476 
2514.319482 0.062557 
2515.283931 0.062587 
2516.248380 0.062609 
2517.212830 0.062681 
2518.177279 0.062745 
2519.141728 0.062806 
2520.106178 0.062875 
2521.070627 0.062866 
2522.035076 0.062831 
2522.999526 0.062851 
2523.963975 0.062895 
2524.928424 0.062944 
2525.892874 0.062954 
2526.857323 0.062974 
2527.821773 0.063002 
2528.786222 0.063039 
2529.750671 0.063018 
2530.715121 0.063054 
2531.679570 0.063066 
2532.644019 0.063121 
2533.608469 0.063109 
2534.572918 0.063121 
2535.537367 0.063139 
2536.501817 0.063198 
2537.466266 0.063259 
2538.430716 0.063287 
2539.395165 0.063291 
2540.359614 0.063320 
2541.324064 0.063366 
2542.288513 0.063378 
2543.252962 0.063356 
2544.217412 0.063378 
2545.181861 0.063437 
2546.146310 0.063461 
2547.110760 0.063435 
2548.075209 0.063415 
2549.039658 0.063462 
2550.004108 0.063496 
2550.968557 0.063456 
2551.933007 0.063454 
2552.897456 0.063460 
2553.861905 0.063447 
2554.826355 0.063482 
2555.790804 0.063485 
2556.755253 0.063535 
2557.719703 0.063545 
2558.684152 0.063524 
2559.648601 0.063516 
2560.613051 0.063540 
2561.577500 0.063543 
2562.541950 0.063544 
2563.506399 0.063550 
2564.470848 0.063536 
2565.435298 0.063566 
2566.399747 0.063593 
2567.364196 0.063592 
2568.328646 0.063589 
2569.293095 0.063623 
2570.257544 0.063637 
2571.221994 0.063663 
2572.186443 0.063691 
2573.150892 0.063684 
2574.115342 0.063739 
2575.079791 0.063709 
2576.044241 0.063613 
2577.008690 0.063626 
2577.973139 0.063700 
2578.937589 0.063709 
2579.902038 0.063654 
2580.866487 0.063576 
2581.830937 0.063598 
2582.795386 0.063649 
2583.759835 0.063616 
2584.724285 0.063583 
2585.688734 0.063597 
2586.653184 0.063577 
2587.617633 0.063600 
2588.582082 0.063572 
2589.546532 0.063542 
2590.510981 0.063579 
2591.475430 0.063645 
2592.439880 0.063646 
2593.404329 0.063592 
2594.368778 0.063542 
2595.333228 0.063591 
2596.297677 0.063626 
2597.262126 0.063598 
2598.226576 0.063549 
2599.191025 0.063527 
2600.155475 0.063545 
2601.119924 0.063570 
2602.084373 0.063560 
2603.048823 0.063541 
2604.013272 0.063503 
2604.977721 0.063474 
2605.942171 0.063453 
2606.906620 0.063397 
2607.871069 0.063326 
2608.835519 0.063334 
2609.799968 0.063353 
2610.764418 0.063356 
2611.728867 0.063337 
2612.693316 0.063336 
2613.657766 0.063405 
2614.622215 0.063390 
2615.586664 0.063303 
2616.551114 0.063317 
2617.515563 0.063350 
2618.480012 0.063333 
2619.444462 0.063302 
2620.408911 0.063284 
2621.373360 0.063307 
2622.337810 0.063294 
2623.302259 0.063280 
2624.266709 0.063259 
2625.231158 0.063225 
2626.195607 0.063213 
2627.160057 0.063181 
2628.124506 0.063210 
2629.088955 0.063252 
2630.053405 0.063249 
2631.017854 0.063241 
2631.982303 0.063223 
2632.946753 0.063189 
2633.911202 0.063180 
2634.875652 0.063170 
2635.840101 0.063149 
2636.804550 0.063124 
2637.769000 0.063104 
2638.733449 0.063114 
2639.697898 0.063128 
2640.662348 0.063114 
2641.626797 0.063116 
2642.591246 0.063144 
2643.555696 0.063163 
2644.520145 0.063156 
2645.484594 0.063158 
2646.449044 0.063167 
2647.413493 0.063151 
2648.377943 0.063196 
2649.342392 0.063251 
2650.306841 0.063232 
2651.271291 0.063203 
2652.235740 0.063200 
2653.200189 0.063263 
2654.164639 0.063289 
2655.129088 0.063304 
2656.093537 0.063405 
2657.057987 0.063413 
2658.022436 0.063380 
2658.986886 0.063389 
2659.951335 0.063405 
2660.915784 0.063435 
2661.880234 0.063450 
2662.844683 0.063434 
2663.809132 0.063425 
2664.773582 0.063478 
2665.738031 0.063568 
2666.702480 0.063609 
2667.666930 0.063616 
2668.631379 0.063621 
2669.595828 0.063627 
2670.560278 0.063709 
2671.524727 0.063791 
2672.489177 0.063832 
2673.453626 0.063833 
2674.418075 0.063863 
2675.382525 0.063916 
2676.346974 0.063902 
2677.311423 0.063904 
2678.275873 0.063931 
2679.240322 0.064022 
2680.204771 0.064042 
2681.169221 0.063984 
2682.133670 0.064031 
2683.098120 0.064113 
2684.062569 0.064132 
2685.027018 0.064155 
2685.991468 0.064216 
2686.955917 0.064270 
2687.920366 0.064317 
2688.884816 0.064334 
2689.849265 0.064396 
2690.813714 0.064491 
2691.778164 0.064498 
2692.742613 0.064487 
2693.707062 0.064520 
2694.671512 0.064536 
2695.635961 0.064588 
2696.600411 0.064666 
2697.564860 0.064736 
2698.529309 0.064756 
2699.493759 0.064792 
2700.458208 0.064805 
2701.422657 0.064814 
2702.387107 0.064875 
2703.351556 0.064950 
2704.316005 0.064932 
2705.280455 0.064877 
2706.244904 0.064890 
2707.209354 0.064941 
2708.173803 0.064988 
2709.138252 0.065006 
2710.102702 0.064988 
2711.067151 0.065014 
2712.031600 0.065002 
2712.996050 0.064980 
2713.960499 0.065009 
2714.924948 0.065048 
2715.889398 0.065076 
2716.853847 0.065096 
2717.818296 0.065103 
2718.782746 0.065154 
2719.747195 0.065185 
2720.711645 0.065230 
2721.676094 0.065222 
2722.640543 0.065158 
2723.604993 0.065202 
2724.569442 0.065287 
2725.533891 0.065267 
2726.498341 0.065208 
2727.462790 0.065237 
2728.427239 0.065295 
2729.391689 0.065279 
2730.356138 0.065285 
2731.320588 0.065300 
2732.285037 0.065289 
2733.249486 0.065274 
2734.213936 0.065242 
2735.178385 0.065221 
2736.142834 0.065183 
2737.107284 0.065145 
2738.071733 0.065151 
2739.036182 0.065151 
2740.000632 0.065121 
2740.965081 0.065142 
2741.929530 0.065143 
2742.893980 0.065129 
2743.858429 0.065114 
2744.822879 0.065069 
2745.787328 0.065072 
2746.751777 0.065058 
2747.716227 0.064988 
2748.680676 0.065003 
2749.645125 0.065027 
2750.609575 0.064987 
2751.574024 0.065004 
2752.538473 0.065007 
2753.502923 0.064966 
2754.467372 0.064985 
2755.431822 0.065017 
2756.396271 0.065015 
2757.360720 0.064991 
2758.325170 0.064957 
2759.289619 0.064903 
2760.254068 0.064884 
2761.218518 0.064891 
2762.182967 0.064872 
2763.147416 0.064843 
2764.111866 0.064813 
2765.076315 0.064806 
2766.040764 0.064809 
2767.005214 0.064817 
2767.969663 0.064808 
2768.934113 0.064783 
2769.898562 0.064770 
2770.863011 0.064767 
2771.827461 0.064801 
2772.791910 0.064771 
2773.756359 0.064700 
2774.720809 0.064686 
2775.685258 0.064657 
2776.649707 0.064710 
2777.614157 0.064761 
2778.578606 0.064756 
2779.543056 0.064780 
2780.507505 0.064792 
2781.471954 0.064753 
2782.436404 0.064758 
2783.400853 0.064791 
2784.365302 0.064789 
2785.329752 0.064817 
2786.294201 0.064820 
2787.258650 0.064851 
2788.223100 0.064853 
2789.187549 0.064818 
2790.151998 0.064886 
2791.116448 0.064910 
2792.080897 0.064870 
2793.045347 0.064915 
2794.009796 0.064966 
2794.974245 0.065016 
2795.938695 0.065051 
2796.903144 0.065074 
2797.867593 0.065065 
2798.832043 0.065099 
2799.796492 0.065196 
2800.760941 0.065216 
2801.725391 0.065283 
2802.689840 0.065334 
2803.654290 0.065311 
2804.618739 0.065363 
2805.583188 0.065378 
2806.547638 0.065422 
2807.512087 0.065510 
2808.476536 0.065587 
2809.440986 0.065583 
2810.405435 0.065537 
2811.369884 0.065599 
2812.334334 0.065637 
2813.298783 0.065674 
2814.263232 0.065702 
2815.227682 0.065760 
2816.192131 0.065832 
2817.156581 0.065862 
2818.121030 0.065874 
2819.085479 0.065965 
2820.049929 0.066045 
2821.014378 0.066048 
2821.978827 0.066088 
2822.943277 0.066100 
2823.907726 0.066119 
2824.872175 0.066225 
2825.836625 0.066353 
2826.801074 0.066340 
2827.765524 0.066353 
2828.729973 0.066440 
2829.694422 0.066484 
2830.658872 0.066534 
2831.623321 0.066563 
2832.587770 0.066638 
2833.552220 0.066762 
2834.516669 0.066783 
2835.481118 0.066803 
2836.445568 0.066943 
2837.410017 0.067040 
2838.374466 0.066999 
2839.338916 0.066980 
2840.303365 0.067076 
2841.267815 0.067267 
2842.232264 0.067415 
2843.196713 0.067464 
2844.161163 0.067548 
2845.125612 0.067724 
2846.090061 0.067933 
2847.054511 0.068075 
2848.018960 0.068220 
2848.983409 0.068395 
2849.947859 0.068556 
2850.912308 0.068624 
2851.876758 0.068615 
2852.841207 0.068574 
2853.805656 0.068628 
2854.770106 0.068690 
2855.734555 0.068749 
2856.699004 0.068777 
2857.663454 0.068812 
2858.627903 0.068870 
2859.592352 0.068882 
2860.556802 0.068869 
2861.521251 0.068872 
2862.485700 0.068905 
2863.450150 0.068978 
2864.414599 0.069032 
2865.379049 0.069051 
2866.343498 0.069042 
2867.307947 0.069068 
2868.272397 0.069155 
2869.236846 0.069209 
2870.201295 0.069234 
2871.165745 0.069345 
2872.130194 0.069414 
2873.094643 0.069412 
2874.059093 0.069441 
2875.023542 0.069567 
2875.987992 0.069620 
2876.952441 0.069578 
2877.916890 0.069465 
2878.881340 0.069295 
2879.845789 0.069197 
2880.810238 0.069167 
2881.774688 0.069078 
2882.739137 0.069001 
2883.703586 0.068952 
2884.668036 0.068950 
2885.632485 0.068954 
2886.596934 0.068962 
2887.561384 0.068944 
2888.525833 0.068978 
2889.490283 0.069026 
2890.454732 0.069041 
2891.419181 0.068995 
2892.383631 0.069004 
2893.348080 0.069047 
2894.312529 0.069116 
2895.276979 0.069124 
2896.241428 0.069103 
2897.205877 0.069200 
2898.170327 0.069311 
2899.134776 0.069392 
2900.099226 0.069462 
2901.063675 0.069509 
2902.028124 0.069572 
2902.992574 0.069647 
2903.957023 0.069674 
2904.921472 0.069702 
2905.885922 0.069802 
2906.850371 0.069899 
2907.814820 0.069970 
2908.779270 0.070061 
2909.743719 0.070132 
2910.708168 0.070218 
2911.672618 0.070415 
2912.637067 0.070560 
2913.601517 0.070692 
2914.565966 0.070890 
2915.530415 0.071034 
2916.494865 0.071083 
2917.459314 0.071201 
2918.423763 0.071302 
2919.388213 0.071350 
2920.352662 0.071461 
2921.317111 0.071579 
2922.281561 0.071692 
2923.246010 0.071708 
2924.210460 0.071754 
2925.174909 0.071826 
2926.139358 0.071895 
2927.103808 0.071952 
2928.068257 0.072044 
2929.032706 0.072078 
2929.997156 0.072019 
2930.961605 0.072033 
2931.926054 0.072110 
2932.890504 0.072179 
2933.854953 0.072192 
2934.819402 0.072152 
2935.783852 0.072071 
2936.748301 0.071989 
2937.712751 0.071872 
2938.677200 0.071753 
2939.641649 0.071672 
2940.606099 0.071592 
2941.570548 0.071543 
2942.534997 0.071475 
2943.499447 0.071381 
2944.463896 0.071322 
2945.428345 0.071364 
2946.392795 0.071336 
2947.357244 0.071358 
2948.321694 0.071530 
2949.286143 0.071710 
2950.250592 0.071895 
2951.215042 0.072031 
2952.179491 0.072063 
2953.143940 0.072152 
2954.108390 0.072448 
2955.072839 0.072621 
2956.037288 0.072754 
2957.001738 0.072956 
2957.966187 0.073162 
2958.930636 0.073382 
2959.895086 0.073568 
2960.859535 0.073612 
2961.823985 0.073616 
2962.788434 0.073581 
2963.752883 0.073541 
2964.717333 0.073436 
2965.681782 0.073330 
2966.646231 0.073184 
2967.610681 0.072985 
2968.575130 0.072769 
2969.539579 0.072596 
2970.504029 0.072386 
2971.468478 0.072152 
2972.432928 0.071942 
2973.397377 0.071805 
2974.361826 0.071617 
2975.326276 0.071425 
2976.290725 0.071377 
2977.255174 0.071363 
2978.219624 0.071320 
2979.184073 0.071275 
2980.148522 0.071232 
2981.112972 0.071140 
2982.077421 0.071034 
2983.041870 0.071041 
2984.006320 0.071072 
2984.970769 0.071084 
2985.935219 0.071108 
2986.899668 0.071110 
2987.864117 0.071143 
2988.828567 0.071160 
2989.793016 0.071168 
2990.757465 0.071189 
2991.721915 0.071170 
2992.686364 0.071113 
2993.650813 0.071176 
2994.615263 0.071307 
2995.579712 0.071331 
2996.544162 0.071295 
2997.508611 0.071238 
2998.473060 0.071220 
2999.437510 0.071286 
3000.401959 0.071403 
3001.366408 0.071483 
3002.330858 0.071543 
3003.295307 0.071536 
3004.259756 0.071571 
3005.224206 0.071694 
3006.188655 0.071776 
3007.153104 0.071794 
3008.117554 0.071809 
3009.082003 0.071912 
3010.046453 0.072042 
3011.010902 0.072088 
3011.975351 0.072126 
3012.939801 0.072220 
3013.904250 0.072138 
3014.868699 0.072099 
3015.833149 0.072179 
3016.797598 0.072173 
3017.762047 0.072162 
3018.726497 0.072259 
3019.690946 0.072357 
3020.655396 0.072424 
3021.619845 0.072504 
3022.584294 0.072707 
3023.548744 0.072746 
3024.513193 0.072580 
3025.477642 0.072556 
3026.442092 0.072711 
3027.406541 0.072763 
3028.370990 0.072730 
3029.335440 0.072708 
3030.299889 0.072752 
3031.264338 0.072866 
3032.228788 0.072855 
3033.193237 0.072790 
3034.157687 0.072826 
3035.122136 0.072873 
3036.086585 0.072930 
3037.051035 0.072938 
3038.015484 0.072979 
3038.979933 0.073028 
3039.944383 0.072994 
3040.908832 0.073061 
3041.873281 0.073079 
3042.837731 0.073050 
3043.802180 0.073068 
3044.766630 0.073042 
3045.731079 0.072982 
3046.695528 0.073003 
3047.659978 0.073041 
3048.624427 0.073072 
3049.588876 0.073125 
3050.553326 0.073102 
3051.517775 0.073014 
3052.482224 0.073066 
3053.446674 0.073162 
3054.411123 0.073095 
3055.375572 0.073078 
3056.340022 0.073219 
3057.304471 0.073180 
3058.268921 0.073125 
3059.233370 0.073202 
3060.197819 0.073254 
3061.162269 0.073255 
3062.126718 0.073298 
3063.091167 0.073211 
3064.055617 0.073232 
3065.020066 0.073437 
3065.984515 0.073454 
3066.948965 0.073428 
3067.913414 0.073380 
3068.877864 0.073302 
3069.842313 0.073330 
3070.806762 0.073391 
3071.771212 0.073453 
3072.735661 0.073476 
3073.700110 0.073504 
3074.664560 0.073553 
3075.629009 0.073639 
3076.593458 0.073701 
3077.557908 0.073716 
3078.522357 0.073748 
3079.486806 0.073851 
3080.451256 0.073908 
3081.415705 0.073943 
3082.380155 0.074096 
3083.344604 0.074220 
3084.309053 0.074182 
3085.273503 0.074089 
3086.237952 0.074041 
3087.202401 0.074037 
3088.166851 0.074127 
3089.131300 0.074182 
3090.095749 0.074130 
3091.060199 0.074109 
3092.024648 0.074167 
3092.989098 0.074208 
3093.953547 0.074226 
3094.917996 0.074234 
3095.882446 0.074334 
3096.846895 0.074436 
3097.811344 0.074488 
3098.775794 0.074576 
3099.740243 0.074608 
3100.704692 0.074562 
3101.669142 0.074566 
3102.633591 0.074689 
3103.598040 0.074773 
3104.562490 0.074786 
3105.526939 0.074864 
3106.491389 0.074991 
3107.455838 0.075115 
3108.420287 0.075130 
3109.384737 0.075104 
3110.349186 0.075163 
3111.313635 0.075238 
3112.278085 0.075362 
3113.242534 0.075476 
3114.206983 0.075571 
3115.171433 0.075711 
3116.135882 0.075884 
3117.100332 0.075958 
3118.064781 0.075982 
3119.029230 0.076045 
3119.993680 0.076026 
3120.958129 0.076000 
3121.922578 0.076019 
3122.887028 0.076104 
3123.851477 0.076154 
3124.815926 0.076233 
3125.780376 0.076342 
3126.744825 0.076473 
3127.709274 0.076564 
3128.673724 0.076631 
3129.638173 0.076653 
3130.602623 0.076669 
3131.567072 0.076698 
3132.531521 0.076771 
3133.495971 0.076979 
3134.460420 0.077075 
3135.424869 0.077168 
3136.389319 0.077301 
3137.353768 0.077397 
3138.318217 0.077438 
3139.282667 0.077481 
3140.247116 0.077487 
3141.211566 0.077588 
3142.176015 0.077733 
3143.140464 0.077855 
3144.104914 0.077941 
3145.069363 0.078037 
3146.033812 0.078130 
3146.998262 0.078175 
3147.962711 0.078191 
3148.927160 0.078251 
3149.891610 0.078368 
3150.856059 0.078516 
3151.820508 0.078562 
3152.784958 0.078578 
3153.749407 0.078623 
3154.713857 0.078655 
3155.678306 0.078733 
3156.642755 0.078882 
3157.607205 0.078995 
3158.571654 0.079037 
3159.536103 0.079077 
3160.500553 0.079091 
3161.465002 0.079177 
3162.429451 0.079308 
3163.393901 0.079415 
3164.358350 0.079475 
3165.322800 0.079516 
3166.287249 0.079574 
3167.251698 0.079649 
3168.216148 0.079726 
3169.180597 0.079770 
3170.145046 0.079858 
3171.109496 0.079948 
3172.073945 0.079965 
3173.038394 0.079978 
3174.002844 0.079995 
3174.967293 0.080034 
3175.931742 0.080104 
3176.896192 0.080205 
3177.860641 0.080305 
3178.825091 0.080327 
3179.789540 0.080350 
3180.753989 0.080434 
3181.718439 0.080506 
3182.682888 0.080543 
3183.647337 0.080564 
3184.611787 0.080655 
3185.576236 0.080765 
3186.540685 0.080810 
3187.505135 0.080864 
3188.469584 0.080909 
3189.434034 0.080926 
3190.398483 0.080937 
3191.362932 0.081048 
3192.327382 0.081142 
3193.291831 0.081168 
3194.256280 0.081222 
3195.220730 0.081287 
3196.185179 0.081342 
3197.149628 0.081381 
3198.114078 0.081545 
3199.078527 0.081594 
3200.042976 0.081586 
3201.007426 0.081623 
3201.971875 0.081649 
3202.936325 0.081712 
3203.900774 0.081761 
3204.865223 0.081761 
3205.829673 0.081715 
3206.794122 0.081716 
3207.758571 0.081822 
3208.723021 0.081915 
3209.687470 0.081986 
3210.651919 0.082069 
3211.616369 0.082141 
3212.580818 0.082080 
3213.545268 0.082072 
3214.509717 0.082171 
3215.474166 0.082230 
3216.438616 0.082312 
3217.403065 0.082377 
3218.367514 0.082428 
3219.331964 0.082500 
3220.296413 0.082564 
3221.260862 0.082567 
3222.225312 0.082596 
3223.189761 0.082581 
3224.154210 0.082571 
3225.118660 0.082650 
3226.083109 0.082713 
3227.047559 0.082690 
3228.012008 0.082758 
3228.976457 0.082806 
3229.940907 0.082847 
3230.905356 0.082862 
3231.869805 0.082896 
3232.834255 0.082868 
3233.798704 0.082823 
3234.763153 0.082772 
3235.727603 0.082902 
3236.692052 0.083059 
3237.656502 0.083083 
3238.620951 0.083106 
3239.585400 0.083205 
3240.549850 0.083291 
3241.514299 0.083318 
3242.478748 0.083316 
3243.443198 0.083286 
3244.407647 0.083342 
3245.372096 0.083436 
3246.336546 0.083361 
3247.300995 0.083316 
3248.265444 0.083357 
3249.229894 0.083470 
3250.194343 0.083556 
3251.158793 0.083590 
3252.123242 0.083630 
3253.087691 0.083658 
3254.052141 0.083794 
3255.016590 0.083802 
3255.981039 0.083607 
3256.945489 0.083646 
3257.909938 0.083839 
3258.874387 0.083894 
3259.838837 0.083916 
3260.803286 0.084011 
3261.767736 0.084040 
3262.732185 0.084042 
3263.696634 0.084094 
3264.661084 0.084161 
3265.625533 0.084153 
3266.589982 0.084151 
3267.554432 0.084171 
3268.518881 0.084290 
3269.483330 0.084278 
3270.447780 0.084253 
3271.412229 0.084284 
3272.376678 0.084344 
3273.341128 0.084502 
3274.305577 0.084645 
3275.270027 0.084549 
3276.234476 0.084647 
3277.198925 0.084795 
3278.163375 0.084838 
3279.127824 0.084910 
3280.092273 0.084947 
3281.056723 0.084985 
3282.021172 0.085123 
3282.985621 0.085295 
3283.950071 0.085355 
3284.914520 0.085268 
3285.878970 0.085283 
3286.843419 0.085373 
3287.807868 0.085368 
3288.772318 0.085517 
3289.736767 0.085611 
3290.701216 0.085639 
3291.665666 0.085670 
3292.630115 0.085748 
3293.594564 0.085871 
3294.559014 0.085986 
3295.523463 0.086016 
3296.487912 0.085989 
3297.452362 0.086203 
3298.416811 0.086368 
3299.381261 0.086461 
3300.345710 0.086543 
3301.310159 0.086537 
3302.274609 0.086624 
3303.239058 0.086705 
3304.203507 0.086667 
3305.167957 0.086723 
3306.132406 0.086790 
3307.096855 0.086872 
3308.061305 0.087024 
3309.025754 0.087160 
3309.990204 0.087254 
3310.954653 0.087393 
3311.919102 0.087491 
3312.883552 0.087542 
3313.848001 0.087664 
3314.812450 0.087820 
3315.776900 0.087917 
3316.741349 0.087994 
3317.705798 0.088153 
3318.670248 0.088253 
3319.634697 0.088374 
3320.599146 0.088507 
3321.563596 0.088518 
3322.528045 0.088563 
3323.492495 0.088777 
3324.456944 0.088889 
3325.421393 0.088732 
3326.385843 0.088794 
3327.350292 0.089022 
3328.314741 0.089149 
3329.279191 0.089259 
3330.243640 0.089301 
3331.208089 0.089376 
3332.172539 0.089512 
3333.136988 0.089587 
3334.101438 0.089830 
3335.065887 0.090021 
3336.030336 0.090057 
3336.994786 0.090268 
3337.959235 0.090259 
3338.923684 0.090074 
3339.888134 0.090128 
3340.852583 0.090362 
3341.817032 0.090437 
3342.781482 0.090355 
3343.745931 0.090344 
3344.710380 0.090486 
3345.674830 0.090695 
3346.639279 0.090869 
3347.603729 0.090945 
3348.568178 0.091062 
3349.532627 0.091098 
3350.497077 0.091018 
3351.461526 0.091071 
3352.425975 0.091178 
3353.390425 0.091274 
3354.354874 0.091405 
3355.319323 0.091598 
3356.283773 0.091688 
3357.248222 0.091706 
3358.212672 0.091751 
3359.177121 0.091837 
3360.141570 0.091821 
3361.106020 0.091807 
3362.070469 0.091930 
3363.034918 0.091880 
3363.999368 0.091882 
3364.963817 0.092047 
3365.928266 0.092071 
3366.892716 0.091976 
3367.857165 0.092049 
3368.821614 0.092157 
3369.786064 0.092159 
3370.750513 0.092119 
3371.714963 0.092144 
3372.679412 0.092211 
3373.643861 0.092307 
3374.608311 0.092397 
3375.572760 0.092373 
3376.537209 0.092310 
3377.501659 0.092467 
3378.466108 0.092756 
3379.430557 0.092743 
3380.395007 0.092633 
3381.359456 0.092635 
3382.323906 0.092646 
3383.288355 0.092773 
3384.252804 0.092961 
3385.217254 0.092979 
3386.181703 0.092862 
3387.146152 0.092854 
3388.110602 0.092883 
3389.075051 0.092896 
3390.039500 0.092896 
3391.003950 0.092837 
3391.968399 0.092897 
3392.932848 0.093184 
3393.897298 0.093249 
3394.861747 0.093098 
3395.826197 0.093117 
3396.790646 0.093384 
3397.755095 0.093584 
3398.719545 0.093379 
3399.683994 0.093255 
3400.648443 0.093327 
3401.612893 0.093323 
3402.577342 0.093169 
3403.541791 0.093271 
3404.506241 0.093400 
3405.470690 0.093389 
3406.435140 0.093392 
3407.399589 0.093414 
3408.364038 0.093324 
3409.328488 0.093265 
3410.292937 0.093422 
3411.257386 0.093551 
3412.221836 0.093508 
3413.186285 0.093511 
3414.150734 0.093613 
3415.115184 0.093726 
3416.079633 0.093825 
3417.044082 0.093808 
3418.008532 0.093767 
3418.972981 0.093898 
3419.937431 0.094209 
3420.901880 0.094332 
3421.866329 0.094268 
3422.830779 0.094345 
3423.795228 0.094241 
3424.759677 0.094165 
3425.724127 0.094138 
3426.688576 0.094210 
3427.653025 0.094306 
3428.617475 0.094392 
3429.581924 0.094388 
3430.546374 0.094299 
3431.510823 0.094358 
3432.475272 0.094550 
3433.439722 0.094608 
3434.404171 0.094490 
3435.368620 0.094555 
3436.333070 0.094692 
3437.297519 0.094682 
3438.261968 0.094697 
3439.226418 0.094715 
3440.190867 0.094723 
3441.155316 0.094766 
3442.119766 0.095049 
3443.084215 0.095272 
3444.048665 0.095079 
3445.013114 0.095027 
3445.977563 0.094967 
3446.942013 0.095466 
3447.906462 0.095695 
3448.870911 0.095154 
3449.835361 0.094956 
3450.799810 0.094855 
3451.764259 0.094807 
3452.728709 0.094841 
3453.693158 0.094887 
3454.657608 0.094911 
3455.622057 0.095100 
3456.586506 0.095242 
3457.550956 0.095233 
3458.515405 0.095315 
3459.479854 0.095236 
3460.444304 0.095149 
3461.408753 0.095142 
3462.373202 0.095184 
3463.337652 0.095187 
3464.302101 0.094951 
3465.266550 0.094787 
3466.231000 0.094817 
3467.195449 0.094943 
3468.159899 0.094736 
3469.124348 0.094473 
3470.088797 0.094402 
3471.053247 0.094524 
3472.017696 0.094481 
3472.982145 0.094492 
3473.946595 0.094552 
3474.911044 0.094676 
3475.875493 0.094596 
3476.839943 0.094353 
3477.804392 0.094303 
3478.768842 0.094316 
3479.733291 0.094408 
3480.697740 0.094677 
3481.662190 0.094729 
3482.626639 0.094784 
3483.591088 0.094421 
3484.555538 0.094150 
3485.519987 0.094157 
3486.484436 0.093961 
3487.448886 0.093818 
3488.413335 0.093977 
3489.377784 0.093648 
3490.342234 0.093444 
3491.306683 0.093430 
3492.271133 0.093311 
3493.235582 0.093140 
3494.200031 0.092901 
3495.164481 0.092855 
3496.128930 0.093063 
3497.093379 0.093044 
3498.057829 0.092694 
3499.022278 0.092600 
3499.986727 0.092908 
3500.951177 0.093177 
3501.915626 0.093415 
3502.880076 0.093509 
3503.844525 0.093378 
3504.808974 0.092855 
3505.773424 0.092292 
3506.737873 0.091942 
3507.702322 0.091777 
3508.666772 0.092202 
3509.631221 0.092958 
3510.595670 0.092462 
3511.560120 0.091849 
3512.524569 0.091496 
3513.489018 0.091209 
3514.453468 0.091040 
3515.417917 0.091037 
3516.382367 0.091071 
3517.346816 0.091093 
3518.311265 0.091038 
3519.275715 0.090951 
3520.240164 0.090785 
3521.204613 0.090613 
3522.169063 0.090841 
3523.133512 0.091826 
3524.097961 0.091921 
3525.062411 0.091395 
3526.026860 0.090989 
3526.991310 0.090991 
3527.955759 0.091010 
3528.920208 0.090717 
3529.884658 0.090357 
3530.849107 0.090120 
3531.813556 0.090108 
3532.778006 0.089729 
3533.742455 0.089422 
3534.706904 0.089293 
3535.671354 0.089736 
3536.635803 0.090343 
3537.600252 0.089689 
3538.564702 0.089110 
3539.529151 0.088921 
3540.493601 0.088806 
3541.458050 0.088647 
3542.422499 0.088575 
3543.386949 0.088906 
3544.351398 0.089512 
3545.315847 0.090228 
3546.280297 0.090032 
3547.244746 0.090006 
3548.209195 0.089145 
3549.173645 0.088239 
3550.138094 0.087891 
3551.102544 0.087573 
3552.066993 0.088141 
3553.031442 0.088520 
3553.995892 0.088200 
3554.960341 0.087616 
3555.924790 0.087175 
3556.889240 0.087185 
3557.853689 0.087150 
3558.818138 0.086980 
3559.782588 0.087583 
3560.747037 0.087794 
3561.711486 0.087118 
3562.675936 0.087042 
3563.640385 0.087128 
3564.604835 0.086931 
3565.569284 0.087937 
3566.533733 0.090164 
3567.498183 0.089988 
3568.462632 0.089769 
3569.427081 0.087674 
3570.391531 0.086612 
3571.355980 0.086265 
3572.320429 0.085747 
3573.284879 0.085583 
3574.249328 0.085681 
3575.213778 0.085668 
3576.178227 0.085468 
3577.142676 0.085499 
3578.107126 0.085288 
3579.071575 0.085243 
3580.036024 0.085753 
3581.000474 0.085529 
3581.964923 0.084908 
3582.929372 0.084893 
3583.893822 0.084977 
3584.858271 0.084611 
3585.822720 0.084712 
3586.787170 0.086592 
3587.751619 0.087039 
3588.716069 0.086993 
3589.680518 0.085770 
3590.644967 0.084426 
3591.609417 0.083767 
3592.573866 0.083759 
3593.538315 0.084379 
3594.502765 0.084074 
3595.467214 0.084912 
3596.431663 0.084790 
3597.396113 0.083675 
3598.360562 0.083534 
3599.325012 0.083282 
3600.289461 0.083129 
3601.253910 0.083549 
3602.218360 0.083424 
3603.182809 0.083306 
3604.147258 0.082979 
3605.111708 0.082433 
3606.076157 0.082366 
3607.040606 0.083770 
3608.005056 0.083499 
3608.969505 0.083400 
3609.933954 0.084019 
3610.898404 0.082548 
3611.862853 0.082363 
3612.827303 0.083860 
3613.791752 0.083563 
3614.756201 0.083568 
3615.720651 0.082844 
3616.685100 0.081524 
3617.649549 0.082196 
3618.613999 0.082480 
3619.578448 0.082718 
3620.542897 0.082664 
3621.507347 0.081821 
3622.471796 0.081145 
3623.436246 0.080823 
3624.400695 0.080588 
3625.365144 0.080614 
3626.329594 0.080912 
3627.294043 0.080005 
3628.258492 0.079992 
3629.222942 0.082813 
3630.187391 0.082915 
3631.151840 0.081285 
3632.116290 0.080294 
3633.080739 0.080074 
3634.045188 0.080719 
3635.009638 0.080194 
3635.974087 0.079516 
3636.938537 0.079310 
3637.902986 0.079436 
3638.867435 0.079474 
3639.831885 0.079367 
3640.796334 0.079284 
3641.760783 0.079508 
3642.725233 0.079822 
3643.689682 0.079384 
3644.654131 0.078987 
3645.618581 0.078608 
3646.583030 0.079046 
3647.547480 0.079987 
3648.511929 0.078870 
3649.476378 0.078648 
3650.440828 0.078611 
3651.405277 0.079475 
3652.369726 0.078833 
3653.334176 0.078154 
3654.298625 0.077531 
3655.263074 0.076963 
3656.227524 0.078171 
3657.191973 0.078694 
3658.156422 0.077791 
3659.120872 0.077524 
3660.085321 0.077361 
3661.049771 0.077167 
3662.014220 0.077107 
3662.978669 0.077100 
3663.943119 0.076951 
3664.907568 0.076939 
3665.872017 0.076989 
3666.836467 0.076609 
3667.800916 0.075981 
3668.765365 0.076325 
3669.729815 0.076203 
3670.694264 0.077025 
3671.658714 0.077155 
3672.623163 0.076107 
3673.587612 0.075087 
3674.552062 0.074281 
3675.516511 0.075887 
3676.480960 0.077162 
3677.445410 0.076350 
3678.409859 0.075621 
3679.374308 0.075924 
3680.338758 0.076191 
3681.303207 0.075840 
3682.267656 0.075620 
3683.232106 0.075366 
3684.196555 0.075405 
3685.161005 0.075428 
3686.125454 0.075158 
3687.089903 0.074063 
3688.054353 0.073904 
3689.018802 0.075134 
3689.983251 0.074212 
3690.947701 0.074581 
3691.912150 0.075342 
3692.876599 0.074900 
3693.841049 0.074887 
3694.805498 0.074682 
3695.769948 0.074502 
3696.734397 0.074702 
3697.698846 0.074557 
3698.663296 0.074397 
3699.627745 0.074212 
3700.592194 0.073703 
3701.556644 0.074420 
3702.521093 0.074999 
3703.485542 0.074253 
3704.449992 0.073959 
3705.414441 0.074162 
3706.378890 0.074428 
3707.343340 0.074084 
3708.307789 0.073351 
3709.272239 0.073683 
3710.236688 0.074098 
3711.201137 0.073388 
3712.165587 0.074570 
3713.130036 0.075163 
3714.094485 0.074651 
3715.058935 0.074952 
3716.023384 0.074606 
3716.987833 0.073850 
3717.952283 0.073331 
3718.916732 0.074009 
3719.881182 0.074151 
3720.845631 0.073188 
3721.810080 0.073487 
3722.774530 0.074890 
3723.738979 0.074231 
3724.703428 0.074064 
3725.667878 0.074458 
3726.632327 0.074905 
3727.596776 0.074637 
3728.561226 0.073468 
3729.525675 0.072763 
3730.490124 0.072266 
3731.454574 0.071737 
3732.419023 0.072426 
3733.383473 0.072344 
3734.347922 0.073520 
3735.312371 0.075930 
3736.276821 0.075321 
3737.241270 0.074240 
3738.205719 0.073365 
3739.170169 0.073217 
3740.134618 0.073225 
3741.099067 0.074004 
3742.063517 0.073613 
3743.027966 0.072109 
3743.992416 0.071730 
3744.956865 0.074695 
3745.921314 0.073937 
3746.885764 0.073543 
3747.850213 0.072915 
3748.814662 0.072034 
3749.779112 0.073120 
3750.743561 0.072619 
3751.708010 0.072611 
3752.672460 0.074263 
3753.636909 0.074082 
3754.601358 0.073377 
3755.565808 0.072848 
3756.530257 0.073279 
3757.494707 0.073565 
3758.459156 0.073337 
3759.423605 0.073765 
3760.388055 0.073728 
3761.352504 0.073125 
3762.316953 0.073157 
3763.281403 0.073399 
3764.245852 0.073245 
3765.210301 0.073331 
3766.174751 0.073944 
3767.139200 0.073572 
3768.103650 0.073074 
3769.068099 0.072763 
3770.032548 0.073596 
3770.996998 0.073819 
3771.961447 0.073582 
3772.925896 0.073427 
3773.890346 0.073345 
3774.854795 0.073306 
3775.819244 0.073401 
3776.783694 0.073482 
3777.748143 0.073215 
3778.712592 0.072806 
3779.677042 0.073332 
3780.641491 0.073501 
3781.605941 0.073431 
3782.570390 0.073399 
3783.534839 0.073256 
3784.499289 0.073637 
3785.463738 0.073912 
3786.428187 0.073780 
3787.392637 0.073592 
3788.357086 0.073444 
3789.321535 0.073490 
3790.285985 0.073376 
3791.250434 0.073349 
3792.214884 0.073447 
3793.179333 0.073473 
3794.143782 0.073277 
3795.108232 0.072834 
3796.072681 0.072930 
3797.037130 0.073886 
3798.001580 0.074151 
3798.966029 0.073626 
3799.930478 0.072592 
3800.894928 0.072221 
3801.859377 0.072978 
3802.823826 0.073530 
3803.788276 0.073597 
3804.752725 0.073211 
3805.717175 0.072439 
3806.681624 0.072468 
3807.646073 0.073406 
3808.610523 0.073306 
3809.574972 0.073331 
3810.539421 0.073409 
3811.503871 0.073401 
3812.468320 0.073335 
3813.432769 0.073292 
3814.397219 0.072753 
3815.361668 0.072113 
3816.326118 0.072938 
3817.290567 0.073265 
3818.255016 0.073301 
3819.219466 0.072909 
3820.183915 0.072131 
3821.148364 0.072648 
3822.112814 0.073891 
3823.077263 0.073747 
3824.041712 0.073603 
3825.006162 0.073221 
3825.970611 0.072998 
3826.935060 0.073434 
3827.899510 0.073399 
3828.863959 0.073110 
3829.828409 0.072783 
3830.792858 0.072499 
3831.757307 0.073007 
3832.721757 0.073051 
3833.686206 0.072484 
3834.650655 0.072879 
3835.615105 0.073132 
3836.579554 0.071875 
3837.544003 0.072247 
3838.508453 0.073387 
3839.472902 0.073081 
3840.437352 0.073710 
3841.401801 0.073737 
3842.366250 0.072785 
3843.330700 0.073012 
3844.295149 0.073496 
3845.259598 0.073052 
3846.224048 0.072804 
3847.188497 0.072689 
3848.152946 0.072631 
3849.117396 0.072914 
3850.081845 0.072955 
3851.046294 0.072046 
3852.010744 0.072074 
3852.975193 0.071371 
3853.939643 0.072445 
3854.904092 0.074032 
3855.868541 0.072989 
3856.832991 0.073330 
3857.797440 0.073778 
3858.761889 0.073079 
3859.726339 0.072505 
3860.690788 0.072289 
3861.655237 0.073094 
3862.619687 0.073257 
3863.584136 0.072404 
3864.548586 0.072732 
3865.513035 0.073653 
3866.477484 0.073162 
3867.441934 0.072573 
3868.406383 0.072070 
3869.370832 0.072840 
3870.335282 0.074609 
3871.299731 0.074192 
3872.264180 0.073214 
3873.228630 0.072810 
3874.193079 0.073728 
3875.157528 0.073357 
3876.121978 0.072661 
3877.086427 0.072584 
3878.050877 0.072584 
3879.015326 0.072411 
3879.979775 0.073300 
3880.944225 0.074775 
3881.908674 0.073602 
3882.873123 0.073248 
3883.837573 0.073373 
3884.802022 0.072820 
3885.766471 0.073414 
3886.730921 0.073635 
3887.695370 0.073026 
3888.659820 0.072909 
3889.624269 0.072562 
3890.588718 0.072651 
3891.553168 0.073736 
3892.517617 0.073539 
3893.482066 0.073407 
3894.446516 0.073656 
3895.410965 0.073223 
3896.375414 0.072957 
3897.339864 0.073050 
3898.304313 0.073351 
3899.268762 0.074410 
3900.233212 0.073947 
3901.197661 0.073673 
3902.162111 0.075060 
3903.126560 0.074143 
3904.091009 0.074300 
3905.055459 0.074897 
3906.019908 0.074578 
3906.984357 0.073681 
3907.948807 0.073034 
3908.913256 0.072925 
3909.877705 0.072870 
3910.842155 0.072864 
3911.806604 0.073001 
3912.771054 0.072984 
3913.735503 0.073053 
3914.699952 0.073220 
3915.664402 0.073579 
3916.628851 0.074614 
3917.593300 0.074894 
3918.557750 0.073784 
3919.522199 0.073867 
3920.486648 0.074437 
3921.451098 0.073658 
3922.415547 0.073270 
3923.379996 0.073925 
3924.344446 0.074728 
3925.308895 0.074869 
3926.273345 0.073949 
3927.237794 0.073365 
3928.202243 0.073334 
3929.166693 0.073559 
3930.131142 0.074160 
3931.095591 0.074553 
3932.060041 0.075326 
3933.024490 0.075312 
3933.988939 0.074362 
3934.953389 0.073856 
3935.917838 0.073516 
3936.882288 0.073527 
3937.846737 0.073810 
3938.811186 0.074028 
3939.775636 0.073941 
3940.740085 0.073806 
3941.704534 0.074066 
3942.668984 0.075265 
3943.633433 0.075213 
3944.597882 0.074480 
3945.562332 0.073978 
3946.526781 0.074087 
3947.491230 0.075000 
3948.455680 0.075004 
3949.420129 0.074733 
3950.384579 0.074913 
3951.349028 0.074131 
3952.313477 0.073706 
3953.277927 0.073675 
3954.242376 0.073632 
3955.206825 0.073724 
3956.171275 0.073981 
3957.135724 0.074124 
3958.100173 0.073974 
3959.064623 0.073868 
3960.029072 0.073903 
3960.993522 0.074028 
3961.957971 0.074417 
3962.922420 0.074188 
3963.886870 0.073807 
3964.851319 0.073689 
3965.815768 0.073649 
3966.780218 0.073597 
3967.744667 0.073606 
3968.709116 0.073882 
3969.673566 0.074068 
3970.638015 0.073756 
3971.602464 0.073717 
3972.566914 0.073784 
3973.531363 0.073676 
3974.495813 0.073876 
3975.460262 0.074249 
3976.424711 0.074152 
3977.389161 0.073698 
3978.353610 0.073420 
3979.318059 0.073293 
3980.282509 0.073422 
3981.246958 0.073620 
3982.211407 0.073650 
3983.175857 0.073428 
3984.140306 0.073214 
3985.104756 0.073160 
3986.069205 0.073182 
3987.033654 0.073189 
3987.998104 0.073185 
3988.962553 0.073267 
3989.927002 0.073575 
3990.891452 0.073770 
3991.855901 0.073452 
3992.820350 0.073159 
3993.784800 0.073109 
3994.749249 0.073306 
3995.713698 0.073335 
3996.678148 0.073010 
3997.642597 0.073023 
3998.607047 0.073139 
3999.571496 0.073074 
4000.535945 0.072991 