##YUNITS=Abs
399.282035 0.269817 
400.246484 0.255741 
401.210934 0.226933 
402.175383 0.213619 
403.139832 0.210689 
404.104282 0.204921 
405.068731 0.197587 
406.033181 0.194399 
406.997630 0.192779 
407.962079 0.192098 
408.926529 0.192483 
409.890978 0.192249 
410.855427 0.185454 
411.819877 0.177452 
412.784326 0.174184 
413.748775 0.174252 
414.713225 0.175098 
415.677674 0.174882 
416.642124 0.179333 
417.606573 0.199211 
418.571022 0.218541 
419.535472 0.189902 
420.499921 0.168532 
421.464370 0.166269 
422.428820 0.181881 
423.393269 0.184288 
424.357718 0.172977 
425.322168 0.173619 
426.286617 0.160505 
427.251066 0.151652 
428.215516 0.150570 
429.179965 0.152918 
430.144415 0.155587 
431.108864 0.154924 
432.073313 0.153542 
433.037763 0.152401 
434.002212 0.156429 
434.966661 0.161116 
435.931111 0.165793 
436.895560 0.166675 
437.860009 0.158356 
438.824459 0.154938 
439.788908 0.148410 
440.753358 0.145586 
441.717807 0.148469 
442.682256 0.152450 
443.646706 0.158222 
444.611155 0.156517 
445.575604 0.154372 
446.540054 0.159542 
447.504503 0.154918 
448.468952 0.146524 
449.433402 0.143339 
450.397851 0.143269 
451.362300 0.145611 
452.326750 0.152789 
453.291199 0.152061 
454.255649 0.141015 
455.220098 0.135834 
456.184547 0.134997 
457.148997 0.143103 
458.113446 0.144245 
459.077895 0.132473 
460.042345 0.129827 
461.006794 0.136996 
461.971243 0.136835 
462.935693 0.129033 
463.900142 0.126123 
464.864592 0.122385 
465.829041 0.120351 
466.793490 0.123876 
467.757940 0.136378 
468.722389 0.136292 
469.686838 0.125233 
470.651288 0.121810 
471.615737 0.126858 
472.580186 0.134854 
473.544636 0.124202 
474.509085 0.118662 
475.473534 0.120653 
476.437984 0.123011 
477.402433 0.119050 
478.366883 0.116231 
479.331332 0.115197 
480.295781 0.115916 
481.260231 0.116528 
482.224680 0.114603 
483.189129 0.115782 
484.153579 0.116470 
485.118028 0.114282 
486.082477 0.115255 
487.046927 0.110334 
488.011376 0.105964 
488.975826 0.104919 
489.940275 0.104557 
490.904724 0.108624 
491.869174 0.113518 
492.833623 0.105207 
493.798072 0.100101 
494.762522 0.098855 
495.726971 0.097267 
496.691420 0.096593 
497.655870 0.095682 
498.620319 0.094548 
499.584768 0.093881 
500.549218 0.095093 
501.513667 0.102548 
502.478117 0.105092 
503.442566 0.097116 
504.407015 0.095233 
505.371465 0.093225 
506.335914 0.094416 
507.300363 0.094651 
508.264813 0.090478 
509.229262 0.090469 
510.193711 0.094506 
511.158161 0.093369 
512.122610 0.089488 
513.087060 0.089249 
514.051509 0.090275 
515.015958 0.090258 
515.980408 0.091947 
516.944857 0.099306 
517.909306 0.097139 
518.873756 0.095712 
519.838205 0.096169 
520.802654 0.088421 
521.767104 0.084754 
522.731553 0.083938 
523.696002 0.083655 
524.660452 0.085031 
525.624901 0.089588 
526.589351 0.089087 
527.553800 0.084549 
528.518249 0.084175 
529.482699 0.084603 
530.447148 0.084271 
531.411597 0.083339 
532.376047 0.083942 
533.340496 0.085893 
534.304945 0.086687 
535.269395 0.084684 
536.233844 0.084196 
537.198294 0.083747 
538.162743 0.082101 
539.127192 0.082023 
540.091642 0.081689 
541.056091 0.080575 
542.020540 0.080597 
542.984990 0.080657 
543.949439 0.081015 
544.913888 0.081974 
545.878338 0.082576 
546.842787 0.082186 
547.807236 0.083034 
548.771686 0.082454 
549.736135 0.085541 
550.700585 0.085133 
551.665034 0.081648 
552.629483 0.080420 
553.593933 0.079894 
554.558382 0.080468 
555.522831 0.080495 
556.487281 0.080959 
557.451730 0.081845 
558.416179 0.082100 
559.380629 0.081778 
560.345078 0.081848 
561.309528 0.082115 
562.273977 0.082485 
563.238426 0.083206 
564.202876 0.084278 
565.167325 0.085006 
566.131774 0.086219 
567.096224 0.088014 
568.060673 0.088021 
569.025122 0.089462 
569.989572 0.089999 
570.954021 0.090661 
571.918470 0.091462 
572.882920 0.091482 
573.847369 0.092541 
574.811819 0.094987 
575.776268 0.101866 
576.740717 0.101892 
577.705167 0.097682 
578.669616 0.098264 
579.634065 0.102295 
580.598515 0.108243 
581.562964 0.106009 
582.527413 0.103197 
583.491863 0.104116 
584.456312 0.107481 
585.420762 0.107030 
586.385211 0.105011 
587.349660 0.105801 
588.314110 0.106246 
589.278559 0.105289 
590.243008 0.105033 
591.207458 0.109069 
592.171907 0.110123 
593.136356 0.103914 
594.100806 0.102482 
595.065255 0.102751 
596.029704 0.101779 
596.994154 0.101237 
597.958603 0.101174 
598.923053 0.102478 
599.887502 0.106818 
600.851951 0.105244 
601.816401 0.101798 
602.780850 0.101323 
603.745299 0.101903 
604.709749 0.102387 
605.674198 0.101986 
606.638647 0.101799 
607.603097 0.101723 
608.567546 0.101948 
609.531996 0.101949 
610.496445 0.101695 
611.460894 0.101579 
612.425344 0.101413 
613.389793 0.100994 
614.354242 0.100507 
615.318692 0.100914 
616.283141 0.101510 
617.247590 0.100935 
618.212040 0.099671 
619.176489 0.098858 
620.140938 0.100021 
621.105388 0.099979 
622.069837 0.098692 
623.034287 0.098931 
623.998736 0.100113 
624.963185 0.102850 
625.927635 0.103349 
626.892084 0.101869 
627.856533 0.101679 
628.820983 0.102141 
629.785432 0.102418 
630.749881 0.102379 
631.714331 0.102788 
632.678780 0.103309 
633.643230 0.102281 
634.607679 0.102834 
635.572128 0.104459 
636.536578 0.101105 
637.501027 0.099370 
638.465476 0.099187 
639.429926 0.100962 
640.394375 0.101148 
641.358824 0.099655 
642.323274 0.099995 
643.287723 0.100101 
644.252172 0.099359 
645.216622 0.099662 
646.181071 0.099705 
647.145521 0.098929 
648.109970 0.099148 
649.074419 0.099483 
650.038869 0.098249 
651.003318 0.098622 
651.967767 0.098902 
652.932217 0.097205 
653.896666 0.095885 
654.861115 0.094837 
655.825565 0.094760 
656.790014 0.095387 
657.754464 0.094768 
658.718913 0.097060 
659.683362 0.099660 
660.647812 0.101332 
661.612261 0.105567 
662.576710 0.113372 
663.541160 0.125622 
664.505609 0.143049 
665.470058 0.164028 
666.434508 0.180949 
667.398957 0.188609 
668.363406 0.205386 
669.327856 0.191622 
670.292305 0.167402 
671.256755 0.146302 
672.221204 0.129739 
673.185653 0.117972 
674.150103 0.111038 
675.114552 0.106878 
676.079001 0.103791 
677.043451 0.101210 
678.007900 0.099753 
678.972349 0.099514 
679.936799 0.099667 
680.901248 0.100712 
681.865698 0.101269 
682.830147 0.101797 
683.794596 0.101722 
684.759046 0.102523 
685.723495 0.103017 
686.687944 0.104999 
687.652394 0.108186 
688.616843 0.112319 
689.581292 0.113727 
690.545742 0.114053 
691.510191 0.115041 
692.474640 0.117362 
693.439090 0.119878 
694.403539 0.122327 
695.367989 0.124251 
696.332438 0.127204 
697.296887 0.130520 
698.261337 0.132854 
699.225786 0.133286 
700.190235 0.134282 
701.154685 0.135194 
702.119134 0.136097 
703.083583 0.137250 
704.048033 0.138859 
705.012482 0.140059 
705.976932 0.140721 
706.941381 0.140867 
707.905830 0.142128 
708.870280 0.143665 
709.834729 0.146359 
710.799178 0.149313 
711.763628 0.152658 
712.728077 0.155646 
713.692526 0.158949 
714.656976 0.161537 
715.621425 0.164558 
716.585874 0.168358 
717.550324 0.173619 
718.514773 0.179904 
719.479223 0.187560 
720.443672 0.195320 
721.408121 0.202601 
722.372571 0.210769 
723.337020 0.221220 
724.301469 0.233299 
725.265919 0.247956 
726.230368 0.264800 
727.194817 0.284752 
728.159267 0.307917 
729.123716 0.335714 
730.088166 0.366666 
731.052615 0.401094 
732.017064 0.437202 
732.981514 0.474324 
733.945963 0.512476 
734.910412 0.553708 
735.874862 0.599143 
736.839311 0.652497 
737.803760 0.715119 
738.768210 0.790502 
739.732659 0.879026 
740.697108 0.985375 
741.661558 1.109672 
742.626007 1.260697 
743.590457 1.435108 
744.554906 1.646357 
745.519355 1.896316 
746.483805 2.239680 
747.448254 2.592814 
748.412703 2.588976 
749.377153 2.428633 
750.341602 2.372648 
751.306051 2.337689 
752.270501 2.323637 
753.234950 2.304397 
754.199400 2.321507 
755.163849 2.328276 
756.128298 2.318768 
757.092748 2.309993 
758.057197 2.306502 
759.021646 2.319511 
759.986096 2.340053 
760.950545 2.344756 
761.914994 2.323240 
762.879444 2.308457 
763.843893 2.309130 
764.808342 2.302020 
765.772792 2.304665 
766.737241 2.303176 
767.701691 2.293638 
768.666140 2.299830 
769.630589 2.298995 
770.595039 2.284494 
771.559488 2.273384 
772.523937 2.276465 
773.488387 2.299210 
774.452836 2.298539 
775.417285 2.301620 
776.381735 2.289051 
777.346184 2.271126 
778.310634 2.271005 
779.275083 2.283959 
780.239532 2.283754 
781.203982 2.275368 
782.168431 2.260898 
783.132880 2.257211 
784.097330 2.263478 
785.061779 2.277447 
786.026228 2.283704 
786.990678 2.289602 
787.955127 2.303142 
788.919576 2.304897 
789.884026 2.296009 
790.848475 2.276824 
791.812925 2.284915 
792.777374 2.291615 
793.741823 2.284997 
794.706273 2.280443 
795.670722 2.279507 
796.635171 2.279471 
797.599621 2.282487 
798.564070 2.283143 
799.528519 2.273064 
800.492969 2.289077 
801.457418 2.357779 
802.421868 2.564200 
803.386317 2.368075 
804.350766 1.857703 
805.315216 1.502208 
806.279665 1.244007 
807.244114 1.043237 
808.208564 0.888910 
809.173013 0.765611 
810.137462 0.666887 
811.101912 0.585224 
812.066361 0.518270 
813.030810 0.462842 
813.995260 0.417548 
814.959709 0.379849 
815.924159 0.349214 
816.888608 0.324100 
817.853057 0.303646 
818.817507 0.286326 
819.781956 0.271981 
820.746405 0.259743 
821.710855 0.249536 
822.675304 0.240645 
823.639753 0.233165 
824.604203 0.226680 
825.568652 0.221793 
826.533102 0.217912 
827.497551 0.215132 
828.462000 0.213091 
829.426450 0.212485 
830.390899 0.213018 
831.355348 0.214458 
832.319798 0.215836 
833.284247 0.217413 
834.248696 0.219035 
835.213146 0.220895 
836.177595 0.222392 
837.142044 0.222691 
838.106494 0.220425 
839.070943 0.215579 
840.035393 0.208027 
840.999842 0.199240 
841.964291 0.190590 
842.928741 0.183615 
843.893190 0.178320 
844.857639 0.175000 
845.822089 0.173355 
846.786538 0.173611 
847.750987 0.174761 
848.715437 0.176355 
849.679886 0.177417 
850.644336 0.177918 
851.608785 0.177524 
852.573234 0.176472 
853.537684 0.174504 
854.502133 0.172456 
855.466582 0.170243 
856.431032 0.168301 
857.395481 0.166582 
858.359930 0.165762 
859.324380 0.165600 
860.288829 0.165980 
861.253278 0.166543 
862.217728 0.167583 
863.182177 0.168461 
864.146627 0.169395 
865.111076 0.169920 
866.075525 0.169973 
867.039975 0.169306 
868.004424 0.168035 
868.968873 0.165095 
869.933323 0.160165 
870.897772 0.153054 
871.862221 0.144951 
872.826671 0.136772 
873.791120 0.129600 
874.755570 0.123538 
875.720019 0.118946 
876.684468 0.115286 
877.648918 0.112602 
878.613367 0.110624 
879.577816 0.109456 
880.542266 0.108521 
881.506715 0.107949 
882.471164 0.107751 
883.435614 0.107730 
884.400063 0.107637 
885.364512 0.107788 
886.328962 0.107676 
887.293411 0.107736 
888.257861 0.107736 
889.222310 0.107808 
890.186759 0.108008 
891.151209 0.108704 
892.115658 0.109516 
893.080107 0.110886 
894.044557 0.112778 
895.009006 0.115430 
895.973455 0.118753 
896.937905 0.122876 
897.902354 0.127167 
898.866804 0.131158 
899.831253 0.134155 
900.795702 0.136298 
901.760152 0.137597 
902.724601 0.138671 
903.689050 0.139075 
904.653500 0.138572 
905.617949 0.136813 
906.582398 0.134083 
907.546848 0.130754 
908.511297 0.127889 
909.475746 0.125744 
910.440196 0.124567 
911.404645 0.124212 
912.369095 0.124563 
913.333544 0.124178 
914.297993 0.122353 
915.262443 0.118978 
916.226892 0.114935 
917.191341 0.110971 
918.155791 0.107783 
919.120240 0.105359 
920.084689 0.103967 
921.049139 0.103370 
922.013588 0.103694 
922.978038 0.104370 
923.942487 0.105670 
924.906936 0.107637 
925.871386 0.110442 
926.835835 0.113746 
927.800284 0.117589 
928.764734 0.121325 
929.729183 0.124994 
930.693632 0.128108 
931.658082 0.130873 
932.622531 0.133673 
933.586980 0.136957 
934.551430 0.139487 
935.515879 0.141666 
936.480329 0.144367 
937.444778 0.147369 
938.409227 0.149234 
939.373677 0.149402 
940.338126 0.147286 
941.302575 0.143351 
942.267025 0.137845 
943.231474 0.131658 
944.195923 0.125497 
945.160373 0.120118 
946.124822 0.115556 
947.089272 0.112126 
948.053721 0.109554 
949.018170 0.107907 
949.982620 0.106978 
950.947069 0.106951 
951.911518 0.107548 
952.875968 0.108976 
953.840417 0.111034 
954.804866 0.114143 
955.769316 0.117993 
956.733765 0.122435 
957.698214 0.127334 
958.662664 0.132952 
959.627113 0.138820 
960.591563 0.145245 
961.556012 0.152031 
962.520461 0.159047 
963.484911 0.165184 
964.449360 0.169545 
965.413809 0.170940 
966.378259 0.169771 
967.342708 0.167103 
968.307157 0.164827 
969.271607 0.163895 
970.236056 0.164970 
971.200506 0.167818 
972.164955 0.172686 
973.129404 0.179054 
974.093854 0.186471 
975.058303 0.193734 
976.022752 0.200363 
976.987202 0.205429 
977.951651 0.208513 
978.916100 0.209336 
979.880550 0.208975 
980.844999 0.208308 
981.809448 0.208409 
982.773898 0.209104 
983.738347 0.210355 
984.702797 0.211621 
985.667246 0.212415 
986.631695 0.211456 
987.596145 0.208511 
988.560594 0.203475 
989.525043 0.197187 
990.489493 0.190118 
991.453942 0.183058 
992.418391 0.176334 
993.382841 0.170864 
994.347290 0.166696 
995.311740 0.163933 
996.276189 0.162136 
997.240638 0.161809 
998.205088 0.162670 
999.169537 0.164757 
1000.133986 0.167775 
1001.098436 0.172122 
1002.062885 0.177834 
1003.027334 0.185298 
1003.991784 0.194103 
1004.956233 0.204560 
1005.920682 0.216557 
1006.885132 0.230370 
1007.849581 0.245439 
1008.814031 0.262032 
1009.778480 0.280041 
1010.742929 0.300090 
1011.707379 0.321327 
1012.671828 0.342905 
1013.636277 0.362384 
1014.600727 0.377950 
1015.565176 0.387140 
1016.529625 0.389625 
1017.494075 0.385891 
1018.458524 0.378434 
1019.422974 0.369156 
1020.387423 0.360147 
1021.351872 0.350461 
1022.316322 0.338344 
1023.280771 0.321285 
1024.245220 0.299489 
1025.209670 0.275148 
1026.174119 0.252333 
1027.138568 0.233087 
1028.103018 0.218051 
1029.067467 0.206029 
1030.031916 0.196155 
1030.996366 0.187250 
1031.960815 0.178964 
1032.925265 0.170585 
1033.889714 0.162345 
1034.854163 0.154445 
1035.818613 0.147639 
1036.783062 0.141836 
1037.747511 0.137296 
1038.711961 0.133728 
1039.676410 0.131078 
1040.640859 0.129127 
1041.605309 0.128012 
1042.569758 0.127231 
1043.534208 0.127157 
1044.498657 0.127683 
1045.463106 0.129071 
1046.427556 0.131147 
1047.392005 0.134290 
1048.356454 0.138502 
1049.320904 0.144189 
1050.285353 0.151342 
1051.249802 0.160090 
1052.214252 0.169428 
1053.178701 0.178001 
1054.143150 0.183632 
1055.107600 0.186068 
1056.072049 0.186099 
1057.036499 0.185516 
1058.000948 0.184772 
1058.965397 0.184498 
1059.929847 0.185003 
1060.894296 0.187210 
1061.858745 0.191345 
1062.823195 0.197684 
1063.787644 0.204578 
1064.752093 0.209642 
1065.716543 0.210127 
1066.680992 0.205623 
1067.645442 0.197915 
1068.609891 0.190112 
1069.574340 0.183329 
1070.538790 0.178286 
1071.503239 0.174808 
1072.467688 0.173075 
1073.432138 0.172552 
1074.396587 0.173424 
1075.361036 0.175263 
1076.325486 0.178399 
1077.289935 0.182350 
1078.254384 0.186999 
1079.218834 0.191989 
1080.183283 0.197690 
1081.147733 0.203855 
1082.112182 0.211092 
1083.076631 0.219676 
1084.041081 0.230560 
1085.005530 0.243911 
1085.969979 0.260309 
1086.934429 0.279691 
1087.898878 0.302647 
1088.863327 0.329058 
1089.827777 0.359167 
1090.792226 0.391944 
1091.756676 0.426823 
1092.721125 0.461692 
1093.685574 0.495083 
1094.650024 0.523992 
1095.614473 0.547530 
1096.578922 0.564248 
1097.543372 0.575422 
1098.507821 0.581112 
1099.472270 0.582770 
1100.436720 0.580564 
1101.401169 0.576821 
1102.365618 0.572264 
1103.330068 0.568736 
1104.294517 0.566553 
1105.258967 0.567317 
1106.223416 0.570065 
1107.187865 0.574884 
1108.152315 0.579361 
1109.116764 0.583451 
1110.081213 0.586069 
1111.045663 0.586659 
1112.010112 0.580103 
1112.974561 0.561647 
1113.939011 0.527775 
1114.903460 0.483004 
1115.867910 0.434415 
1116.832359 0.389143 
1117.796808 0.349939 
1118.761258 0.318420 
1119.725707 0.293424 
1120.690156 0.274115 
1121.654606 0.258803 
1122.619055 0.246948 
1123.583504 0.237706 
1124.547954 0.230620 
1125.512403 0.224932 
1126.476852 0.220853 
1127.441302 0.217764 
1128.405751 0.215850 
1129.370201 0.214452 
1130.334650 0.213722 
1131.299099 0.213506 
1132.263549 0.214155 
1133.227998 0.215270 
1134.192447 0.217075 
1135.156897 0.219432 
1136.121346 0.222399 
1137.085795 0.225404 
1138.050245 0.229311 
1139.014694 0.233676 
1139.979144 0.238890 
1140.943593 0.244606 
1141.908042 0.251244 
1142.872492 0.258639 
1143.836941 0.267244 
1144.801390 0.276849 
1145.765840 0.287932 
1146.730289 0.300032 
1147.694738 0.313770 
1148.659188 0.329032 
1149.623637 0.346312 
1150.588086 0.365264 
1151.552536 0.386645 
1152.516985 0.410135 
1153.481435 0.436469 
1154.445884 0.465517 
1155.410333 0.498379 
1156.374783 0.534561 
1157.339232 0.574998 
1158.303681 0.619428 
1159.268131 0.669759 
1160.232580 0.725423 
1161.197029 0.788552 
1162.161479 0.857913 
1163.125928 0.935812 
1164.090378 1.019933 
1165.054827 1.112328 
1166.019276 1.209429 
1166.983726 1.313734 
1167.948175 1.417161 
1168.912624 1.523710 
1169.877074 1.622100 
1170.841523 1.714836 
1171.805972 1.784611 
1172.770422 1.842242 
1173.734871 1.860097 
1174.699320 1.856681 
1175.663770 1.810602 
1176.628219 1.747840 
1177.592669 1.656827 
1178.557118 1.562041 
1179.521567 1.459441 
1180.486017 1.365944 
1181.450466 1.279618 
1182.414915 1.210718 
1183.379365 1.155381 
1184.343814 1.118121 
1185.308263 1.095853 
1186.272713 1.092631 
1187.237162 1.105137 
1188.201612 1.134772 
1189.166061 1.176757 
1190.130510 1.231946 
1191.094960 1.288864 
1192.059409 1.345032 
1193.023858 1.388568 
1193.988308 1.417607 
1194.952757 1.420918 
1195.917206 1.402227 
1196.881656 1.358405 
1197.846105 1.301594 
1198.810554 1.231150 
1199.775004 1.158209 
1200.739453 1.083967 
1201.703903 1.015631 
1202.668352 0.952240 
1203.632801 0.897179 
1204.597251 0.848787 
1205.561700 0.808855 
1206.526149 0.775395 
1207.490599 0.749438 
1208.455048 0.728828 
1209.419497 0.715083 
1210.383947 0.707285 
1211.348396 0.707669 
1212.312846 0.715548 
1213.277295 0.732398 
1214.241744 0.757686 
1215.206194 0.787324 
1216.170643 0.807127 
1217.135092 0.807912 
1218.099542 0.791249 
1219.063991 0.770119 
1220.028440 0.750754 
1220.992890 0.736970 
1221.957339 0.726484 
1222.921788 0.719712 
1223.886238 0.714848 
1224.850687 0.712694 
1225.815137 0.711020 
1226.779586 0.711402 
1227.744035 0.713156 
1228.708485 0.717301 
1229.672934 0.722431 
1230.637383 0.729927 
1231.601833 0.738590 
1232.566282 0.749405 
1233.530731 0.760669 
1234.495181 0.773377 
1235.459630 0.785809 
1236.424080 0.798669 
1237.388529 0.810193 
1238.352978 0.821934 
1239.317428 0.832468 
1240.281877 0.843363 
1241.246326 0.853369 
1242.210776 0.864782 
1243.175225 0.875959 
1244.139674 0.888234 
1245.104124 0.898814 
1246.068573 0.909577 
1247.033022 0.919019 
1247.997472 0.929365 
1248.961921 0.938945 
1249.926371 0.951099 
1250.890820 0.964715 
1251.855269 0.982287 
1252.819719 1.001063 
1253.784168 1.021348 
1254.748617 1.038891 
1255.713067 1.055111 
1256.677516 1.065721 
1257.641965 1.073340 
1258.606415 1.075074 
1259.570864 1.074370 
1260.535314 1.065175 
1261.499763 1.047992 
1262.464212 1.021655 
1263.428662 0.989036 
1264.393111 0.947881 
1265.357560 0.903587 
1266.322010 0.855806 
1267.286459 0.808022 
1268.250908 0.761007 
1269.215358 0.716877 
1270.179807 0.672804 
1271.144256 0.630607 
1272.108706 0.589638 
1273.073155 0.550963 
1274.037605 0.515820 
1275.002054 0.485323 
1275.966503 0.458513 
1276.930953 0.436066 
1277.895402 0.416855 
1278.859851 0.402159 
1279.824301 0.390982 
1280.788750 0.382611 
1281.753199 0.376436 
1282.717649 0.374088 
1283.682098 0.374211 
1284.646548 0.376999 
1285.610997 0.380689 
1286.575446 0.386463 
1287.539896 0.392556 
1288.504345 0.394430 
1289.468794 0.391288 
1290.433244 0.387323 
1291.397693 0.379298 
1292.362142 0.369688 
1293.326592 0.359770 
1294.291041 0.350557 
1295.255490 0.342277 
1296.219940 0.337170 
1297.184389 0.332690 
1298.148839 0.329457 
1299.113288 0.328076 
1300.077737 0.327175 
1301.042187 0.325287 
1302.006636 0.324271 
1302.971085 0.324967 
1303.935535 0.328004 
1304.899984 0.331861 
1305.864433 0.335868 
1306.828883 0.339742 
1307.793332 0.346263 
1308.757782 0.352814 
1309.722231 0.358847 
1310.686680 0.365180 
1311.651130 0.372853 
1312.615579 0.381049 
1313.580028 0.384521 
1314.544478 0.388438 
1315.508927 0.394404 
1316.473376 0.404997 
1317.437826 0.417035 
1318.402275 0.425005 
1319.366724 0.430932 
1320.331174 0.426573 
1321.295623 0.416554 
1322.260073 0.402032 
1323.224522 0.388397 
1324.188971 0.373970 
1325.153421 0.362016 
1326.117870 0.353115 
1327.082319 0.348232 
1328.046769 0.346685 
1329.011218 0.349589 
1329.975667 0.355748 
1330.940117 0.364381 
1331.904566 0.375019 
1332.869016 0.388861 
1333.833465 0.403348 
1334.797914 0.417838 
1335.762364 0.431082 
1336.726813 0.440908 
1337.691262 0.439390 
1338.655712 0.439930 
1339.620161 0.438334 
1340.584610 0.427197 
1341.549060 0.411615 
1342.513509 0.407875 
1343.477958 0.410667 
1344.442408 0.415290 
1345.406857 0.419558 
1346.371307 0.423743 
1347.335756 0.425860 
1348.300205 0.427185 
1349.264655 0.425673 
1350.229104 0.421499 
1351.193553 0.416195 
1352.158003 0.413213 
1353.122452 0.411880 
1354.086901 0.416914 
1355.051351 0.425970 
1356.015800 0.434234 
1356.980250 0.445803 
1357.944699 0.462612 
1358.909148 0.476366 
1359.873598 0.490212 
1360.838047 0.508098 
1361.802496 0.522389 
1362.766946 0.532761 
1363.731395 0.529684 
1364.695844 0.512327 
1365.660294 0.499325 
1366.624743 0.483016 
1367.589192 0.467368 
1368.553642 0.450581 
1369.518091 0.428522 
1370.482541 0.407067 
1371.446990 0.390238 
1372.411439 0.376920 
1373.375889 0.368469 
1374.340338 0.358525 
1375.304787 0.345927 
1376.269237 0.339691 
1377.233686 0.346510 
1378.198135 0.365677 
1379.162585 0.386086 
1380.127034 0.403086 
1381.091484 0.406780 
1382.055933 0.393199 
1383.020382 0.364137 
1383.984832 0.330280 
1384.949281 0.300384 
1385.913730 0.281142 
1386.878180 0.268997 
1387.842629 0.247949 
1388.807078 0.226190 
1389.771528 0.213331 
1390.735977 0.205230 
1391.700426 0.196693 
1392.664876 0.189334 
1393.629325 0.187515 
1394.593775 0.190814 
1395.558224 0.187273 
1396.522673 0.180151 
1397.487123 0.179992 
1398.451572 0.179954 
1399.416021 0.175680 
1400.380471 0.170353 
1401.344920 0.167257 
1402.309369 0.167722 
1403.273819 0.169383 
1404.238268 0.174794 
1405.202718 0.181705 
1406.167167 0.180227 
1407.131616 0.180321 
1408.096066 0.185458 
1409.060515 0.192388 
1410.024964 0.201897 
1410.989414 0.211653 
1411.953863 0.223314 
1412.918312 0.231998 
1413.882762 0.244600 
1414.847211 0.261407 
1415.811660 0.283700 
1416.776110 0.307259 
1417.740559 0.327082 
1418.705009 0.337082 
1419.669458 0.354499 
1420.633907 0.351327 
1421.598357 0.347708 
1422.562806 0.345191 
1423.527255 0.348957 
1424.491705 0.347399 
1425.456154 0.340237 
1426.420603 0.343080 
1427.385053 0.356501 
1428.349502 0.377988 
1429.313952 0.407329 
1430.278401 0.462867 
1431.242850 0.526642 
1432.207300 0.605746 
1433.171749 0.720581 
1434.136198 0.851142 
1435.100648 0.966893 
1436.065097 1.061658 
1437.029546 1.081588 
1437.993996 1.007831 
1438.958445 0.917445 
1439.922894 0.821734 
1440.887344 0.741666 
1441.851793 0.682310 
1442.816243 0.638540 
1443.780692 0.607054 
1444.745141 0.583901 
1445.709591 0.565974 
1446.674040 0.553757 
1447.638489 0.550452 
1448.602939 0.546011 
1449.567388 0.541166 
1450.531837 0.546321 
1451.496287 0.561477 
1452.460736 0.581552 
1453.425186 0.592886 
1454.389635 0.607933 
1455.354084 0.620364 
1456.318534 0.628291 
1457.282983 0.629191 
1458.247432 0.623372 
1459.211882 0.610797 
1460.176331 0.599373 
1461.140780 0.588778 
1462.105230 0.582008 
1463.069679 0.574957 
1464.034128 0.575736 
1464.998578 0.592511 
1465.963027 0.608874 
1466.927477 0.600406 
1467.891926 0.581265 
1468.856375 0.542847 
1469.820825 0.490545 
1470.785274 0.436786 
1471.749723 0.387663 
1472.714173 0.328773 
1473.678622 0.293004 
1474.643071 0.263895 
1475.607521 0.249539 
1476.571970 0.234708 
1477.536420 0.215683 
1478.500869 0.202404 
1479.465318 0.193925 
1480.429768 0.188959 
1481.394217 0.186148 
1482.358666 0.177050 
1483.323116 0.169733 
1484.287565 0.165052 
1485.252014 0.164327 
1486.216464 0.164954 
1487.180913 0.160971 
1488.145362 0.160286 
1489.109812 0.169383 
1490.074261 0.171495 
1491.038711 0.158563 
1492.003160 0.148998 
1492.967609 0.143667 
1493.932059 0.141674 
1494.896508 0.140464 
1495.860957 0.141395 
1496.825407 0.143338 
1497.789856 0.138553 
1498.754305 0.138013 
1499.718755 0.139659 
1500.683204 0.139892 
1501.647654 0.142618 
1502.612103 0.138919 
1503.576552 0.133429 
1504.541002 0.129844 
1505.505451 0.127049 
1506.469900 0.143530 
1507.434350 0.177387 
1508.398799 0.168896 
1509.363248 0.161319 
1510.327698 0.156151 
1511.292147 0.145497 
1512.256596 0.145391 
1513.221046 0.140323 
1514.185495 0.137991 
1515.149945 0.145383 
1516.114394 0.149907 
1517.078843 0.149593 
1518.043293 0.140016 
1519.007742 0.134857 
1519.972191 0.137910 
1520.936641 0.144069 
1521.901090 0.137369 
1522.865539 0.133755 
1523.829989 0.135269 
1524.794438 0.138688 
1525.758888 0.141476 
1526.723337 0.140646 
1527.687786 0.142796 
1528.652236 0.137476 
1529.616685 0.133020 
1530.581134 0.133659 
1531.545584 0.140731 
1532.510033 0.138230 
1533.474482 0.135929 
1534.438932 0.142988 
1535.403381 0.144284 
1536.367830 0.139926 
1537.332280 0.135377 
1538.296729 0.132416 
1539.261179 0.129956 
1540.225628 0.135914 
1541.190077 0.138026 
1542.154527 0.143896 
1543.118976 0.156659 
1544.083425 0.162753 
1545.047875 0.168712 
1546.012324 0.160404 
1546.976773 0.150655 
1547.941223 0.149039 
1548.905672 0.154189 
1549.870122 0.168435 
1550.834571 0.163211 
1551.799020 0.152013 
1552.763470 0.149976 
1553.727919 0.151585 
1554.692368 0.157253 
1555.656818 0.151783 
1556.621267 0.144638 
1557.585716 0.136149 
1558.550166 0.138760 
1559.514615 0.144523 
1560.479064 0.147550 
1561.443514 0.143031 
1562.407963 0.140361 
1563.372413 0.138059 
1564.336862 0.135989 
1565.301311 0.136907 
1566.265761 0.136718 
1567.230210 0.134448 
1568.194659 0.132247 
1569.159109 0.129770 
1570.123558 0.132103 
1571.088007 0.131716 
1572.052457 0.130977 
1573.016906 0.130336 
1573.981356 0.128744 
1574.945805 0.123958 
1575.910254 0.118853 
1576.874704 0.128677 
1577.839153 0.131104 
1578.803602 0.129432 
1579.768052 0.128654 
1580.732501 0.128389 
1581.696950 0.128632 
1582.661400 0.128969 
1583.625849 0.128734 
1584.590298 0.127580 
1585.554748 0.126909 
1586.519197 0.126270 
1587.483647 0.125821 
1588.448096 0.125176 
1589.412545 0.125469 
1590.376995 0.125064 
1591.341444 0.123845 
1592.305893 0.122766 
1593.270343 0.121739 
1594.234792 0.121636 
1595.199241 0.121762 
1596.163691 0.121151 
1597.128140 0.120286 
1598.092590 0.118881 
1599.057039 0.118582 
1600.021488 0.118119 
1600.985938 0.118762 
1601.950387 0.119216 
1602.914836 0.119767 
1603.879286 0.118548 
1604.843735 0.117190 
1605.808184 0.117016 
1606.772634 0.118655 
1607.737083 0.118715 
1608.701532 0.117677 
1609.665982 0.118487 
1610.630431 0.118041 
1611.594881 0.117523 
1612.559330 0.118066 
1613.523779 0.117473 
1614.488229 0.116455 
1615.452678 0.112168 
1616.417127 0.107002 
1617.381577 0.114195 
1618.346026 0.117417 
1619.310475 0.118540 
1620.274925 0.119654 
1621.239374 0.119386 
1622.203824 0.117691 
1623.168273 0.115076 
1624.132722 0.116793 
1625.097172 0.117209 
1626.061621 0.116523 
1627.026070 0.113698 
1627.990520 0.113850 
1628.954969 0.115724 
1629.919418 0.115729 
1630.883868 0.115480 
1631.848317 0.115258 
1632.812766 0.114445 
1633.777216 0.111663 
1634.741665 0.105222 
1635.706115 0.109580 
1636.670564 0.113789 
1637.635013 0.116096 
1638.599463 0.116938 
1639.563912 0.115945 
1640.528361 0.116231 
1641.492811 0.115822 
1642.457260 0.116167 
1643.421709 0.115415 
1644.386159 0.113376 
1645.350608 0.110757 
1646.315058 0.113104 
1647.279507 0.116404 
1648.243956 0.117175 
1649.208406 0.117248 
1650.172855 0.115638 
1651.137304 0.111422 
1652.101754 0.102175 
1653.066203 0.098669 
1654.030652 0.121082 
1654.995102 0.124332 
1655.959551 0.121699 
1656.924000 0.122091 
1657.888450 0.121657 
1658.852899 0.120990 
1659.817349 0.121583 
1660.781798 0.123592 
1661.746247 0.122870 
1662.710697 0.121267 
1663.675146 0.124539 
1664.639595 0.125564 
1665.604045 0.126525 
1666.568494 0.127514 
1667.532943 0.129801 
1668.497393 0.132667 
1669.461842 0.132392 
1670.426292 0.131813 
1671.390741 0.134637 
1672.355190 0.138642 
1673.319640 0.137292 
1674.284089 0.135491 
1675.248538 0.140183 
1676.212988 0.148379 
1677.177437 0.146964 
1678.141886 0.149134 
1679.106336 0.155000 
1680.070785 0.169047 
1681.035234 0.169988 
1681.999684 0.163226 
1682.964133 0.162615 
1683.928583 0.171582 
1684.893032 0.177340 
1685.857481 0.179548 
1686.821931 0.182367 
1687.786380 0.193356 
1688.750829 0.201267 
1689.715279 0.201692 
1690.679728 0.205243 
1691.644177 0.208862 
1692.608627 0.213657 
1693.573076 0.220010 
1694.537526 0.223052 
1695.501975 0.229753 
1696.466424 0.251243 
1697.430874 0.256215 
1698.395323 0.257892 
1699.359772 0.256832 
1700.324222 0.268602 
1701.288671 0.287547 
1702.253120 0.288243 
1703.217570 0.291684 
1704.182019 0.297362 
1705.146468 0.305285 
1706.110918 0.310432 
1707.075367 0.326472 
1708.039817 0.335437 
1709.004266 0.346477 
1709.968715 0.364431 
1710.933165 0.384820 
1711.897614 0.402027 
1712.862063 0.425801 
1713.826513 0.451256 
1714.790962 0.490343 
1715.755411 0.528694 
1716.719861 0.552052 
1717.684310 0.595801 
1718.648760 0.681228 
1719.613209 0.725473 
1720.577658 0.777136 
1721.542108 0.846384 
1722.506557 0.929969 
1723.471006 1.027816 
1724.435456 1.143583 
1725.399905 1.247458 
1726.364354 1.380651 
1727.328804 1.516898 
1728.293253 1.671205 
1729.257702 1.793265 
1730.222152 1.968165 
1731.186601 2.068506 
1732.151051 2.140731 
1733.115500 1.978099 
1734.079949 1.723519 
1735.044399 1.937241 
1736.008848 2.195446 
1736.973297 2.249400 
1737.937747 2.245364 
1738.902196 2.148010 
1739.866645 2.029515 
1740.831095 2.155222 
1741.795544 2.243191 
1742.759994 2.165193 
1743.724443 2.132416 
1744.688892 2.190625 
1745.653342 2.209796 
1746.617791 2.154437 
1747.582240 2.116068 
1748.546690 2.063960 
1749.511139 2.094193 
1750.475588 2.019200 
1751.440038 1.867981 
1752.404487 1.646727 
1753.368936 1.477935 
1754.333386 1.287353 
1755.297835 1.141382 
1756.262285 1.016208 
1757.226734 0.879907 
1758.191183 0.781682 
1759.155633 0.702799 
1760.120082 0.635830 
1761.084531 0.588567 
1762.048981 0.529784 
1763.013430 0.479302 
1763.977879 0.445549 
1764.942329 0.413725 
1765.906778 0.386432 
1766.871228 0.365654 
1767.835677 0.352131 
1768.800126 0.327207 
1769.764576 0.304842 
1770.729025 0.288699 
1771.693474 0.273171 
1772.657924 0.258398 
1773.622373 0.249008 
1774.586822 0.241584 
1775.551272 0.236944 
1776.515721 0.226237 
1777.480170 0.216817 
1778.444620 0.212115 
1779.409069 0.207303 
1780.373519 0.201424 
1781.337968 0.196572 
1782.302417 0.187958 
1783.266867 0.181681 
1784.231316 0.180077 
1785.195765 0.179639 
1786.160215 0.169718 
1787.124664 0.163208 
1788.089113 0.159745 
1789.053563 0.157327 
1790.018012 0.156496 
1790.982462 0.157826 
1791.946911 0.151295 
1792.911360 0.146996 
1793.875810 0.142516 
1794.840259 0.140947 
1795.804708 0.144627 
1796.769158 0.141220 
1797.733607 0.132374 
1798.698056 0.127953 
1799.662506 0.127149 
1800.626955 0.128946 
1801.591404 0.131859 
1802.555854 0.130291 
1803.520303 0.121243 
1804.484753 0.116161 
1805.449202 0.114212 
1806.413651 0.113191 
1807.378101 0.114720 
1808.342550 0.113676 
1809.306999 0.108715 
1810.271449 0.108352 
1811.235898 0.110043 
1812.200347 0.109971 
1813.164797 0.105733 
1814.129246 0.101535 
1815.093696 0.100025 
1816.058145 0.099462 
1817.022594 0.101422 
1817.987044 0.100916 
1818.951493 0.096333 
1819.915942 0.094498 
1820.880392 0.093851 
1821.844841 0.094512 
1822.809290 0.095281 
1823.773740 0.093244 
1824.738189 0.094575 
1825.702638 0.097816 
1826.667088 0.091497 
1827.631537 0.088346 
1828.595987 0.087822 
1829.560436 0.090351 
1830.524885 0.091082 
1831.489335 0.087812 
1832.453784 0.087127 
1833.418233 0.088511 
1834.382683 0.086326 
1835.347132 0.084822 
1836.311581 0.085772 
1837.276031 0.088140 
1838.240480 0.085895 
1839.204930 0.083877 
1840.169379 0.083283 
1841.133828 0.084564 
1842.098278 0.087770 
1843.062727 0.086889 
1844.027176 0.087035 
1844.991626 0.091536 
1845.956075 0.087924 
1846.920524 0.086442 
1847.884974 0.089650 
1848.849423 0.087067 
1849.813872 0.082259 
1850.778322 0.081037 
1851.742771 0.080708 
1852.707221 0.080817 
1853.671670 0.080482 
1854.636119 0.080379 
1855.600569 0.080039 
1856.565018 0.080101 
1857.529467 0.080719 
1858.493917 0.082474 
1859.458366 0.081788 
1860.422815 0.081582 
1861.387265 0.082618 
1862.351714 0.081176 
1863.316164 0.079544 
1864.280613 0.079686 
1865.245062 0.079275 
1866.209512 0.080903 
1867.173961 0.082175 
1868.138410 0.084446 
1869.102860 0.085991 
1870.067309 0.085478 
1871.031758 0.082533 
1871.996208 0.078842 
1872.960657 0.076937 
1873.925106 0.076714 
1874.889556 0.076346 
1875.854005 0.076247 
1876.818455 0.076012 
1877.782904 0.076019 
1878.747353 0.076816 
1879.711803 0.077269 
1880.676252 0.075813 
1881.640701 0.075315 
1882.605151 0.075093 
1883.569600 0.075366 
1884.534049 0.076170 
1885.498499 0.076454 
1886.462948 0.075308 
1887.427398 0.075137 
1888.391847 0.075548 
1889.356296 0.079631 
1890.320746 0.079709 
1891.285195 0.076109 
1892.249644 0.075407 
1893.214094 0.075762 
1894.178543 0.076766 
1895.142992 0.079327 
1896.107442 0.078056 
1897.071891 0.075975 
1898.036340 0.075680 
1899.000790 0.075246 
1899.965239 0.075131 
1900.929689 0.075466 
1901.894138 0.075953 
1902.858587 0.075412 
1903.823037 0.075157 
1904.787486 0.075139 
1905.751935 0.074879 
1906.716385 0.075371 
1907.680834 0.077709 
1908.645283 0.078231 
1909.609733 0.078774 
1910.574182 0.078961 
1911.538632 0.076128 
1912.503081 0.075530 
1913.467530 0.075571 
1914.431980 0.076188 
1915.396429 0.076283 
1916.360878 0.076242 
1917.325328 0.077622 
1918.289777 0.081503 
1919.254226 0.079256 
1920.218676 0.077291 
1921.183125 0.078263 
1922.147574 0.083576 
1923.112024 0.087169 
1924.076473 0.081802 
1925.040923 0.077958 
1926.005372 0.077631 
1926.969821 0.077719 
1927.934271 0.077950 
1928.898720 0.077901 
1929.863169 0.077992 
1930.827619 0.078091 
1931.792068 0.078544 
1932.756517 0.079512 
1933.720967 0.079684 
1934.685416 0.078980 
1935.649866 0.079094 
1936.614315 0.079359 
1937.578764 0.079775 
1938.543214 0.080056 
1939.507663 0.080407 
1940.472112 0.081233 
1941.436562 0.084058 
1942.401011 0.089946 
1943.365460 0.088575 
1944.329910 0.083545 
1945.294359 0.083875 
1946.258808 0.084340 
1947.223258 0.083989 
1948.187707 0.083801 
1949.152157 0.084703 
1950.116606 0.084681 
1951.081055 0.084272 
1952.045505 0.083891 
1953.009954 0.083875 
1953.974403 0.084085 
1954.938853 0.085099 
1955.903302 0.084550 
1956.867751 0.084503 
1957.832201 0.086941 
1958.796650 0.088326 
1959.761100 0.085233 
1960.725549 0.083277 
1961.689998 0.082599 
1962.654448 0.081757 
1963.618897 0.081284 
1964.583346 0.081338 
1965.547796 0.082504 
1966.512245 0.085441 
1967.476694 0.087067 
1968.441144 0.083928 
1969.405593 0.081082 
1970.370042 0.080864 
1971.334492 0.080616 
1972.298941 0.080689 
1973.263391 0.080589 
1974.227840 0.080678 
1975.192289 0.080595 
1976.156739 0.080754 
1977.121188 0.080697 
1978.085637 0.080778 
1979.050087 0.080595 
1980.014536 0.080599 
1980.978985 0.080550 
1981.943435 0.080701 
1982.907884 0.080473 
1983.872334 0.080477 
1984.836783 0.080321 
1985.801232 0.080408 
1986.765682 0.080478 
1987.730131 0.082646 
1988.694580 0.084208 
1989.659030 0.082049 
1990.623479 0.081446 
1991.587928 0.086151 
1992.552378 0.089052 
1993.516827 0.084518 
1994.481276 0.082030 
1995.445726 0.082045 
1996.410175 0.082251 
1997.374625 0.082527 
1998.339074 0.082952 
1999.303523 0.083387 
2000.267973 0.083369 
2001.232422 0.083611 
2002.196871 0.083922 
2003.161321 0.084263 
2004.125770 0.084479 
2005.090219 0.084866 
2006.054669 0.085217 
2007.019118 0.086052 
2007.983568 0.086663 
2008.948017 0.086755 
2009.912466 0.086743 
2010.876916 0.087009 
2011.841365 0.087209 
2012.805814 0.087590 
2013.770264 0.087764 
2014.734713 0.088127 
2015.699162 0.089380 
2016.663612 0.092931 
2017.628061 0.093471 
2018.592510 0.092323 
2019.556960 0.090989 
2020.521409 0.089827 
2021.485859 0.089807 
2022.450308 0.090625 
2023.414757 0.091192 
2024.379207 0.090814 
2025.343656 0.090792 
2026.308105 0.091248 
2027.272555 0.091873 
2028.237004 0.092791 
2029.201453 0.092957 
2030.165903 0.092207 
2031.130352 0.091869 
2032.094802 0.091878 
2033.059251 0.091929 
2034.023700 0.091929 
2034.988150 0.091782 
2035.952599 0.091672 
2036.917048 0.091665 
2037.881498 0.091497 
2038.845947 0.091169 
2039.810396 0.091255 
2040.774846 0.092999 
2041.739295 0.093720 
2042.703744 0.091249 
2043.668194 0.090326 
2044.632643 0.090064 
2045.597093 0.089790 
2046.561542 0.089667 
2047.525991 0.089353 
2048.490441 0.088968 
2049.454890 0.088877 
2050.419339 0.088715 
2051.383789 0.088639 
2052.348238 0.088521 
2053.312687 0.088500 
2054.277137 0.088393 
2055.241586 0.088427 
2056.206036 0.088324 
2057.170485 0.088276 
2058.134934 0.088204 
2059.099384 0.088303 
2060.063833 0.088563 
2061.028282 0.088589 
2061.992732 0.088196 
2062.957181 0.088053 
2063.921630 0.089060 
2064.886080 0.091416 
2065.850529 0.090643 
2066.814978 0.088323 
2067.779428 0.087425 
2068.743877 0.087396 
2069.708327 0.087202 
2070.672776 0.086926 
2071.637225 0.086751 
2072.601675 0.086856 
2073.566124 0.086939 
2074.530573 0.086732 
2075.495023 0.086343 
2076.459472 0.086274 
2077.423921 0.086455 
2078.388371 0.086537 
2079.352820 0.086137 
2080.317270 0.085848 
2081.281719 0.085966 
2082.246168 0.086063 
2083.210618 0.085572 
2084.175067 0.085331 
2085.139516 0.085307 
2086.103966 0.085592 
2087.068415 0.085597 
2088.032864 0.085106 
2088.997314 0.085119 
2089.961763 0.086435 
2090.926212 0.085801 
2091.890662 0.084049 
2092.855111 0.083547 
2093.819561 0.083571 
2094.784010 0.083732 
2095.748459 0.083179 
2096.712909 0.082557 
2097.677358 0.082406 
2098.641807 0.082571 
2099.606257 0.082347 
2100.570706 0.081608 
2101.535155 0.081231 
2102.499605 0.081347 
2103.464054 0.081478 
2104.428504 0.080703 
2105.392953 0.080254 
2106.357402 0.080356 
2107.321852 0.080767 
2108.286301 0.080196 
2109.250750 0.079570 
2110.215200 0.079563 
2111.179649 0.080070 
2112.144098 0.079827 
2113.108548 0.079239 
2114.072997 0.079511 
2115.037446 0.080428 
2116.001896 0.080019 
2116.966345 0.078890 
2117.930795 0.078526 
2118.895244 0.078913 
2119.859693 0.079198 
2120.824143 0.078652 
2121.788592 0.078248 
2122.753041 0.078530 
2123.717491 0.078946 
2124.681940 0.078552 
2125.646389 0.078055 
2126.610839 0.078185 
2127.575288 0.078566 
2128.539738 0.078355 
2129.504187 0.077952 
2130.468636 0.078055 
2131.433086 0.078404 
2132.397535 0.078287 
2133.361984 0.077890 
2134.326434 0.077967 
2135.290883 0.078527 
2136.255332 0.078947 
2137.219782 0.078313 
2138.184231 0.078015 
2139.148680 0.078290 
2140.113130 0.078271 
2141.077579 0.077839 
2142.042029 0.077770 
2143.006478 0.077688 
2143.970927 0.077705 
2144.935377 0.077685 
2145.899826 0.077749 
2146.864275 0.077784 
2147.828725 0.077765 
2148.793174 0.077481 
2149.757623 0.077547 
2150.722073 0.077720 
2151.686522 0.077646 
2152.650972 0.077390 
2153.615421 0.077543 
2154.579870 0.077715 
2155.544320 0.077439 
2156.508769 0.077045 
2157.473218 0.077299 
2158.437668 0.077451 
2159.402117 0.077034 
2160.366566 0.076758 
2161.331016 0.077434 
2162.295465 0.077550 
2163.259914 0.076762 
2164.224364 0.076478 
2165.188813 0.077069 
2166.153263 0.077020 
2167.117712 0.076372 
2168.082161 0.076502 
2169.046611 0.077137 
2170.011060 0.076755 
2170.975509 0.076172 
2171.939959 0.076593 
2172.904408 0.077127 
2173.868857 0.076529 
2174.833307 0.076191 
2175.797756 0.076754 
2176.762206 0.076891 
2177.726655 0.076171 
2178.691104 0.076217 
2179.655554 0.076734 
2180.620003 0.076508 
2181.584452 0.075990 
2182.548902 0.076372 
2183.513351 0.076567 
2184.477800 0.076056 
2185.442250 0.075965 
2186.406699 0.076553 
2187.371148 0.076299 
2188.335598 0.075746 
2189.300047 0.075987 
2190.264497 0.076217 
2191.228946 0.075670 
2192.193395 0.075595 
2193.157845 0.075979 
2194.122294 0.075835 
2195.086743 0.075415 
2196.051193 0.075685 
2197.015642 0.075825 
2197.980091 0.075536 
2198.944541 0.075504 
2199.908990 0.075783 
2200.873440 0.075564 
2201.837889 0.075408 
2202.802338 0.075593 
2203.766788 0.075604 
2204.731237 0.075379 
2205.695686 0.075513 
2206.660136 0.075443 
2207.624585 0.075200 
2208.589034 0.075130 
2209.553484 0.075247 
2210.517933 0.075059 
2211.482382 0.074950 
2212.446832 0.074939 
2213.411281 0.074904 
2214.375731 0.074763 
2215.340180 0.074791 
2216.304629 0.074705 
2217.269079 0.074649 
2218.233528 0.074673 
2219.197977 0.074679 
2220.162427 0.074425 
2221.126876 0.074385 
2222.091325 0.074341 
2223.055775 0.074231 
2224.020224 0.074108 
2224.984674 0.074076 
2225.949123 0.073952 
2226.913572 0.073956 
2227.878022 0.073908 
2228.842471 0.073889 
2229.806920 0.073846 
2230.771370 0.073952 
2231.735819 0.073890 
2232.700268 0.073891 
2233.664718 0.073861 
2234.629167 0.073931 
2235.593616 0.073966 
2236.558066 0.074006 
2237.522515 0.073984 
2238.486965 0.074065 
2239.451414 0.074121 
2240.415863 0.074146 
2241.380313 0.074138 
2242.344762 0.074212 
2243.309211 0.074200 
2244.273661 0.074217 
2245.238110 0.074205 
2246.202559 0.074317 
2247.167009 0.074329 
2248.131458 0.074356 
2249.095908 0.074331 
2250.060357 0.074560 
2251.024806 0.074624 
2251.989256 0.074787 
2252.953705 0.074813 
2253.918154 0.075015 
2254.882604 0.075103 
2255.847053 0.075286 
2256.811502 0.075285 
2257.775952 0.075389 
2258.740401 0.075412 
2259.704850 0.075599 
2260.669300 0.075644 
2261.633749 0.075735 
2262.598199 0.075778 
2263.562648 0.075998 
2264.527097 0.076079 
2265.491547 0.076189 
2266.455996 0.076179 
2267.420445 0.076342 
2268.384895 0.076423 
2269.349344 0.076573 
2270.313793 0.076643 
2271.278243 0.076855 
2272.242692 0.076966 
2273.207142 0.077098 
2274.171591 0.077171 
2275.136040 0.077376 
2276.100490 0.077492 
2277.064939 0.077830 
2278.029388 0.077952 
2278.993838 0.078137 
2279.958287 0.078404 
2280.922736 0.078635 
2281.887186 0.078981 
2282.851635 0.079331 
2283.816084 0.079465 
2284.780534 0.079828 
2285.744983 0.079720 
2286.709433 0.080063 
2287.673882 0.080107 
2288.638331 0.080351 
2289.602781 0.080856 
2290.567230 0.080818 
2291.531679 0.081589 
2292.496129 0.081581 
2293.460578 0.082334 
2294.425027 0.082840 
2295.389477 0.083031 
2296.353926 0.084253 
2297.318376 0.084022 
2298.282825 0.085566 
2299.247274 0.085269 
2300.211724 0.086482 
2301.176173 0.086898 
2302.140622 0.086916 
2303.105072 0.088026 
2304.069521 0.087798 
2305.033970 0.089649 
2305.998420 0.089096 
2306.962869 0.090800 
2307.927318 0.090091 
2308.891768 0.090867 
2309.856217 0.090838 
2310.820667 0.090710 
2311.785116 0.090918 
2312.749565 0.089165 
2313.714015 0.089591 
2314.678464 0.086863 
2315.642913 0.087197 
2316.607363 0.085582 
2317.571812 0.086477 
2318.536261 0.085525 
2319.500711 0.086283 
2320.465160 0.084820 
2321.429610 0.085320 
2322.394059 0.083579 
2323.358508 0.083312 
2324.322958 0.081032 
2325.287407 0.078963 
2326.251856 0.076866 
2327.216306 0.075807 
2328.180755 0.074962 
2329.145204 0.074468 
2330.109654 0.073787 
2331.074103 0.072753 
2332.038552 0.071170 
2333.003002 0.069511 
2333.967451 0.067696 
2334.931901 0.066116 
2335.896350 0.065784 
2336.860799 0.065878 
2337.825249 0.064947 
2338.789698 0.064786 
2339.754147 0.065291 
2340.718597 0.065153 
2341.683046 0.065402 
2342.647495 0.066759 
2343.611945 0.069365 
2344.576394 0.072642 
2345.540844 0.075347 
2346.505293 0.078079 
2347.469742 0.080697 
2348.434192 0.085328 
2349.398641 0.085694 
2350.363090 0.082719 
2351.327540 0.078932 
2352.291989 0.074400 
2353.256438 0.070335 
2354.220888 0.068829 
2355.185337 0.067126 
2356.149786 0.063739 
2357.114236 0.061418 
2358.078685 0.060984 
2359.043135 0.060806 
2360.007584 0.059285 
2360.972033 0.059060 
2361.936483 0.059461 
2362.900932 0.060018 
2363.865381 0.061098 
2364.829831 0.062839 
2365.794280 0.064279 
2366.758729 0.066344 
2367.723179 0.068573 
2368.687628 0.070910 
2369.652078 0.073180 
2370.616527 0.075577 
2371.580976 0.078021 
2372.545426 0.080276 
2373.509875 0.082456 
2374.474324 0.084479 
2375.438774 0.086506 
2376.403223 0.088231 
2377.367672 0.089698 
2378.332122 0.090621 
2379.296571 0.091175 
2380.261020 0.091025 
2381.225470 0.090344 
2382.189919 0.089255 
2383.154369 0.088016 
2384.118818 0.086578 
2385.083267 0.085224 
2386.047717 0.084079 
2387.012166 0.083229 
2387.976615 0.082542 
2388.941065 0.082061 
2389.905514 0.081750 
2390.869963 0.081589 
2391.834413 0.081463 
2392.798862 0.081455 
2393.763312 0.081537 
2394.727761 0.081753 
2395.692210 0.081956 
2396.656660 0.082185 
2397.621109 0.082447 
2398.585558 0.082756 
2399.550008 0.083003 
2400.514457 0.083178 
2401.478906 0.083167 
2402.443356 0.083051 
2403.407805 0.082853 
2404.372254 0.082665 
2405.336704 0.082395 
2406.301153 0.082191 
2407.265603 0.082022 
2408.230052 0.081925 
2409.194501 0.081810 
2410.158951 0.081699 
2411.123400 0.081573 
2412.087849 0.081542 
2413.052299 0.081488 
2414.016748 0.081419 
2414.981197 0.081337 
2415.945647 0.081319 
2416.910096 0.081289 
2417.874546 0.081268 
2418.838995 0.081262 
2419.803444 0.081304 
2420.767894 0.081279 
2421.732343 0.081303 
2422.696792 0.081324 
2423.661242 0.081384 
2424.625691 0.081504 
2425.590140 0.081647 
2426.554590 0.081671 
2427.519039 0.081701 
2428.483488 0.081749 
2429.447938 0.081889 
2430.412387 0.082026 
2431.376837 0.082161 
2432.341286 0.082265 
2433.305735 0.082402 
2434.270185 0.082484 
2435.234634 0.082647 
2436.199083 0.082745 
2437.163533 0.082816 
2438.127982 0.082871 
2439.092431 0.082963 
2440.056881 0.083021 
2441.021330 0.083125 
2441.985780 0.083150 
2442.950229 0.083173 
2443.914678 0.083128 
2444.879128 0.083085 
2445.843577 0.083012 
2446.808026 0.082940 
2447.772476 0.082802 
2448.736925 0.082645 
2449.701374 0.082487 
2450.665824 0.082331 
2451.630273 0.082083 
2452.594722 0.081871 
2453.559172 0.081705 
2454.523621 0.081616 
2455.488071 0.081455 
2456.452520 0.081285 
2457.416969 0.081169 
2458.381419 0.081051 
2459.345868 0.080846 
2460.310317 0.080721 
2461.274767 0.080604 
2462.239216 0.080510 
2463.203665 0.080409 
2464.168115 0.080325 
2465.132564 0.080191 
2466.097014 0.080064 
2467.061463 0.079891 
2468.025912 0.079737 
2468.990362 0.079537 
2469.954811 0.079398 
2470.919260 0.079338 
2471.883710 0.079265 
2472.848159 0.079106 
2473.812608 0.078993 
2474.777058 0.078921 
2475.741507 0.078869 
2476.705956 0.078728 
2477.670406 0.078591 
2478.634855 0.078494 
2479.599305 0.078437 
2480.563754 0.078321 
2481.528203 0.078216 
2482.492653 0.078139 
2483.457102 0.078083 
2484.421551 0.077978 
2485.386001 0.077882 
2486.350450 0.077804 
2487.314899 0.077765 
2488.279349 0.077683 
2489.243798 0.077625 
2490.208248 0.077553 
2491.172697 0.077511 
2492.137146 0.077441 
2493.101596 0.077359 
2494.066045 0.077274 
2495.030494 0.077252 
2495.994944 0.077243 
2496.959393 0.077223 
2497.923842 0.077137 
2498.888292 0.077103 
2499.852741 0.077119 
2500.817190 0.077108 
2501.781640 0.077060 
2502.746089 0.077017 
2503.710539 0.076977 
2504.674988 0.076986 
2505.639437 0.076972 
2506.603887 0.076951 
2507.568336 0.077001 
2508.532785 0.077057 
2509.497235 0.077065 
2510.461684 0.077130 
2511.426133 0.077191 
2512.390583 0.077237 
2513.355032 0.077289 
2514.319482 0.077332 
2515.283931 0.077376 
2516.248380 0.077462 
2517.212830 0.077549 
2518.177279 0.077644 
2519.141728 0.077694 
2520.106178 0.077776 
2521.070627 0.077804 
2522.035076 0.077792 
2522.999526 0.077778 
2523.963975 0.077755 
2524.928424 0.077836 
2525.892874 0.077896 
2526.857323 0.077878 
2527.821773 0.077808 
2528.786222 0.077910 
2529.750671 0.077966 
2530.715121 0.077977 
2531.679570 0.077984 
2532.644019 0.078103 
2533.608469 0.078201 
2534.572918 0.078224 
2535.537367 0.078248 
2536.501817 0.078350 
2537.466266 0.078455 
2538.430716 0.078517 
2539.395165 0.078592 
2540.359614 0.078682 
2541.324064 0.078828 
2542.288513 0.078924 
2543.252962 0.079062 
2544.217412 0.079143 
2545.181861 0.079283 
2546.146310 0.079413 
2547.110760 0.079572 
2548.075209 0.079690 
2549.039658 0.079925 
2550.004108 0.080102 
2550.968557 0.080206 
2551.933007 0.080227 
2552.897456 0.080337 
2553.861905 0.080441 
2554.826355 0.080545 
2555.790804 0.080628 
2556.755253 0.080795 
2557.719703 0.080939 
2558.684152 0.081066 
2559.648601 0.081122 
2560.613051 0.081265 
2561.577500 0.081437 
2562.541950 0.081620 
2563.506399 0.081752 
2564.470848 0.081923 
2565.435298 0.082096 
2566.399747 0.082324 
2567.364196 0.082450 
2568.328646 0.082631 
2569.293095 0.082748 
2570.257544 0.082883 
2571.221994 0.083008 
2572.186443 0.083175 
2573.150892 0.083313 
2574.115342 0.083421 
2575.079791 0.083423 
2576.044241 0.083462 
2577.008690 0.083482 
2577.973139 0.083584 
2578.937589 0.083672 
2579.902038 0.083777 
2580.866487 0.083827 
2581.830937 0.083879 
2582.795386 0.083910 
2583.759835 0.083979 
2584.724285 0.084002 
2585.688734 0.084111 
2586.653184 0.084238 
2587.617633 0.084420 
2588.582082 0.084558 
2589.546532 0.084781 
2590.510981 0.084897 
2591.475430 0.085005 
2592.439880 0.085056 
2593.404329 0.085135 
2594.368778 0.085171 
2595.333228 0.085192 
2596.297677 0.085163 
2597.262126 0.085103 
2598.226576 0.084930 
2599.191025 0.084779 
2600.155475 0.084627 
2601.119924 0.084464 
2602.084373 0.084282 
2603.048823 0.084193 
2604.013272 0.084019 
2604.977721 0.083891 
2605.942171 0.083718 
2606.906620 0.083561 
2607.871069 0.083373 
2608.835519 0.083262 
2609.799968 0.083118 
2610.764418 0.083056 
2611.728867 0.083032 
2612.693316 0.082942 
2613.657766 0.082749 
2614.622215 0.082658 
2615.586664 0.082653 
2616.551114 0.082715 
2617.515563 0.082671 
2618.480012 0.082640 
2619.444462 0.082618 
2620.408911 0.082601 
2621.373360 0.082579 
2622.337810 0.082590 
2623.302259 0.082566 
2624.266709 0.082624 
2625.231158 0.082643 
2626.195607 0.082716 
2627.160057 0.082777 
2628.124506 0.082894 
2629.088955 0.082999 
2630.053405 0.083162 
2631.017854 0.083333 
2631.982303 0.083563 
2632.946753 0.083723 
2633.911202 0.083870 
2634.875652 0.083924 
2635.840101 0.084084 
2636.804550 0.084342 
2637.769000 0.084583 
2638.733449 0.084750 
2639.697898 0.084965 
2640.662348 0.085124 
2641.626797 0.085330 
2642.591246 0.085525 
2643.555696 0.085768 
2644.520145 0.086039 
2645.484594 0.086273 
2646.449044 0.086487 
2647.413493 0.086813 
2648.377943 0.087144 
2649.342392 0.087526 
2650.306841 0.087832 
2651.271291 0.088141 
2652.235740 0.088526 
2653.200189 0.088907 
2654.164639 0.089108 
2655.129088 0.089276 
2656.093537 0.089395 
2657.057987 0.089486 
2658.022436 0.089505 
2658.986886 0.089510 
2659.951335 0.089489 
2660.915784 0.089562 
2661.880234 0.089522 
2662.844683 0.089452 
2663.809132 0.089424 
2664.773582 0.089461 
2665.738031 0.089432 
2666.702480 0.089505 
2667.666930 0.089546 
2668.631379 0.089621 
2669.595828 0.089675 
2670.560278 0.089784 
2671.524727 0.089825 
2672.489177 0.089968 
2673.453626 0.090044 
2674.418075 0.090033 
2675.382525 0.090014 
2676.346974 0.090070 
2677.311423 0.090027 
2678.275873 0.089913 
2679.240322 0.089782 
2680.204771 0.089728 
2681.169221 0.089569 
2682.133670 0.089427 
2683.098120 0.089283 
2684.062569 0.089189 
2685.027018 0.089072 
2685.991468 0.088963 
2686.955917 0.088775 
2687.920366 0.088587 
2688.884816 0.088408 
2689.849265 0.088329 
2690.813714 0.088167 
2691.778164 0.088031 
2692.742613 0.087913 
2693.707062 0.087865 
2694.671512 0.087736 
2695.635961 0.087595 
2696.600411 0.087484 
2697.564860 0.087485 
2698.529309 0.087403 
2699.493759 0.087383 
2700.458208 0.087279 
2701.422657 0.087195 
2702.387107 0.087123 
2703.351556 0.087064 
2704.316005 0.086973 
2705.280455 0.086991 
2706.244904 0.086990 
2707.209354 0.086973 
2708.173803 0.086962 
2709.138252 0.087005 
2710.102702 0.087018 
2711.067151 0.087103 
2712.031600 0.087143 
2712.996050 0.087271 
2713.960499 0.087417 
2714.924948 0.087584 
2715.889398 0.087753 
2716.853847 0.087955 
2717.818296 0.088154 
2718.782746 0.088451 
2719.747195 0.088730 
2720.711645 0.089043 
2721.676094 0.089329 
2722.640543 0.089536 
2723.604993 0.089761 
2724.569442 0.090158 
2725.533891 0.090526 
2726.498341 0.090806 
2727.462790 0.091055 
2728.427239 0.091523 
2729.391689 0.092082 
2730.356138 0.092754 
2731.320588 0.093462 
2732.285037 0.094228 
2733.249486 0.094916 
2734.213936 0.095554 
2735.178385 0.096030 
2736.142834 0.096364 
2737.107284 0.096432 
2738.071733 0.096285 
2739.036182 0.096018 
2740.000632 0.095814 
2740.965081 0.095555 
2741.929530 0.095253 
2742.893980 0.094920 
2743.858429 0.094654 
2744.822879 0.094378 
2745.787328 0.094096 
2746.751777 0.093761 
2747.716227 0.093325 
2748.680676 0.092931 
2749.645125 0.092701 
2750.609575 0.092370 
2751.574024 0.092156 
2752.538473 0.091963 
2753.502923 0.091798 
2754.467372 0.091715 
2755.431822 0.091726 
2756.396271 0.091687 
2757.360720 0.091694 
2758.325170 0.091735 
2759.289619 0.091811 
2760.254068 0.091824 
2761.218518 0.091950 
2762.182967 0.092103 
2763.147416 0.092274 
2764.111866 0.092487 
2765.076315 0.092704 
2766.040764 0.092855 
2767.005214 0.093088 
2767.969663 0.093293 
2768.934113 0.093510 
2769.898562 0.093717 
2770.863011 0.094009 
2771.827461 0.094296 
2772.791910 0.094565 
2773.756359 0.094843 
2774.720809 0.095189 
2775.685258 0.095422 
2776.649707 0.095736 
2777.614157 0.096101 
2778.578606 0.096574 
2779.543056 0.096965 
2780.507505 0.097455 
2781.471954 0.097964 
2782.436404 0.098486 
2783.400853 0.098972 
2784.365302 0.099558 
2785.329752 0.100184 
2786.294201 0.100809 
2787.258650 0.101399 
2788.223100 0.101987 
2789.187549 0.102474 
2790.151998 0.103054 
2791.116448 0.103599 
2792.080897 0.104134 
2793.045347 0.104667 
2794.009796 0.105305 
2794.974245 0.105888 
2795.938695 0.106545 
2796.903144 0.107316 
2797.867593 0.108029 
2798.832043 0.108633 
2799.796492 0.109373 
2800.760941 0.110123 
2801.725391 0.110956 
2802.689840 0.111765 
2803.654290 0.112621 
2804.618739 0.113385 
2805.583188 0.114220 
2806.547638 0.115042 
2807.512087 0.115900 
2808.476536 0.116814 
2809.440986 0.117828 
2810.405435 0.118820 
2811.369884 0.119961 
2812.334334 0.121194 
2813.298783 0.122698 
2814.263232 0.124294 
2815.227682 0.125995 
2816.192131 0.127683 
2817.156581 0.129511 
2818.121030 0.131393 
2819.085479 0.133333 
2820.049929 0.135254 
2821.014378 0.137334 
2821.978827 0.139450 
2822.943277 0.141705 
2823.907726 0.144025 
2824.872175 0.146597 
2825.836625 0.149275 
2826.801074 0.152114 
2827.765524 0.154992 
2828.729973 0.158121 
2829.694422 0.161300 
2830.658872 0.164564 
2831.623321 0.167747 
2832.587770 0.171118 
2833.552220 0.174783 
2834.516669 0.179014 
2835.481118 0.183764 
2836.445568 0.189721 
2837.410017 0.197040 
2838.374466 0.205912 
2839.338916 0.216166 
2840.303365 0.227939 
2841.267815 0.240489 
2842.232264 0.252996 
2843.196713 0.263745 
2844.161163 0.271836 
2845.125612 0.276525 
2846.090061 0.278605 
2847.054511 0.278871 
2848.018960 0.278961 
2848.983409 0.279918 
2849.947859 0.282898 
2850.912308 0.288071 
2851.876758 0.296034 
2852.841207 0.306589 
2853.805656 0.320195 
2854.770106 0.336459 
2855.734555 0.355664 
2856.699004 0.377187 
2857.663454 0.401278 
2858.627903 0.427008 
2859.592352 0.454066 
2860.556802 0.480867 
2861.521251 0.507207 
2862.485700 0.531142 
2863.450150 0.552574 
2864.414599 0.569959 
2865.379049 0.584014 
2866.343498 0.593573 
2867.307947 0.600686 
2868.272397 0.606282 
2869.236846 0.613511 
2870.201295 0.623578 
2871.165745 0.639715 
2872.130194 0.661333 
2873.094643 0.688019 
2874.059093 0.713416 
2875.023542 0.730654 
2875.987992 0.729292 
2876.952441 0.707133 
2877.916890 0.667087 
2878.881340 0.618862 
2879.845789 0.568845 
2880.810238 0.523380 
2881.774688 0.483926 
2882.739137 0.451712 
2883.703586 0.425751 
2884.668036 0.405679 
2885.632485 0.390001 
2886.596934 0.378447 
2887.561384 0.369755 
2888.525833 0.363849 
2889.490283 0.359842 
2890.454732 0.357904 
2891.419181 0.357539 
2892.383631 0.359030 
2893.348080 0.362085 
2894.312529 0.367121 
2895.276979 0.373446 
2896.241428 0.381568 
2897.205877 0.391218 
2898.170327 0.402414 
2899.134776 0.413968 
2900.099226 0.426143 
2901.063675 0.437857 
2902.028124 0.449137 
2902.992574 0.459240 
2903.957023 0.468808 
2904.921472 0.477415 
2905.885922 0.485837 
2906.850371 0.493697 
2907.814820 0.501873 
2908.779270 0.509523 
2909.743719 0.517519 
2910.708168 0.525272 
2911.672618 0.533746 
2912.637067 0.542364 
2913.601517 0.552070 
2914.565966 0.562201 
2915.530415 0.574294 
2916.494865 0.587471 
2917.459314 0.602837 
2918.423763 0.619890 
2919.388213 0.639815 
2920.352662 0.661467 
2921.317111 0.685929 
2922.281561 0.711992 
2923.246010 0.740904 
2924.210460 0.771571 
2925.174909 0.805388 
2926.139358 0.840207 
2927.103808 0.877745 
2928.068257 0.915844 
2929.032706 0.955331 
2929.997156 0.992651 
2930.961605 1.029435 
2931.926054 1.059751 
2932.890504 1.084949 
2933.854953 1.100541 
2934.819402 1.109699 
2935.783852 1.108497 
2936.748301 1.101276 
2937.712751 1.085215 
2938.677200 1.066451 
2939.641649 1.044996 
2940.606099 1.026841 
2941.570548 1.010839 
2942.534997 1.001314 
2943.499447 0.997278 
2944.463896 1.004040 
2945.428345 1.018078 
2946.392795 1.042256 
2947.357244 1.076364 
2948.321694 1.124461 
2949.286143 1.179865 
2950.250592 1.243002 
2951.215042 1.303178 
2952.179491 1.360722 
2953.143940 1.407657 
2954.108390 1.449019 
2955.072839 1.478612 
2956.037288 1.507766 
2957.001738 1.531046 
2957.966187 1.558522 
2958.930636 1.578716 
2959.895086 1.596574 
2960.859535 1.599593 
2961.823985 1.594876 
2962.788434 1.572309 
2963.752883 1.543132 
2964.717333 1.496262 
2965.681782 1.442502 
2966.646231 1.374136 
2967.610681 1.301833 
2968.575130 1.222435 
2969.539579 1.143574 
2970.504029 1.063759 
2971.468478 0.988064 
2972.432928 0.915226 
2973.397377 0.848733 
2974.361826 0.786891 
2975.326276 0.732488 
2976.290725 0.683051 
2977.255174 0.639158 
2978.219624 0.599507 
2979.184073 0.565291 
2980.148522 0.535406 
2981.112972 0.509508 
2982.077421 0.486628 
2983.041870 0.467763 
2984.006320 0.451503 
2984.970769 0.438003 
2985.935219 0.426649 
2986.899668 0.418135 
2987.864117 0.411241 
2988.828567 0.405966 
2989.793016 0.401819 
2990.757465 0.398897 
2991.721915 0.396312 
2992.686364 0.394424 
2993.650813 0.392402 
2994.615263 0.390094 
2995.579712 0.386398 
2996.544162 0.381885 
2997.508611 0.376311 
2998.473060 0.370438 
2999.437510 0.363690 
3000.401959 0.356358 
3001.366408 0.348474 
3002.330858 0.340700 
3003.295307 0.332832 
3004.259756 0.325774 
3005.224206 0.318895 
3006.188655 0.312343 
3007.153104 0.306458 
3008.117554 0.301956 
3009.082003 0.298452 
3010.046453 0.296308 
3011.010902 0.294875 
3011.975351 0.295073 
3012.939801 0.296504 
3013.904250 0.298447 
3014.868699 0.301720 
3015.833149 0.306586 
3016.797598 0.311676 
3017.762047 0.317595 
3018.726497 0.324064 
3019.690946 0.330659 
3020.655396 0.336556 
3021.619845 0.341804 
3022.584294 0.345680 
3023.548744 0.347677 
3024.513193 0.347327 
3025.477642 0.345359 
3026.442092 0.340990 
3027.406541 0.334387 
3028.370990 0.325654 
3029.335440 0.315439 
3030.299889 0.304375 
3031.264338 0.293230 
3032.228788 0.281103 
3033.193237 0.268832 
3034.157687 0.257461 
3035.122136 0.246686 
3036.086585 0.236454 
3037.051035 0.227245 
3038.015484 0.218680 
3038.979933 0.210974 
3039.944383 0.203921 
3040.908832 0.197605 
3041.873281 0.191810 
3042.837731 0.186605 
3043.802180 0.181874 
3044.766630 0.177682 
3045.731079 0.173747 
3046.695528 0.170331 
3047.659978 0.167129 
3048.624427 0.164563 
3049.588876 0.161994 
3050.553326 0.159340 
3051.517775 0.156955 
3052.482224 0.155034 
3053.446674 0.153145 
3054.411123 0.151328 
3055.375572 0.149827 
3056.340022 0.148809 
3057.304471 0.147107 
3058.268921 0.145399 
3059.233370 0.144248 
3060.197819 0.143275 
3061.162269 0.142243 
3062.126718 0.141256 
3063.091167 0.140145 
3064.055617 0.139530 
3065.020066 0.138978 
3065.984515 0.137858 
3066.948965 0.136870 
3067.913414 0.136051 
3068.877864 0.135327 
3069.842313 0.134786 
3070.806762 0.134147 
3071.771212 0.133542 
3072.735661 0.132932 
3073.700110 0.132496 
3074.664560 0.131974 
3075.629009 0.131388 
3076.593458 0.130700 
3077.557908 0.130352 
3078.522357 0.130003 
3079.486806 0.129653 
3080.451256 0.129075 
3081.415705 0.128513 
3082.380155 0.128173 
3083.344604 0.127649 
3084.309053 0.126937 
3085.273503 0.126333 
3086.237952 0.125923 
3087.202401 0.125838 
3088.166851 0.125537 
3089.131300 0.125074 
3090.095749 0.124654 
3091.060199 0.124327 
3092.024648 0.124049 
3092.989098 0.123805 
3093.953547 0.123480 
3094.917996 0.123009 
3095.882446 0.122917 
3096.846895 0.123016 
3097.811344 0.122601 
3098.775794 0.122248 
3099.740243 0.121978 
3100.704692 0.121615 
3101.669142 0.121316 
3102.633591 0.121019 
3103.598040 0.120658 
3104.562490 0.120302 
3105.526939 0.120172 
3106.491389 0.120194 
3107.455838 0.120171 
3108.420287 0.119978 
3109.384737 0.119629 
3110.349186 0.119503 
3111.313635 0.119270 
3112.278085 0.119131 
3113.242534 0.118808 
3114.206983 0.118535 
3115.171433 0.118527 
3116.135882 0.118728 
3117.100332 0.118484 
3118.064781 0.118392 
3119.029230 0.118459 
3119.993680 0.117919 
3120.958129 0.117298 
3121.922578 0.117294 
3122.887028 0.117553 
3123.851477 0.117258 
3124.815926 0.116994 
3125.780376 0.116918 
3126.744825 0.116886 
3127.709274 0.116900 
3128.673724 0.116747 
3129.638173 0.116511 
3130.602623 0.116273 
3131.567072 0.116181 
3132.531521 0.116201 
3133.495971 0.116471 
3134.460420 0.116317 
3135.424869 0.116274 
3136.389319 0.116426 
3137.353768 0.116463 
3138.318217 0.116316 
3139.282667 0.116232 
3140.247116 0.116056 
3141.211566 0.116086 
3142.176015 0.116192 
3143.140464 0.116272 
3144.104914 0.116215 
3145.069363 0.116282 
3146.033812 0.116300 
3146.998262 0.116330 
3147.962711 0.116324 
3148.927160 0.116457 
3149.891610 0.116646 
3150.856059 0.116819 
3151.820508 0.116859 
3152.784958 0.116859 
3153.749407 0.116826 
3154.713857 0.116888 
3155.678306 0.116991 
3156.642755 0.117146 
3157.607205 0.117212 
3158.571654 0.117346 
3159.536103 0.117457 
3160.500553 0.117603 
3161.465002 0.117687 
3162.429451 0.117834 
3163.393901 0.117919 
3164.358350 0.118085 
3165.322800 0.118270 
3166.287249 0.118493 
3167.251698 0.118712 
3168.216148 0.118935 
3169.180597 0.119053 
3170.145046 0.119287 
3171.109496 0.119375 
3172.073945 0.119559 
3173.038394 0.119680 
3174.002844 0.119861 
3174.967293 0.120007 
3175.931742 0.120150 
3176.896192 0.120064 
3177.860641 0.120181 
3178.825091 0.120421 
3179.789540 0.120422 
3180.753989 0.120405 
3181.718439 0.120480 
3182.682888 0.120535 
3183.647337 0.120419 
3184.611787 0.120454 
3185.576236 0.120691 
3186.540685 0.120678 
3187.505135 0.120662 
3188.469584 0.120612 
3189.434034 0.120625 
3190.398483 0.120724 
3191.362932 0.120897 
3192.327382 0.120983 
3193.291831 0.121000 
3194.256280 0.121048 
3195.220730 0.121115 
3196.185179 0.121139 
3197.149628 0.121266 
3198.114078 0.121527 
3199.078527 0.121550 
3200.042976 0.121465 
3201.007426 0.121452 
3201.971875 0.121416 
3202.936325 0.121477 
3203.900774 0.121457 
3204.865223 0.121386 
3205.829673 0.121335 
3206.794122 0.121366 
3207.758571 0.121373 
3208.723021 0.121383 
3209.687470 0.121593 
3210.651919 0.121718 
3211.616369 0.121583 
3212.580818 0.121463 
3213.545268 0.121326 
3214.509717 0.121540 
3215.474166 0.121579 
3216.438616 0.121595 
3217.403065 0.121549 
3218.367514 0.121488 
3219.331964 0.121673 
3220.296413 0.121855 
3221.260862 0.121571 
3222.225312 0.121443 
3223.189761 0.121444 
3224.154210 0.121426 
3225.118660 0.121463 
3226.083109 0.121587 
3227.047559 0.121837 
3228.012008 0.122042 
3228.976457 0.121826 
3229.940907 0.121934 
3230.905356 0.122070 
3231.869805 0.122000 
3232.834255 0.121895 
3233.798704 0.121849 
3234.763153 0.121666 
3235.727603 0.121654 
3236.692052 0.121818 
3237.656502 0.121910 
3238.620951 0.121826 
3239.585400 0.121945 
3240.549850 0.122124 
3241.514299 0.122125 
3242.478748 0.122091 
3243.443198 0.122034 
3244.407647 0.122131 
3245.372096 0.122583 
3246.336546 0.122496 
3247.300995 0.122320 
3248.265444 0.122312 
3249.229894 0.122390 
3250.194343 0.122441 
3251.158793 0.122484 
3252.123242 0.122517 
3253.087691 0.122580 
3254.052141 0.122942 
3255.016590 0.123025 
3255.981039 0.122697 
3256.945489 0.122807 
3257.909938 0.122916 
3258.874387 0.122820 
3259.838837 0.122719 
3260.803286 0.122834 
3261.767736 0.122792 
3262.732185 0.122887 
3263.696634 0.122937 
3264.661084 0.123069 
3265.625533 0.123215 
3266.589982 0.123208 
3267.554432 0.123174 
3268.518881 0.123351 
3269.483330 0.123483 
3270.447780 0.123618 
3271.412229 0.123640 
3272.376678 0.123677 
3273.341128 0.123972 
3274.305577 0.124253 
3275.270027 0.124133 
3276.234476 0.124562 
3277.198925 0.124644 
3278.163375 0.124383 
3279.127824 0.124389 
3280.092273 0.124404 
3281.056723 0.124330 
3282.021172 0.124596 
3282.985621 0.125240 
3283.950071 0.125628 
3284.914520 0.125305 
3285.878970 0.125045 
3286.843419 0.125019 
3287.807868 0.125185 
3288.772318 0.125519 
3289.736767 0.125765 
3290.701216 0.125955 
3291.665666 0.126268 
3292.630115 0.126364 
3293.594564 0.126497 
3294.559014 0.126432 
3295.523463 0.126418 
3296.487912 0.126445 
3297.452362 0.126911 
3298.416811 0.127225 
3299.381261 0.127196 
3300.345710 0.127250 
3301.310159 0.127302 
3302.274609 0.127403 
3303.239058 0.127682 
3304.203507 0.127741 
3305.167957 0.127867 
3306.132406 0.128020 
3307.096855 0.128308 
3308.061305 0.128868 
3309.025754 0.129427 
3309.990204 0.129640 
3310.954653 0.129794 
3311.919102 0.129509 
3312.883552 0.129610 
3313.848001 0.129791 
3314.812450 0.129804 
3315.776900 0.129957 
3316.741349 0.130274 
3317.705798 0.130436 
3318.670248 0.130542 
3319.634697 0.130610 
3320.599146 0.130757 
3321.563596 0.130924 
3322.528045 0.131209 
3323.492495 0.131530 
3324.456944 0.131965 
3325.421393 0.132227 
3326.385843 0.132582 
3327.350292 0.132878 
3328.314741 0.132894 
3329.279191 0.132897 
3330.243640 0.133125 
3331.208089 0.133205 
3332.172539 0.133320 
3333.136988 0.133592 
3334.101438 0.134384 
3335.065887 0.134939 
3336.030336 0.135223 
3336.994786 0.135951 
3337.959235 0.135319 
3338.923684 0.134508 
3339.888134 0.134758 
3340.852583 0.135049 
3341.817032 0.135229 
3342.781482 0.135210 
3343.745931 0.135222 
3344.710380 0.135350 
3345.674830 0.135642 
3346.639279 0.135919 
3347.603729 0.136250 
3348.568178 0.136558 
3349.532627 0.136774 
3350.497077 0.136876 
3351.461526 0.137120 
3352.425975 0.137255 
3353.390425 0.137459 
3354.354874 0.137835 
3355.319323 0.138667 
3356.283773 0.139178 
3357.248222 0.138927 
3358.212672 0.138561 
3359.177121 0.138731 
3360.141570 0.139066 
3361.106020 0.139535 
3362.070469 0.140195 
3363.034918 0.139757 
3363.999368 0.139457 
3364.963817 0.139884 
3365.928266 0.140232 
3366.892716 0.140727 
3367.857165 0.141342 
3368.821614 0.141260 
3369.786064 0.140862 
3370.750513 0.140703 
3371.714963 0.140762 
3372.679412 0.141008 
3373.643861 0.141236 
3374.608311 0.141567 
3375.572760 0.141759 
3376.537209 0.141787 
3377.501659 0.142006 
3378.466108 0.142458 
3379.430557 0.142598 
3380.395007 0.142595 
3381.359456 0.142631 
3382.323906 0.142987 
3383.288355 0.143634 
3384.252804 0.144358 
3385.217254 0.144482 
3386.181703 0.144207 
3387.146152 0.144097 
3388.110602 0.144256 
3389.075051 0.144571 
3390.039500 0.144955 
3391.003950 0.145462 
3391.968399 0.146715 
3392.932848 0.148153 
3393.897298 0.147192 
3394.861747 0.145971 
3395.826197 0.146205 
3396.790646 0.147636 
3397.755095 0.148501 
3398.719545 0.147623 
3399.683994 0.147472 
3400.648443 0.147968 
3401.612893 0.148220 
3402.577342 0.147847 
3403.541791 0.148077 
3404.506241 0.148246 
3405.470690 0.148264 
3406.435140 0.148601 
3407.399589 0.149091 
3408.364038 0.149334 
3409.328488 0.149565 
3410.292937 0.149830 
3411.257386 0.150264 
3412.221836 0.150680 
3413.186285 0.151076 
3414.150734 0.151199 
3415.115184 0.151260 
3416.079633 0.151551 
3417.044082 0.151825 
3418.008532 0.152193 
3418.972981 0.153316 
3419.937431 0.155478 
3420.901880 0.156662 
3421.866329 0.156009 
3422.830779 0.155833 
3423.795228 0.155488 
3424.759677 0.155020 
3425.724127 0.155150 
3426.688576 0.155923 
3427.653025 0.156706 
3428.617475 0.157200 
3429.581924 0.157415 
3430.546374 0.158078 
3431.510823 0.158780 
3432.475272 0.159333 
3433.439722 0.160016 
3434.404171 0.160443 
3435.368620 0.160963 
3436.333070 0.162020 
3437.297519 0.162513 
3438.261968 0.162799 
3439.226418 0.162987 
3440.190867 0.163176 
3441.155316 0.163901 
3442.119766 0.165886 
3443.084215 0.167389 
3444.048665 0.166860 
3445.013114 0.167655 
3445.977563 0.169359 
3446.942013 0.172765 
3447.906462 0.173482 
3448.870911 0.170738 
3449.835361 0.170053 
3450.799810 0.170524 
3451.764259 0.171327 
3452.728709 0.172080 
3453.693158 0.172888 
3454.657608 0.173524 
3455.622057 0.174594 
3456.586506 0.175454 
3457.550956 0.176182 
3458.515405 0.177533 
3459.479854 0.178404 
3460.444304 0.178768 
3461.408753 0.179035 
3462.373202 0.179513 
3463.337652 0.179602 
3464.302101 0.178548 
3465.266550 0.178628 
3466.231000 0.179531 
3467.195449 0.180248 
3468.159899 0.178634 
3469.124348 0.177191 
3470.088797 0.176578 
3471.053247 0.176069 
3472.017696 0.174788 
3472.982145 0.173815 
3473.946595 0.173516 
3474.911044 0.173738 
3475.875493 0.172322 
3476.839943 0.170666 
3477.804392 0.169980 
3478.768842 0.169994 
3479.733291 0.170989 
3480.697740 0.172062 
3481.662190 0.170806 
3482.626639 0.169721 
3483.591088 0.167463 
3484.555538 0.166246 
3485.519987 0.166369 
3486.484436 0.165768 
3487.448886 0.165640 
3488.413335 0.166511 
3489.377784 0.164295 
3490.342234 0.162977 
3491.306683 0.162994 
3492.271133 0.162201 
3493.235582 0.161566 
3494.200031 0.161743 
3495.164481 0.162482 
3496.128930 0.163285 
3497.093379 0.162951 
3498.057829 0.161368 
3499.022278 0.161059 
3499.986727 0.162277 
3500.951177 0.164864 
3501.915626 0.169265 
3502.880076 0.170673 
3503.844525 0.167974 
3504.808974 0.164290 
3505.773424 0.161624 
3506.737873 0.160069 
3507.702322 0.160126 
3508.666772 0.163617 
3509.631221 0.168322 
3510.595670 0.165437 
3511.560120 0.162049 
3512.524569 0.161222 
3513.489018 0.160958 
3514.453468 0.160492 
3515.417917 0.160133 
3516.382367 0.160418 
3517.346816 0.161551 
3518.311265 0.161932 
3519.275715 0.161991 
3520.240164 0.161452 
3521.204613 0.161417 
3522.169063 0.164544 
3523.133512 0.172106 
3524.097961 0.174509 
3525.062411 0.171236 
3526.026860 0.168486 
3526.991310 0.168462 
3527.955759 0.168730 
3528.920208 0.167400 
3529.884658 0.165728 
3530.849107 0.165057 
3531.813556 0.164650 
3532.778006 0.162600 
3533.742455 0.161952 
3534.706904 0.162726 
3535.671354 0.167055 
3536.635803 0.171348 
3537.600252 0.166845 
3538.564702 0.162772 
3539.529151 0.162454 
3540.493601 0.162426 
3541.458050 0.162387 
3542.422499 0.163336 
3543.386949 0.166200 
3544.351398 0.171254 
3545.315847 0.178006 
3546.280297 0.178003 
3547.244746 0.176135 
3548.209195 0.169353 
3549.173645 0.163275 
3550.138094 0.162102 
3551.102544 0.162505 
3552.066993 0.166209 
3553.031442 0.168064 
3553.995892 0.166658 
3554.960341 0.162691 
3555.924790 0.159465 
3556.889240 0.159043 
3557.853689 0.159105 
3558.818138 0.159658 
3559.782588 0.163357 
3560.747037 0.164604 
3561.711486 0.161192 
3562.675936 0.159788 
3563.640385 0.159183 
3564.604835 0.161141 
3565.569284 0.170824 
3566.533733 0.183964 
3567.498183 0.180919 
3568.462632 0.175542 
3569.427081 0.163077 
3570.391531 0.157120 
3571.355980 0.154882 
3572.320429 0.151938 
3573.284879 0.151310 
3574.249328 0.151166 
3575.213778 0.150585 
3576.178227 0.149372 
3577.142676 0.149741 
3578.107126 0.148824 
3579.071575 0.148798 
3580.036024 0.151421 
3581.000474 0.150048 
3581.964923 0.146757 
3582.929372 0.146286 
3583.893822 0.146414 
3584.858271 0.145988 
3585.822720 0.149239 
3586.787170 0.161689 
3587.751619 0.165049 
3588.716069 0.161055 
3589.680518 0.151509 
3590.644967 0.143585 
3591.609417 0.141362 
3592.573866 0.142978 
3593.538315 0.146944 
3594.502765 0.145743 
3595.467214 0.149263 
3596.431663 0.147476 
3597.396113 0.141372 
3598.360562 0.141239 
3599.325012 0.141299 
3600.289461 0.139892 
3601.253910 0.141077 
3602.218360 0.140347 
3603.182809 0.139424 
3604.147258 0.137035 
3605.111708 0.135733 
3606.076157 0.136922 
3607.040606 0.144423 
3608.005056 0.144922 
3608.969505 0.144354 
3609.933954 0.146119 
3610.898404 0.138884 
3611.862853 0.138393 
3612.827303 0.145113 
3613.791752 0.144420 
3614.756201 0.144680 
3615.720651 0.141566 
3616.685100 0.136142 
3617.649549 0.140248 
3618.613999 0.141951 
3619.578448 0.142256 
3620.542897 0.142627 
3621.507347 0.138775 
3622.471796 0.135220 
3623.436246 0.133683 
3624.400695 0.133174 
3625.365144 0.133776 
3626.329594 0.136263 
3627.294043 0.134183 
3628.258492 0.136682 
3629.222942 0.151220 
3630.187391 0.148247 
3631.151840 0.138948 
3632.116290 0.134150 
3633.080739 0.133715 
3634.045188 0.137203 
3635.009638 0.135038 
3635.974087 0.131812 
3636.938537 0.130622 
3637.902986 0.130784 
3638.867435 0.131216 
3639.831885 0.130809 
3640.796334 0.131262 
3641.760783 0.133545 
3642.725233 0.135097 
3643.689682 0.132017 
3644.654131 0.129720 
3645.618581 0.129556 
3646.583030 0.133017 
3647.547480 0.139417 
3648.511929 0.135278 
3649.476378 0.134907 
3650.440828 0.136618 
3651.405277 0.137555 
3652.369726 0.132378 
3653.334176 0.128426 
3654.298625 0.126233 
3655.263074 0.124070 
3656.227524 0.128943 
3657.191973 0.130888 
3658.156422 0.126165 
3659.120872 0.125156 
3660.085321 0.125538 
3661.049771 0.124967 
3662.014220 0.124113 
3662.978669 0.123892 
3663.943119 0.123583 
3664.907568 0.123673 
3665.872017 0.123606 
3666.836467 0.122399 
3667.800916 0.120156 
3668.765365 0.122632 
3669.729815 0.124601 
3670.694264 0.128640 
3671.658714 0.128869 
3672.623163 0.123367 
3673.587612 0.120132 
3674.552062 0.118822 
3675.516511 0.126210 
3676.480960 0.131742 
3677.445410 0.129159 
3678.409859 0.125182 
3679.374308 0.125753 
3680.338758 0.127437 
3681.303207 0.125959 
3682.267656 0.125480 
3683.232106 0.125661 
3684.196555 0.126613 
3685.161005 0.127097 
3686.125454 0.125878 
3687.089903 0.122375 
3688.054353 0.120481 
3689.018802 0.126281 
3689.983251 0.123527 
3690.947701 0.125318 
3691.912150 0.127505 
3692.876599 0.124240 
3693.841049 0.123226 
3694.805498 0.121696 
3695.769948 0.120217 
3696.734397 0.120168 
3697.698846 0.118225 
3698.663296 0.116624 
3699.627745 0.115842 
3700.592194 0.113004 
3701.556644 0.114513 
3702.521093 0.116326 
3703.485542 0.112109 
3704.449992 0.110448 
3705.414441 0.110956 
3706.378890 0.111231 
3707.343340 0.109127 
3708.307789 0.105158 
3709.272239 0.105526 
3710.236688 0.109211 
3711.201137 0.107599 
3712.165587 0.112736 
3713.130036 0.115830 
3714.094485 0.112610 
3715.058935 0.113325 
3716.023384 0.110361 
3716.987833 0.106699 
3717.952283 0.105914 
3718.916732 0.110101 
3719.881182 0.110657 
3720.845631 0.105865 
3721.810080 0.108432 
3722.774530 0.117075 
3723.738979 0.113931 
3724.703428 0.113479 
3725.667878 0.116511 
3726.632327 0.117748 
3727.596776 0.115761 
3728.561226 0.108907 
3729.525675 0.105338 
3730.490124 0.102689 
3731.454574 0.098608 
3732.419023 0.102220 
3733.383473 0.104610 
3734.347922 0.112492 
3735.312371 0.131125 
3736.276821 0.124257 
3737.241270 0.114911 
3738.205719 0.109244 
3739.170169 0.108473 
3740.134618 0.106962 
3741.099067 0.109535 
3742.063517 0.107738 
3743.027966 0.101144 
3743.992416 0.100252 
3744.956865 0.119451 
3745.921314 0.111809 
3746.885764 0.106893 
3747.850213 0.103048 
3748.814662 0.096800 
3749.779112 0.101750 
3750.743561 0.101405 
3751.708010 0.100606 
3752.672460 0.110661 
3753.636909 0.109140 
3754.601358 0.105500 
3755.565808 0.102177 
3756.530257 0.104049 
3757.494707 0.105814 
3758.459156 0.104814 
3759.423605 0.106565 
3760.388055 0.106110 
3761.352504 0.102880 
3762.316953 0.102901 
3763.281403 0.103162 
3764.245852 0.102707 
3765.210301 0.103940 
3766.174751 0.108491 
3767.139200 0.106105 
3768.103650 0.102493 
3769.068099 0.099782 
3770.032548 0.103922 
3770.996998 0.106228 
3771.961447 0.104597 
3772.925896 0.103511 
3773.890346 0.103152 
3774.854795 0.102964 
3775.819244 0.102807 
3776.783694 0.102531 
3777.748143 0.101475 
3778.712592 0.099572 
3779.677042 0.103202 
3780.641491 0.104896 
3781.605941 0.103605 
3782.570390 0.103381 
3783.534839 0.102234 
3784.499289 0.104059 
3785.463738 0.106781 
3786.428187 0.106269 
3787.392637 0.104925 
3788.357086 0.103750 
3789.321535 0.103625 
3790.285985 0.103152 
3791.250434 0.102550 
3792.214884 0.102543 
3793.179333 0.102751 
3794.143782 0.102212 
3795.108232 0.100031 
3796.072681 0.099606 
3797.037130 0.104832 
3798.001580 0.106375 
3798.966029 0.103593 
3799.930478 0.097866 
3800.894928 0.094369 
3801.859377 0.099931 
3802.823826 0.104304 
3803.788276 0.104000 
3804.752725 0.101335 
3805.717175 0.096899 
3806.681624 0.096300 
3807.646073 0.102887 
3808.610523 0.102470 
3809.574972 0.102200 
3810.539421 0.102535 
3811.503871 0.102408 
3812.468320 0.102386 
3813.432769 0.101833 
3814.397219 0.098592 
3815.361668 0.094512 
3816.326118 0.101176 
3817.290567 0.103815 
3818.255016 0.102473 
3819.219466 0.100437 
3820.183915 0.095916 
3821.148364 0.098382 
3822.112814 0.106074 
3823.077263 0.105237 
3824.041712 0.104115 
3825.006162 0.102679 
3825.970611 0.101396 
3826.935060 0.103989 
3827.899510 0.105121 
3828.863959 0.103775 
3829.828409 0.101629 
3830.792858 0.098800 
3831.757307 0.101867 
3832.721757 0.103581 
3833.686206 0.100030 
3834.650655 0.100791 
3835.615105 0.103708 
3836.579554 0.097869 
3837.544003 0.097156 
3838.508453 0.105412 
3839.472902 0.106143 
3840.437352 0.109482 
3841.401801 0.109530 
3842.366250 0.103961 
3843.330700 0.104270 
3844.295149 0.109138 
3845.259598 0.106141 
3846.224048 0.103944 
3847.188497 0.103255 
3848.152946 0.103155 
3849.117396 0.104945 
3850.081845 0.105560 
3851.046294 0.100679 
3852.010744 0.101018 
3852.975193 0.100595 
3853.939643 0.104066 
3854.904092 0.112508 
3855.868541 0.106122 
3856.832991 0.108006 
3857.797440 0.111031 
3858.761889 0.106313 
3859.726339 0.103469 
3860.690788 0.102475 
3861.655237 0.106243 
3862.619687 0.108210 
3863.584136 0.104225 
3864.548586 0.107234 
3865.513035 0.113525 
3866.477484 0.108943 
3867.441934 0.104258 
3868.406383 0.102032 
3869.370832 0.106200 
3870.335282 0.117693 
3871.299731 0.114873 
3872.264180 0.108180 
3873.228630 0.104419 
3874.193079 0.110325 
3875.157528 0.109590 
3876.121978 0.104622 
3877.086427 0.103724 
3878.050877 0.103298 
3879.015326 0.102361 
3879.979775 0.108743 
3880.944225 0.118924 
3881.908674 0.111743 
3882.873123 0.108707 
3883.837573 0.109995 
3884.802022 0.107278 
3885.766471 0.112984 
3886.730921 0.113518 
3887.695370 0.106177 
3888.659820 0.103893 
3889.624269 0.102504 
3890.588718 0.103268 
3891.553168 0.111449 
3892.517617 0.111185 
3893.482066 0.108704 
3894.446516 0.109919 
3895.410965 0.107014 
3896.375414 0.104947 
3897.339864 0.105864 
3898.304313 0.108707 
3899.268762 0.115116 
3900.233212 0.113783 
3901.197661 0.110989 
3902.162111 0.120148 
3903.126560 0.115217 
3904.091009 0.114120 
3905.055459 0.118667 
3906.019908 0.116590 
3906.984357 0.110407 
3907.948807 0.105110 
3908.913256 0.104044 
3909.877705 0.103778 
3910.842155 0.103800 
3911.806604 0.103978 
3912.771054 0.104524 
3913.735503 0.104795 
3914.699952 0.104850 
3915.664402 0.107134 
3916.628851 0.114758 
3917.593300 0.117484 
3918.557750 0.109808 
3919.522199 0.108702 
3920.486648 0.112360 
3921.451098 0.108123 
3922.415547 0.106066 
3923.379996 0.110196 
3924.344446 0.115839 
3925.308895 0.115970 
3926.273345 0.109726 
3927.237794 0.105925 
3928.202243 0.106047 
3929.166693 0.107266 
3930.131142 0.110772 
3931.095591 0.113188 
3932.060041 0.117410 
3933.024490 0.118306 
3933.988939 0.112306 
3934.953389 0.108542 
3935.917838 0.106121 
3936.882288 0.105872 
3937.846737 0.107275 
3938.811186 0.108399 
3939.775636 0.107304 
3940.740085 0.106689 
3941.704534 0.108861 
3942.668984 0.117256 
3943.633433 0.117930 
3944.597882 0.111730 
3945.562332 0.108268 
3946.526781 0.109143 
3947.491230 0.115643 
3948.455680 0.116721 
3949.420129 0.114395 
3950.384579 0.114442 
3951.349028 0.109529 
3952.313477 0.106529 
3953.277927 0.106897 
3954.242376 0.106886 
3955.206825 0.107328 
3956.171275 0.108708 
3957.135724 0.110106 
3958.100173 0.109767 
3959.064623 0.109230 
3960.029072 0.109389 
3960.993522 0.111018 
3961.957971 0.114669 
3962.922420 0.113030 
3963.886870 0.109754 
3964.851319 0.109485 
3965.815768 0.108768 
3966.780218 0.108375 
3967.744667 0.109108 
3968.709116 0.111486 
3969.673566 0.112434 
3970.638015 0.110611 
3971.602464 0.110512 
3972.566914 0.111325 
3973.531363 0.110707 
3974.495813 0.111636 
3975.460262 0.114019 
3976.424711 0.114201 
3977.389161 0.111044 
3978.353610 0.109091 
3979.318059 0.109389 
3980.282509 0.109935 
3981.246958 0.109911 
3982.211407 0.109858 
3983.175857 0.109222 
3984.140306 0.108620 
3985.104756 0.108770 
3986.069205 0.108833 
3987.033654 0.108369 
3987.998104 0.108335 
3988.962553 0.109267 
3989.927002 0.111428 
3990.891452 0.112427 
3991.855901 0.110374 
3992.820350 0.108807 
3993.784800 0.108639 
3994.749249 0.109346 
3995.713698 0.109411 
3996.678148 0.108104 
3997.642597 0.107634 
3998.607047 0.107703 
3999.571496 0.107828 
4000.535945 0.107829 