##YUNITS=Abs
399.282035 0.117506 
400.246484 0.124550 
401.210934 0.127825 
402.175383 0.124412 
403.139832 0.119443 
404.104282 0.121390 
405.068731 0.122210 
406.033181 0.120310 
406.997630 0.120030 
407.962079 0.118882 
408.926529 0.114898 
409.890978 0.111461 
410.855427 0.110673 
411.819877 0.113586 
412.784326 0.115287 
413.748775 0.113958 
414.713225 0.110313 
415.677674 0.107503 
416.642124 0.103717 
417.606573 0.095382 
418.571022 0.076024 
419.535472 0.076595 
420.499921 0.090299 
421.464370 0.096618 
422.428820 0.097145 
423.393269 0.097282 
424.357718 0.097167 
425.322168 0.095183 
426.286617 0.095300 
427.251066 0.094551 
428.215516 0.093153 
429.179965 0.091751 
430.144415 0.091599 
431.108864 0.092339 
432.073313 0.093671 
433.037763 0.095020 
434.002212 0.095727 
434.966661 0.096163 
435.931111 0.096851 
436.895560 0.097716 
437.860009 0.097928 
438.824459 0.096429 
439.788908 0.096253 
440.753358 0.096787 
441.717807 0.095835 
442.682256 0.095556 
443.646706 0.095342 
444.611155 0.095239 
445.575604 0.095614 
446.540054 0.095871 
447.504503 0.097567 
448.468952 0.098135 
449.433402 0.096582 
450.397851 0.094343 
451.362300 0.092751 
452.326750 0.090783 
453.291199 0.090223 
454.255649 0.091451 
455.220098 0.091504 
456.184547 0.091510 
457.148997 0.088903 
458.113446 0.088002 
459.077895 0.090343 
460.042345 0.090096 
461.006794 0.089310 
461.971243 0.088615 
462.935693 0.087771 
463.900142 0.086733 
464.864592 0.086269 
465.829041 0.085593 
466.793490 0.085750 
467.757940 0.085117 
468.722389 0.085688 
469.686838 0.087768 
470.651288 0.088884 
471.615737 0.087357 
472.580186 0.085079 
473.544636 0.087369 
474.509085 0.088857 
475.473534 0.088502 
476.437984 0.087772 
477.402433 0.088081 
478.366883 0.088653 
479.331332 0.088421 
480.295781 0.088866 
481.260231 0.088728 
482.224680 0.088005 
483.189129 0.085349 
484.153579 0.082439 
485.118028 0.082648 
486.082477 0.082562 
487.046927 0.080743 
488.011376 0.079502 
488.975826 0.079623 
489.940275 0.078766 
490.904724 0.077462 
491.869174 0.076293 
492.833623 0.076319 
493.798072 0.076584 
494.762522 0.075728 
495.726971 0.074604 
496.691420 0.073841 
497.655870 0.072932 
498.620319 0.072691 
499.584768 0.073327 
500.549218 0.073110 
501.513667 0.072025 
502.478117 0.071939 
503.442566 0.072595 
504.407015 0.072276 
505.371465 0.072174 
506.335914 0.071623 
507.300363 0.070757 
508.264813 0.070847 
509.229262 0.071263 
510.193711 0.071247 
511.158161 0.070954 
512.122610 0.070886 
513.087060 0.071067 
514.051509 0.070757 
515.015958 0.070834 
515.980408 0.070471 
516.944857 0.069508 
517.909306 0.070724 
518.873756 0.071500 
519.838205 0.071417 
520.802654 0.071895 
521.767104 0.072488 
522.731553 0.073186 
523.696002 0.073625 
524.660452 0.073871 
525.624901 0.073713 
526.589351 0.074308 
527.553800 0.075191 
528.518249 0.075349 
529.482699 0.075426 
530.447148 0.075916 
531.411597 0.076509 
532.376047 0.077155 
533.340496 0.077539 
534.304945 0.077570 
535.269395 0.076358 
536.233844 0.074601 
537.198294 0.074931 
538.162743 0.074754 
539.127192 0.074712 
540.091642 0.074840 
541.056091 0.074860 
542.020540 0.075124 
542.984990 0.075442 
543.949439 0.075187 
544.913888 0.074992 
545.878338 0.075424 
546.842787 0.076194 
547.807236 0.076987 
548.771686 0.077640 
549.736135 0.078375 
550.700585 0.079729 
551.665034 0.081386 
552.629483 0.082549 
553.593933 0.083795 
554.558382 0.086596 
555.522831 0.090036 
556.487281 0.093625 
557.451730 0.097921 
558.416179 0.103492 
559.380629 0.109826 
560.345078 0.116660 
561.309528 0.123657 
562.273977 0.130447 
563.238426 0.136372 
564.202876 0.140079 
565.167325 0.140905 
566.131774 0.138773 
567.096224 0.134497 
568.060673 0.129287 
569.025122 0.123535 
569.989572 0.118049 
570.954021 0.113186 
571.918470 0.108486 
572.882920 0.104095 
573.847369 0.099589 
574.811819 0.095401 
575.776268 0.091309 
576.740717 0.088143 
577.705167 0.085789 
578.669616 0.083846 
579.634065 0.082153 
580.598515 0.080182 
581.562964 0.079064 
582.527413 0.078742 
583.491863 0.078385 
584.456312 0.077546 
585.420762 0.076738 
586.385211 0.076518 
587.349660 0.077192 
588.314110 0.077595 
589.278559 0.076665 
590.243008 0.075936 
591.207458 0.075346 
592.171907 0.075189 
593.136356 0.075454 
594.100806 0.075602 
595.065255 0.075703 
596.029704 0.075933 
596.994154 0.076149 
597.958603 0.075985 
598.923053 0.075751 
599.887502 0.075832 
600.851951 0.076339 
601.816401 0.076600 
602.780850 0.076458 
603.745299 0.076598 
604.709749 0.076751 
605.674198 0.076982 
606.638647 0.077096 
607.603097 0.077332 
608.567546 0.077662 
609.531996 0.077854 
610.496445 0.077948 
611.460894 0.078469 
612.425344 0.078928 
613.389793 0.079384 
614.354242 0.079867 
615.318692 0.080419 
616.283141 0.081011 
617.247590 0.081774 
618.212040 0.082514 
619.176489 0.083209 
620.140938 0.084056 
621.105388 0.084997 
622.069837 0.085647 
623.034287 0.086378 
623.998736 0.087487 
624.963185 0.088633 
625.927635 0.089764 
626.892084 0.090877 
627.856533 0.092146 
628.820983 0.093508 
629.785432 0.094922 
630.749881 0.096073 
631.714331 0.096097 
632.678780 0.096722 
633.643230 0.097221 
634.607679 0.097118 
635.572128 0.098108 
636.536578 0.100486 
637.501027 0.101726 
638.465476 0.105473 
639.429926 0.109781 
640.394375 0.114668 
641.358824 0.119792 
642.323274 0.124508 
643.287723 0.130057 
644.252172 0.134995 
645.216622 0.139062 
646.181071 0.141636 
647.145521 0.142348 
648.109970 0.141275 
649.074419 0.138182 
650.038869 0.133331 
651.003318 0.127177 
651.967767 0.120643 
652.932217 0.115577 
653.896666 0.111361 
654.861115 0.107002 
655.825565 0.102523 
656.790014 0.099271 
657.754464 0.096725 
658.718913 0.094544 
659.683362 0.092784 
660.647812 0.091474 
661.612261 0.090640 
662.576710 0.089437 
663.541160 0.087941 
664.505609 0.086524 
665.470058 0.085593 
666.434508 0.085366 
667.398957 0.085532 
668.363406 0.084767 
669.327856 0.084366 
670.292305 0.084097 
671.256755 0.083790 
672.221204 0.083484 
673.185653 0.083347 
674.150103 0.083391 
675.114552 0.083228 
676.079001 0.083120 
677.043451 0.083072 
678.007900 0.083329 
678.972349 0.083754 
679.936799 0.084145 
680.901248 0.084378 
681.865698 0.084655 
682.830147 0.085109 
683.794596 0.085508 
684.759046 0.085894 
685.723495 0.086459 
686.687944 0.087187 
687.652394 0.087873 
688.616843 0.088460 
689.581292 0.089135 
690.545742 0.089891 
691.510191 0.090740 
692.474640 0.091544 
693.439090 0.092648 
694.403539 0.093817 
695.367989 0.095005 
696.332438 0.096185 
697.296887 0.097322 
698.261337 0.098579 
699.225786 0.099927 
700.190235 0.101146 
701.154685 0.102593 
702.119134 0.104373 
703.083583 0.106612 
704.048033 0.108761 
705.012482 0.110942 
705.976932 0.113338 
706.941381 0.115884 
707.905830 0.118739 
708.870280 0.121279 
709.834729 0.124575 
710.799178 0.128322 
711.763628 0.132773 
712.728077 0.137733 
713.692526 0.143040 
714.656976 0.148392 
715.621425 0.155141 
716.585874 0.162896 
717.550324 0.171724 
718.514773 0.183228 
719.479223 0.196171 
720.443672 0.210124 
721.408121 0.225721 
722.372571 0.240606 
723.337020 0.258944 
724.301469 0.276431 
725.265919 0.293424 
726.230368 0.309359 
727.194817 0.322950 
728.159267 0.337671 
729.123716 0.354461 
730.088166 0.373379 
731.052615 0.395573 
732.017064 0.422271 
732.981514 0.454504 
733.945963 0.493036 
734.910412 0.539470 
735.874862 0.596100 
736.839311 0.664419 
737.803760 0.746655 
738.768210 0.844716 
739.732659 0.959197 
740.697108 1.094431 
741.661558 1.254897 
742.626007 1.443919 
743.590457 1.667086 
744.554906 1.947309 
745.519355 2.286217 
746.483805 2.517564 
747.448254 2.384464 
748.412703 2.312885 
749.377153 2.250207 
750.341602 2.238385 
751.306051 2.221589 
752.270501 2.224766 
753.234950 2.225845 
754.199400 2.224013 
755.163849 2.208571 
756.128298 2.216355 
757.092748 2.214201 
758.057197 2.216380 
759.021646 2.200681 
759.986096 2.199116 
760.950545 2.205170 
761.914994 2.226204 
762.879444 2.215254 
763.843893 2.220075 
764.808342 2.214230 
765.772792 2.229004 
766.737241 2.221353 
767.701691 2.222125 
768.666140 2.211966 
769.630589 2.209659 
770.595039 2.210108 
771.559488 2.230281 
772.523937 2.221830 
773.488387 2.227461 
774.452836 2.217144 
775.417285 2.221095 
776.381735 2.217323 
777.346184 2.227045 
778.310634 2.220305 
779.275083 2.217683 
780.239532 2.212736 
781.203982 2.216931 
782.168431 2.218277 
783.132880 2.235626 
784.097330 2.205723 
785.061779 2.204086 
786.026228 2.210114 
786.990678 2.213572 
787.955127 2.199936 
788.919576 2.197839 
789.884026 2.205840 
790.848475 2.228896 
791.812925 2.210292 
792.777374 2.201073 
793.741823 2.195526 
794.706273 2.198326 
795.670722 2.191297 
796.635171 2.216899 
797.599621 2.214549 
798.564070 2.208998 
799.528519 2.206378 
800.492969 2.215486 
801.457418 2.235280 
802.421868 2.335070 
803.386317 2.444243 
804.350766 2.010486 
805.315216 1.613938 
806.279665 1.337077 
807.244114 1.124478 
808.208564 0.956013 
809.173013 0.822517 
810.137462 0.718486 
811.101912 0.637590 
812.066361 0.574826 
813.030810 0.523916 
813.995260 0.480007 
814.959709 0.440057 
815.924159 0.403029 
816.888608 0.368433 
817.853057 0.336716 
818.817507 0.308464 
819.781956 0.283955 
820.746405 0.263433 
821.710855 0.246873 
822.675304 0.233428 
823.639753 0.222257 
824.604203 0.213053 
825.568652 0.205717 
826.533102 0.199411 
827.497551 0.193565 
828.462000 0.188077 
829.426450 0.182835 
830.390899 0.177753 
831.355348 0.172818 
832.319798 0.167900 
833.284247 0.163118 
834.248696 0.158524 
835.213146 0.153983 
836.177595 0.149582 
837.142044 0.145521 
838.106494 0.141893 
839.070943 0.138577 
840.035393 0.135369 
840.999842 0.132362 
841.964291 0.129879 
842.928741 0.127974 
843.893190 0.126182 
844.857639 0.124139 
845.822089 0.122258 
846.786538 0.121140 
847.750987 0.120493 
848.715437 0.119784 
849.679886 0.119025 
850.644336 0.118490 
851.608785 0.118062 
852.573234 0.117262 
853.537684 0.116296 
854.502133 0.115409 
855.466582 0.114799 
856.431032 0.114312 
857.395481 0.113587 
858.359930 0.112622 
859.324380 0.111865 
860.288829 0.111358 
861.253278 0.110935 
862.217728 0.110784 
863.182177 0.110998 
864.146627 0.111347 
865.111076 0.111560 
866.075525 0.111689 
867.039975 0.111855 
868.004424 0.111858 
868.968873 0.111694 
869.933323 0.111181 
870.897772 0.110546 
871.862221 0.110052 
872.826671 0.109604 
873.791120 0.108951 
874.755570 0.108175 
875.720019 0.107579 
876.684468 0.107137 
877.648918 0.106293 
878.613367 0.105182 
879.577816 0.104310 
880.542266 0.103608 
881.506715 0.102986 
882.471164 0.102438 
883.435614 0.102168 
884.400063 0.102354 
885.364512 0.102739 
886.328962 0.102986 
887.293411 0.103169 
888.257861 0.103586 
889.222310 0.103957 
890.186759 0.103696 
891.151209 0.103037 
892.115658 0.102234 
893.080107 0.101343 
894.044557 0.100181 
895.009006 0.098819 
895.973455 0.097634 
896.937905 0.096581 
897.902354 0.095542 
898.866804 0.094522 
899.831253 0.093791 
900.795702 0.093301 
901.760152 0.092898 
902.724601 0.092510 
903.689050 0.092302 
904.653500 0.092215 
905.617949 0.092210 
906.582398 0.092429 
907.546848 0.092867 
908.511297 0.093554 
909.475746 0.094435 
910.440196 0.095426 
911.404645 0.096536 
912.369095 0.097939 
913.333544 0.099514 
914.297993 0.101026 
915.262443 0.102573 
916.226892 0.104194 
917.191341 0.105617 
918.155791 0.106437 
919.120240 0.106515 
920.084689 0.106127 
921.049139 0.105692 
922.013588 0.105017 
922.978038 0.103934 
923.942487 0.102867 
924.906936 0.101957 
925.871386 0.101230 
926.835835 0.100798 
927.800284 0.100573 
928.764734 0.100501 
929.729183 0.100598 
930.693632 0.100716 
931.658082 0.100638 
932.622531 0.100584 
933.586980 0.100572 
934.551430 0.099483 
935.515879 0.097695 
936.480329 0.096502 
937.444778 0.095934 
938.409227 0.095725 
939.373677 0.095573 
940.338126 0.095514 
941.302575 0.095659 
942.267025 0.096094 
943.231474 0.096568 
944.195923 0.097169 
945.160373 0.098181 
946.124822 0.099601 
947.089272 0.101211 
948.053721 0.102883 
949.018170 0.104619 
949.982620 0.106371 
950.947069 0.107834 
951.911518 0.108751 
952.875968 0.109277 
953.840417 0.109946 
954.804866 0.110786 
955.769316 0.111435 
956.733765 0.111624 
957.698214 0.111742 
958.662664 0.111884 
959.627113 0.112107 
960.591563 0.112333 
961.556012 0.112860 
962.520461 0.113881 
963.484911 0.115098 
964.449360 0.116153 
965.413809 0.117046 
966.378259 0.117912 
967.342708 0.118954 
968.307157 0.119970 
969.271607 0.121050 
970.236056 0.122439 
971.200506 0.124095 
972.164955 0.125839 
973.129404 0.127530 
974.093854 0.129141 
975.058303 0.130703 
976.022752 0.132147 
976.987202 0.133229 
977.951651 0.134071 
978.916100 0.134930 
979.880550 0.135724 
980.844999 0.136249 
981.809448 0.136515 
982.773898 0.136720 
983.738347 0.136883 
984.702797 0.136790 
985.667246 0.136446 
986.631695 0.136285 
987.596145 0.136250 
988.560594 0.136170 
989.525043 0.135836 
990.489493 0.135454 
991.453942 0.135245 
992.418391 0.135246 
993.382841 0.135490 
994.347290 0.136022 
995.311740 0.136933 
996.276189 0.138142 
997.240638 0.139417 
998.205088 0.140742 
999.169537 0.142136 
1000.133986 0.143602 
1001.098436 0.145194 
1002.062885 0.146825 
1003.027334 0.148565 
1003.991784 0.150254 
1004.956233 0.151768 
1005.920682 0.153009 
1006.885132 0.154028 
1007.849581 0.155052 
1008.814031 0.155919 
1009.778480 0.156428 
1010.742929 0.156712 
1011.707379 0.156811 
1012.671828 0.156589 
1013.636277 0.155957 
1014.600727 0.154914 
1015.565176 0.153781 
1016.529625 0.152629 
1017.494075 0.151301 
1018.458524 0.149874 
1019.422974 0.148601 
1020.387423 0.147630 
1021.351872 0.146855 
1022.316322 0.146132 
1023.280771 0.145629 
1024.245220 0.145474 
1025.209670 0.145572 
1026.174119 0.145632 
1027.138568 0.145580 
1028.103018 0.145597 
1029.067467 0.145770 
1030.031916 0.145883 
1030.996366 0.145856 
1031.960815 0.145749 
1032.925265 0.145750 
1033.889714 0.145651 
1034.854163 0.145342 
1035.818613 0.145063 
1036.783062 0.145011 
1037.747511 0.145116 
1038.711961 0.145277 
1039.676410 0.145514 
1040.640859 0.146018 
1041.605309 0.146906 
1042.569758 0.147974 
1043.534208 0.148994 
1044.498657 0.150087 
1045.463106 0.151360 
1046.427556 0.152721 
1047.392005 0.154158 
1048.356454 0.155777 
1049.320904 0.157774 
1050.285353 0.160019 
1051.249802 0.162205 
1052.214252 0.164303 
1053.178701 0.166388 
1054.143150 0.168378 
1055.107600 0.169774 
1056.072049 0.170375 
1057.036499 0.170271 
1058.000948 0.169409 
1058.965397 0.167598 
1059.929847 0.164908 
1060.894296 0.161717 
1061.858745 0.158529 
1062.823195 0.155457 
1063.787644 0.152633 
1064.752093 0.150380 
1065.716543 0.148792 
1066.680992 0.147566 
1067.645442 0.146431 
1068.609891 0.145164 
1069.574340 0.143795 
1070.538790 0.142485 
1071.503239 0.141105 
1072.467688 0.139536 
1073.432138 0.137890 
1074.396587 0.136299 
1075.361036 0.134823 
1076.325486 0.133302 
1077.289935 0.131824 
1078.254384 0.130566 
1079.218834 0.129577 
1080.183283 0.128486 
1081.147733 0.127289 
1082.112182 0.126140 
1083.076631 0.125068 
1084.041081 0.123862 
1085.005530 0.122480 
1085.969979 0.120900 
1086.934429 0.119186 
1087.898878 0.117303 
1088.863327 0.115307 
1089.827777 0.113420 
1090.792226 0.111918 
1091.756676 0.110724 
1092.721125 0.109659 
1093.685574 0.108817 
1094.650024 0.108319 
1095.614473 0.108111 
1096.578922 0.108062 
1097.543372 0.108063 
1098.507821 0.108248 
1099.472270 0.108641 
1100.436720 0.109189 
1101.401169 0.109791 
1102.365618 0.110478 
1103.330068 0.111192 
1104.294517 0.111806 
1105.258967 0.112351 
1106.223416 0.112716 
1107.187865 0.112952 
1108.152315 0.113051 
1109.116764 0.112957 
1110.081213 0.112852 
1111.045663 0.112871 
1112.010112 0.112964 
1112.974561 0.112916 
1113.939011 0.112611 
1114.903460 0.112100 
1115.867910 0.111220 
1116.832359 0.109973 
1117.796808 0.108549 
1118.761258 0.107201 
1119.725707 0.106051 
1120.690156 0.104905 
1121.654606 0.103732 
1122.619055 0.102613 
1123.583504 0.101725 
1124.547954 0.101004 
1125.512403 0.100227 
1126.476852 0.099474 
1127.441302 0.098928 
1128.405751 0.098523 
1129.370201 0.098081 
1130.334650 0.097373 
1131.299099 0.096784 
1132.263549 0.096426 
1133.227998 0.096071 
1134.192447 0.095609 
1135.156897 0.095219 
1136.121346 0.094923 
1137.085795 0.094689 
1138.050245 0.094376 
1139.014694 0.094111 
1139.979144 0.094052 
1140.943593 0.094172 
1141.908042 0.094192 
1142.872492 0.094165 
1143.836941 0.094284 
1144.801390 0.094597 
1145.765840 0.094910 
1146.730289 0.095140 
1147.694738 0.095389 
1148.659188 0.095799 
1149.623637 0.096256 
1150.588086 0.096536 
1151.552536 0.096638 
1152.516985 0.096955 
1153.481435 0.097487 
1154.445884 0.097916 
1155.410333 0.098178 
1156.374783 0.098575 
1157.339232 0.099126 
1158.303681 0.099545 
1159.268131 0.099748 
1160.232580 0.099853 
1161.197029 0.099960 
1162.161479 0.100056 
1163.125928 0.100055 
1164.090378 0.100003 
1165.054827 0.099880 
1166.019276 0.099698 
1166.983726 0.099553 
1167.948175 0.099614 
1168.912624 0.099979 
1169.877074 0.100529 
1170.841523 0.100930 
1171.805972 0.101169 
1172.770422 0.101362 
1173.734871 0.101629 
1174.699320 0.101828 
1175.663770 0.101960 
1176.628219 0.101954 
1177.592669 0.102071 
1178.557118 0.102371 
1179.521567 0.102835 
1180.486017 0.103468 
1181.450466 0.104008 
1182.414915 0.104296 
1183.379365 0.104638 
1184.343814 0.105293 
1185.308263 0.106228 
1186.272713 0.107169 
1187.237162 0.107920 
1188.201612 0.108552 
1189.166061 0.109168 
1190.130510 0.110012 
1191.094960 0.111214 
1192.059409 0.112555 
1193.023858 0.114154 
1193.988308 0.116180 
1194.952757 0.118549 
1195.917206 0.121205 
1196.881656 0.124429 
1197.846105 0.128617 
1198.810554 0.134123 
1199.775004 0.141243 
1200.739453 0.150660 
1201.703903 0.162053 
1202.668352 0.171856 
1203.632801 0.174891 
1204.597251 0.171099 
1205.561700 0.165111 
1206.526149 0.159824 
1207.490599 0.154996 
1208.455048 0.150120 
1209.419497 0.145490 
1210.383947 0.141577 
1211.348396 0.138295 
1212.312846 0.135523 
1213.277295 0.133524 
1214.241744 0.132297 
1215.206194 0.131658 
1216.170643 0.131294 
1217.135092 0.130976 
1218.099542 0.130756 
1219.063991 0.130733 
1220.028440 0.130889 
1220.992890 0.131138 
1221.957339 0.131599 
1222.921788 0.132471 
1223.886238 0.133833 
1224.850687 0.135635 
1225.815137 0.138227 
1226.779586 0.141983 
1227.744035 0.147194 
1228.708485 0.153583 
1229.672934 0.160174 
1230.637383 0.165308 
1231.601833 0.167740 
1232.566282 0.167809 
1233.530731 0.167829 
1234.495181 0.170147 
1235.459630 0.176006 
1236.424080 0.185265 
1237.388529 0.196681 
1238.352978 0.208456 
1239.317428 0.219842 
1240.281877 0.230897 
1241.246326 0.239636 
1242.210776 0.240638 
1243.175225 0.231604 
1244.139674 0.217899 
1245.104124 0.206468 
1246.068573 0.199769 
1247.033022 0.197565 
1247.997472 0.199082 
1248.961921 0.203019 
1249.926371 0.207692 
1250.890820 0.212413 
1251.855269 0.217533 
1252.819719 0.222916 
1253.784168 0.227347 
1254.748617 0.229151 
1255.713067 0.226598 
1256.677516 0.219490 
1257.641965 0.209833 
1258.606415 0.199670 
1259.570864 0.189601 
1260.535314 0.179693 
1261.499763 0.170798 
1262.464212 0.162912 
1263.428662 0.155747 
1264.393111 0.149628 
1265.357560 0.144687 
1266.322010 0.140981 
1267.286459 0.138459 
1268.250908 0.137179 
1269.215358 0.137097 
1270.179807 0.138216 
1271.144256 0.140421 
1272.108706 0.143797 
1273.073155 0.148241 
1274.037605 0.153478 
1275.002054 0.159250 
1275.966503 0.164848 
1276.930953 0.168805 
1277.895402 0.170265 
1278.859851 0.169259 
1279.824301 0.166783 
1280.788750 0.164290 
1281.753199 0.162741 
1282.717649 0.161578 
1283.682098 0.159934 
1284.646548 0.157097 
1285.610997 0.153283 
1286.575446 0.148777 
1287.539896 0.144092 
1288.504345 0.139873 
1289.468794 0.136491 
1290.433244 0.133836 
1291.397693 0.132050 
1292.362142 0.130951 
1293.326592 0.130499 
1294.291041 0.130453 
1295.255490 0.130523 
1296.219940 0.130428 
1297.184389 0.130328 
1298.148839 0.130139 
1299.113288 0.129886 
1300.077737 0.129800 
1301.042187 0.130254 
1302.006636 0.131153 
1302.971085 0.131952 
1303.935535 0.132019 
1304.899984 0.131355 
1305.864433 0.130251 
1306.828883 0.129100 
1307.793332 0.127869 
1308.757782 0.126863 
1309.722231 0.126075 
1310.686680 0.125016 
1311.651130 0.123224 
1312.615579 0.121024 
1313.580028 0.119123 
1314.544478 0.117859 
1315.508927 0.116835 
1316.473376 0.115735 
1317.437826 0.114560 
1318.402275 0.113529 
1319.366724 0.112181 
1320.331174 0.110819 
1321.295623 0.109550 
1322.260073 0.108628 
1323.224522 0.107969 
1324.188971 0.107488 
1325.153421 0.107364 
1326.117870 0.106874 
1327.082319 0.107038 
1328.046769 0.107261 
1329.011218 0.107624 
1329.975667 0.108087 
1330.940117 0.108659 
1331.904566 0.109417 
1332.869016 0.110465 
1333.833465 0.111700 
1334.797914 0.113317 
1335.762364 0.115221 
1336.726813 0.117219 
1337.691262 0.118806 
1338.655712 0.119596 
1339.620161 0.119935 
1340.584610 0.120301 
1341.549060 0.120528 
1342.513509 0.120056 
1343.477958 0.118846 
1344.442408 0.117021 
1345.406857 0.115133 
1346.371307 0.113634 
1347.335756 0.112836 
1348.300205 0.112709 
1349.264655 0.112776 
1350.229104 0.112984 
1351.193553 0.113266 
1352.158003 0.113578 
1353.122452 0.113774 
1354.086901 0.113558 
1355.051351 0.113242 
1356.015800 0.113048 
1356.980250 0.113074 
1357.944699 0.113137 
1358.909148 0.113395 
1359.873598 0.113677 
1360.838047 0.113853 
1361.802496 0.113776 
1362.766946 0.113827 
1363.731395 0.114120 
1364.695844 0.114560 
1365.660294 0.115017 
1366.624743 0.115552 
1367.589192 0.116538 
1368.553642 0.118040 
1369.518091 0.119879 
1370.482541 0.121502 
1371.446990 0.123013 
1372.411439 0.124566 
1373.375889 0.126731 
1374.340338 0.130755 
1375.304787 0.137493 
1376.269237 0.146736 
1377.233686 0.158156 
1378.198135 0.171474 
1379.162585 0.180364 
1380.127034 0.179613 
1381.091484 0.170435 
1382.055933 0.157866 
1383.020382 0.146891 
1383.984832 0.138856 
1384.949281 0.135382 
1385.913730 0.131162 
1386.878180 0.127878 
1387.842629 0.125208 
1388.807078 0.123546 
1389.771528 0.122696 
1390.735977 0.121632 
1391.700426 0.120293 
1392.664876 0.119382 
1393.629325 0.118744 
1394.593775 0.117883 
1395.558224 0.117052 
1396.522673 0.116548 
1397.487123 0.116051 
1398.451572 0.115768 
1399.416021 0.115512 
1400.380471 0.115060 
1401.344920 0.114892 
1402.309369 0.114721 
1403.273819 0.114532 
1404.238268 0.114214 
1405.202718 0.113842 
1406.167167 0.113510 
1407.131616 0.113104 
1408.096066 0.112665 
1409.060515 0.112537 
1410.024964 0.112433 
1410.989414 0.112384 
1411.953863 0.112213 
1412.918312 0.112187 
1413.882762 0.112218 
1414.847211 0.113349 
1415.811660 0.114380 
1416.776110 0.115440 
1417.740559 0.115938 
1418.705009 0.116947 
1419.669458 0.118463 
1420.633907 0.119226 
1421.598357 0.120242 
1422.562806 0.121861 
1423.527255 0.123751 
1424.491705 0.127274 
1425.456154 0.131062 
1426.420603 0.134290 
1427.385053 0.141825 
1428.349502 0.151347 
1429.313952 0.161834 
1430.278401 0.173259 
1431.242850 0.176766 
1432.207300 0.173990 
1433.171749 0.169690 
1434.136198 0.167599 
1435.100648 0.168604 
1436.065097 0.172580 
1437.029546 0.187374 
1437.993996 0.194878 
1438.958445 0.195502 
1439.922894 0.191364 
1440.887344 0.184976 
1441.851793 0.179444 
1442.816243 0.175318 
1443.780692 0.172995 
1444.745141 0.172429 
1445.709591 0.173118 
1446.674040 0.174459 
1447.638489 0.177367 
1448.602939 0.182931 
1449.567388 0.188896 
1450.531837 0.197449 
1451.496287 0.207467 
1452.460736 0.219231 
1453.425186 0.228297 
1454.389635 0.235805 
1455.354084 0.242848 
1456.318534 0.251348 
1457.282983 0.259969 
1458.247432 0.262510 
1459.211882 0.262731 
1460.176331 0.263860 
1461.140780 0.262517 
1462.105230 0.258865 
1463.069679 0.253821 
1464.034128 0.254092 
1464.998578 0.265955 
1465.963027 0.283184 
1466.927477 0.291956 
1467.891926 0.292105 
1468.856375 0.272423 
1469.820825 0.243833 
1470.785274 0.215592 
1471.749723 0.192042 
1472.714173 0.167495 
1473.678622 0.155236 
1474.643071 0.147185 
1475.607521 0.143431 
1476.571970 0.137594 
1477.536420 0.133449 
1478.500869 0.130092 
1479.465318 0.125771 
1480.429768 0.123070 
1481.394217 0.120521 
1482.358666 0.117949 
1483.323116 0.115814 
1484.287565 0.114077 
1485.252014 0.113264 
1486.216464 0.112487 
1487.180913 0.111961 
1488.145362 0.111255 
1489.109812 0.110886 
1490.074261 0.110388 
1491.038711 0.110389 
1492.003160 0.110184 
1492.967609 0.110118 
1493.932059 0.110342 
1494.896508 0.110645 
1495.860957 0.110929 
1496.825407 0.111243 
1497.789856 0.111147 
1498.754305 0.111941 
1499.718755 0.112048 
1500.683204 0.112358 
1501.647654 0.112792 
1502.612103 0.113466 
1503.576552 0.113775 
1504.541002 0.114533 
1505.505451 0.115405 
1506.469900 0.115054 
1507.434350 0.115260 
1508.398799 0.116700 
1509.363248 0.117428 
1510.327698 0.118404 
1511.292147 0.118993 
1512.256596 0.120109 
1513.221046 0.120803 
1514.185495 0.121370 
1515.149945 0.121875 
1516.114394 0.122327 
1517.078843 0.123210 
1518.043293 0.124507 
1519.007742 0.124861 
1519.972191 0.125486 
1520.936641 0.125776 
1521.901090 0.126696 
1522.865539 0.127522 
1523.829989 0.128159 
1524.794438 0.128809 
1525.758888 0.129882 
1526.723337 0.130501 
1527.687786 0.131361 
1528.652236 0.132372 
1529.616685 0.133401 
1530.581134 0.134297 
1531.545584 0.135961 
1532.510033 0.137568 
1533.474482 0.139846 
1534.438932 0.142111 
1535.403381 0.143792 
1536.367830 0.145735 
1537.332280 0.147807 
1538.296729 0.149879 
1539.261179 0.152260 
1540.225628 0.154748 
1541.190077 0.156648 
1542.154527 0.158914 
1543.118976 0.160731 
1544.083425 0.162057 
1545.047875 0.164056 
1546.012324 0.165692 
1546.976773 0.167041 
1547.941223 0.168315 
1548.905672 0.168109 
1549.870122 0.167692 
1550.834571 0.167217 
1551.799020 0.166477 
1552.763470 0.165808 
1553.727919 0.165409 
1554.692368 0.163688 
1555.656818 0.162072 
1556.621267 0.161308 
1557.585716 0.160638 
1558.550166 0.157541 
1559.514615 0.155695 
1560.479064 0.154789 
1561.443514 0.153161 
1562.407963 0.151787 
1563.372413 0.150373 
1564.336862 0.148958 
1565.301311 0.146638 
1566.265761 0.144756 
1567.230210 0.143432 
1568.194659 0.142451 
1569.159109 0.141499 
1570.123558 0.139921 
1571.088007 0.138716 
1572.052457 0.138053 
1573.016906 0.137279 
1573.981356 0.136730 
1574.945805 0.136665 
1575.910254 0.137012 
1576.874704 0.136085 
1577.839153 0.135115 
1578.803602 0.134472 
1579.768052 0.133821 
1580.732501 0.133150 
1581.696950 0.132668 
1582.661400 0.132066 
1583.625849 0.131408 
1584.590298 0.130739 
1585.554748 0.130007 
1586.519197 0.129036 
1587.483647 0.128025 
1588.448096 0.126829 
1589.412545 0.125532 
1590.376995 0.124115 
1591.341444 0.122767 
1592.305893 0.121474 
1593.270343 0.120220 
1594.234792 0.118880 
1595.199241 0.117504 
1596.163691 0.116177 
1597.128140 0.114963 
1598.092590 0.113648 
1599.057039 0.112343 
1600.021488 0.111530 
1600.985938 0.110794 
1601.950387 0.109963 
1602.914836 0.109106 
1603.879286 0.108356 
1604.843735 0.107682 
1605.808184 0.106883 
1606.772634 0.106026 
1607.737083 0.105244 
1608.701532 0.104707 
1609.665982 0.104094 
1610.630431 0.103613 
1611.594881 0.103333 
1612.559330 0.103072 
1613.523779 0.102798 
1614.488229 0.102480 
1615.452678 0.102361 
1616.417127 0.102593 
1617.381577 0.102043 
1618.346026 0.101483 
1619.310475 0.101238 
1620.274925 0.100939 
1621.239374 0.100640 
1622.203824 0.100365 
1623.168273 0.100238 
1624.132722 0.099758 
1625.097172 0.099265 
1626.061621 0.098974 
1627.026070 0.098840 
1627.990520 0.098602 
1628.954969 0.098140 
1629.919418 0.097884 
1630.883868 0.097641 
1631.848317 0.097511 
1632.812766 0.097383 
1633.777216 0.097396 
1634.741665 0.097694 
1635.706115 0.097289 
1636.670564 0.096815 
1637.635013 0.096831 
1638.599463 0.096777 
1639.563912 0.096660 
1640.528361 0.096451 
1641.492811 0.096307 
1642.457260 0.096192 
1643.421709 0.096161 
1644.386159 0.096050 
1645.350608 0.096248 
1646.315058 0.096054 
1647.279507 0.095734 
1648.243956 0.095770 
1649.208406 0.095621 
1650.172855 0.095554 
1651.137304 0.095635 
1652.101754 0.096104 
1653.066203 0.094694 
1654.030652 0.095010 
1654.995102 0.095370 
1655.959551 0.095114 
1656.924000 0.095031 
1657.888450 0.094963 
1658.852899 0.094985 
1659.817349 0.094865 
1660.781798 0.094598 
1661.746247 0.094410 
1662.710697 0.094432 
1663.675146 0.094190 
1664.639595 0.093992 
1665.604045 0.093837 
1666.568494 0.093670 
1667.532943 0.093492 
1668.497393 0.093436 
1669.461842 0.093449 
1670.426292 0.093118 
1671.390741 0.093003 
1672.355190 0.092763 
1673.319640 0.092481 
1674.284089 0.092535 
1675.248538 0.092633 
1676.212988 0.092208 
1677.177437 0.091881 
1678.141886 0.091800 
1679.106336 0.091667 
1680.070785 0.091499 
1681.035234 0.091290 
1681.999684 0.091194 
1682.964133 0.091184 
1683.928583 0.090596 
1684.893032 0.090813 
1685.857481 0.090733 
1686.821931 0.090390 
1687.786380 0.090318 
1688.750829 0.090146 
1689.715279 0.090099 
1690.679728 0.090015 
1691.644177 0.089923 
1692.608627 0.089826 
1693.573076 0.089659 
1694.537526 0.089649 
1695.501975 0.090099 
1696.466424 0.089620 
1697.430874 0.089221 
1698.395323 0.089144 
1699.359772 0.089485 
1700.324222 0.089627 
1701.288671 0.089632 
1702.253120 0.089098 
1703.217570 0.088999 
1704.182019 0.089135 
1705.146468 0.089065 
1706.110918 0.089116 
1707.075367 0.089004 
1708.039817 0.088882 
1709.004266 0.088899 
1709.968715 0.088856 
1710.933165 0.088802 
1711.897614 0.088785 
1712.862063 0.088786 
1713.826513 0.088729 
1714.790962 0.088651 
1715.755411 0.088559 
1716.719861 0.088714 
1717.684310 0.088839 
1718.648760 0.088847 
1719.613209 0.088817 
1720.577658 0.088772 
1721.542108 0.088797 
1722.506557 0.088777 
1723.471006 0.088742 
1724.435456 0.088714 
1725.399905 0.088775 
1726.364354 0.088815 
1727.328804 0.088804 
1728.293253 0.088711 
1729.257702 0.088666 
1730.222152 0.088624 
1731.186601 0.088612 
1732.151051 0.088628 
1733.115500 0.088852 
1734.079949 0.088828 
1735.044399 0.089070 
1736.008848 0.088864 
1736.973297 0.088853 
1737.937747 0.088862 
1738.902196 0.089049 
1739.866645 0.089241 
1740.831095 0.089044 
1741.795544 0.088961 
1742.759994 0.089018 
1743.724443 0.088854 
1744.688892 0.088746 
1745.653342 0.088802 
1746.617791 0.088807 
1747.582240 0.088665 
1748.546690 0.088599 
1749.511139 0.088517 
1750.475588 0.088669 
1751.440038 0.088753 
1752.404487 0.088585 
1753.368936 0.088599 
1754.333386 0.088637 
1755.297835 0.088643 
1756.262285 0.088707 
1757.226734 0.088652 
1758.191183 0.088511 
1759.155633 0.088597 
1760.120082 0.088580 
1761.084531 0.088695 
1762.048981 0.088665 
1763.013430 0.088476 
1763.977879 0.088417 
1764.942329 0.088438 
1765.906778 0.088432 
1766.871228 0.088485 
1767.835677 0.088596 
1768.800126 0.088540 
1769.764576 0.088391 
1770.729025 0.088541 
1771.693474 0.088517 
1772.657924 0.088675 
1773.622373 0.088546 
1774.586822 0.088409 
1775.551272 0.088454 
1776.515721 0.088515 
1777.480170 0.088553 
1778.444620 0.088564 
1779.409069 0.088510 
1780.373519 0.088569 
1781.337968 0.088511 
1782.302417 0.088539 
1783.266867 0.088593 
1784.231316 0.088685 
1785.195765 0.088684 
1786.160215 0.088618 
1787.124664 0.088669 
1788.089113 0.088715 
1789.053563 0.088654 
1790.018012 0.088625 
1790.982462 0.088641 
1791.946911 0.088777 
1792.911360 0.088941 
1793.875810 0.088668 
1794.840259 0.088638 
1795.804708 0.088622 
1796.769158 0.088609 
1797.733607 0.088611 
1798.698056 0.088663 
1799.662506 0.088765 
1800.626955 0.088667 
1801.591404 0.088606 
1802.555854 0.088598 
1803.520303 0.088648 
1804.484753 0.088690 
1805.449202 0.088715 
1806.413651 0.088656 
1807.378101 0.088698 
1808.342550 0.088696 
1809.306999 0.088712 
1810.271449 0.088740 
1811.235898 0.088712 
1812.200347 0.088682 
1813.164797 0.088746 
1814.129246 0.088817 
1815.093696 0.088802 
1816.058145 0.088815 
1817.022594 0.088829 
1817.987044 0.088826 
1818.951493 0.088825 
1819.915942 0.088864 
1820.880392 0.088870 
1821.844841 0.088858 
1822.809290 0.088844 
1823.773740 0.088814 
1824.738189 0.088973 
1825.702638 0.088991 
1826.667088 0.088904 
1827.631537 0.088970 
1828.595987 0.089072 
1829.560436 0.089196 
1830.524885 0.089227 
1831.489335 0.089128 
1832.453784 0.089187 
1833.418233 0.089226 
1834.382683 0.089276 
1835.347132 0.089301 
1836.311581 0.089292 
1837.276031 0.089334 
1838.240480 0.089432 
1839.204930 0.089467 
1840.169379 0.089514 
1841.133828 0.089531 
1842.098278 0.089548 
1843.062727 0.089622 
1844.027176 0.089913 
1844.991626 0.089830 
1845.956075 0.089732 
1846.920524 0.089828 
1847.884974 0.089876 
1848.849423 0.089964 
1849.813872 0.090048 
1850.778322 0.090136 
1851.742771 0.090194 
1852.707221 0.090306 
1853.671670 0.090369 
1854.636119 0.090431 
1855.600569 0.090421 
1856.565018 0.090409 
1857.529467 0.090453 
1858.493917 0.090441 
1859.458366 0.090432 
1860.422815 0.090492 
1861.387265 0.090540 
1862.351714 0.090588 
1863.316164 0.090585 
1864.280613 0.090541 
1865.245062 0.090561 
1866.209512 0.090568 
1867.173961 0.090504 
1868.138410 0.090494 
1869.102860 0.090568 
1870.067309 0.090523 
1871.031758 0.090474 
1871.996208 0.090517 
1872.960657 0.090541 
1873.925106 0.090542 
1874.889556 0.090530 
1875.854005 0.090525 
1876.818455 0.090483 
1877.782904 0.090528 
1878.747353 0.090503 
1879.711803 0.090485 
1880.676252 0.090447 
1881.640701 0.090482 
1882.605151 0.090468 
1883.569600 0.090472 
1884.534049 0.090447 
1885.498499 0.090448 
1886.462948 0.090528 
1887.427398 0.090537 
1888.391847 0.090497 
1889.356296 0.090521 
1890.320746 0.090513 
1891.285195 0.090540 
1892.249644 0.090540 
1893.214094 0.090482 
1894.178543 0.090455 
1895.142992 0.090472 
1896.107442 0.090540 
1897.071891 0.090526 
1898.036340 0.090529 
1899.000790 0.090551 
1899.965239 0.090555 
1900.929689 0.090534 
1901.894138 0.090478 
1902.858587 0.090467 
1903.823037 0.090494 
1904.787486 0.090442 
1905.751935 0.090409 
1906.716385 0.090354 
1907.680834 0.090342 
1908.645283 0.090280 
1909.609733 0.090260 
1910.574182 0.090279 
1911.538632 0.090334 
1912.503081 0.090325 
1913.467530 0.090272 
1914.431980 0.090251 
1915.396429 0.090261 
1916.360878 0.090261 
1917.325328 0.090391 
1918.289777 0.090404 
1919.254226 0.090337 
1920.218676 0.090390 
1921.183125 0.090375 
1922.147574 0.090297 
1923.112024 0.090309 
1924.076473 0.090371 
1925.040923 0.090457 
1926.005372 0.090490 
1926.969821 0.090508 
1927.934271 0.090554 
1928.898720 0.090573 
1929.863169 0.090542 
1930.827619 0.090473 
1931.792068 0.090545 
1932.756517 0.090644 
1933.720967 0.090704 
1934.685416 0.090728 
1935.649866 0.090758 
1936.614315 0.090790 
1937.578764 0.090817 
1938.543214 0.090889 
1939.507663 0.090924 
1940.472112 0.090914 
1941.436562 0.090960 
1942.401011 0.091035 
1943.365460 0.091029 
1944.329910 0.091068 
1945.294359 0.091137 
1946.258808 0.091188 
1947.223258 0.091246 
1948.187707 0.091394 
1949.152157 0.091671 
1950.116606 0.091834 
1951.081055 0.091689 
1952.045505 0.091555 
1953.009954 0.091606 
1953.974403 0.091667 
1954.938853 0.091707 
1955.903302 0.091813 
1956.867751 0.092258 
1957.832201 0.093790 
1958.796650 0.096719 
1959.761100 0.094540 
1960.725549 0.092647 
1961.689998 0.092231 
1962.654448 0.092178 
1963.618897 0.092184 
1964.583346 0.092199 
1965.547796 0.092235 
1966.512245 0.092228 
1967.476694 0.092255 
1968.441144 0.092298 
1969.405593 0.092348 
1970.370042 0.092388 
1971.334492 0.092395 
1972.298941 0.092430 
1973.263391 0.092544 
1974.227840 0.092596 
1975.192289 0.092571 
1976.156739 0.092573 
1977.121188 0.092610 
1978.085637 0.092651 
1979.050087 0.092674 
1980.014536 0.092647 
1980.978985 0.092615 
1981.943435 0.092682 
1982.907884 0.092705 
1983.872334 0.092720 
1984.836783 0.092715 
1985.801232 0.092780 
1986.765682 0.092784 
1987.730131 0.092764 
1988.694580 0.092760 
1989.659030 0.092816 
1990.623479 0.092842 
1991.587928 0.092866 
1992.552378 0.092859 
1993.516827 0.092892 
1994.481276 0.093015 
1995.445726 0.093050 
1996.410175 0.093003 
1997.374625 0.093029 
1998.339074 0.093097 
1999.303523 0.093133 
2000.267973 0.093149 
2001.232422 0.093159 
2002.196871 0.093226 
2003.161321 0.093237 
2004.125770 0.093200 
2005.090219 0.093150 
2006.054669 0.093090 
2007.019118 0.093068 
2007.983568 0.093066 
2008.948017 0.093017 
2009.912466 0.092985 
2010.876916 0.093011 
2011.841365 0.093013 
2012.805814 0.092976 
2013.770264 0.092963 
2014.734713 0.092926 
2015.699162 0.092837 
2016.663612 0.092682 
2017.628061 0.092697 
2018.592510 0.092882 
2019.556960 0.092990 
2020.521409 0.092994 
2021.485859 0.092987 
2022.450308 0.093038 
2023.414757 0.093146 
2024.379207 0.093227 
2025.343656 0.093274 
2026.308105 0.093402 
2027.272555 0.093795 
2028.237004 0.094781 
2029.201453 0.095250 
2030.165903 0.094292 
2031.130352 0.093638 
2032.094802 0.093539 
2033.059251 0.093528 
2034.023700 0.093486 
2034.988150 0.093438 
2035.952599 0.093454 
2036.917048 0.093479 
2037.881498 0.093369 
2038.845947 0.093339 
2039.810396 0.093346 
2040.774846 0.093285 
2041.739295 0.093245 
2042.703744 0.093337 
2043.668194 0.093391 
2044.632643 0.093450 
2045.597093 0.093485 
2046.561542 0.093457 
2047.525991 0.093465 
2048.490441 0.093531 
2049.454890 0.093544 
2050.419339 0.093533 
2051.383789 0.093566 
2052.348238 0.093655 
2053.312687 0.093717 
2054.277137 0.093731 
2055.241586 0.093724 
2056.206036 0.093741 
2057.170485 0.093753 
2058.134934 0.093806 
2059.099384 0.093817 
2060.063833 0.093826 
2061.028282 0.093839 
2061.992732 0.093868 
2062.957181 0.093832 
2063.921630 0.093756 
2064.886080 0.093684 
2065.850529 0.093742 
2066.814978 0.093873 
2067.779428 0.093918 
2068.743877 0.093942 
2069.708327 0.093929 
2070.672776 0.093870 
2071.637225 0.093845 
2072.601675 0.093914 
2073.566124 0.093943 
2074.530573 0.093882 
2075.495023 0.093839 
2076.459472 0.093862 
2077.423921 0.093911 
2078.388371 0.093891 
2079.352820 0.093830 
2080.317270 0.093835 
2081.281719 0.093872 
2082.246168 0.093891 
2083.210618 0.093864 
2084.175067 0.093840 
2085.139516 0.093881 
2086.103966 0.093928 
2087.068415 0.093870 
2088.032864 0.093827 
2088.997314 0.093820 
2089.961763 0.093795 
2090.926212 0.093758 
2091.890662 0.093730 
2092.855111 0.093805 
2093.819561 0.093874 
2094.784010 0.093884 
2095.748459 0.093785 
2096.712909 0.093720 
2097.677358 0.093741 
2098.641807 0.093774 
2099.606257 0.093767 
2100.570706 0.093764 
2101.535155 0.093791 
2102.499605 0.093788 
2103.464054 0.093748 
2104.428504 0.093659 
2105.392953 0.093619 
2106.357402 0.093649 
2107.321852 0.093683 
2108.286301 0.093588 
2109.250750 0.093518 
2110.215200 0.093606 
2111.179649 0.093674 
2112.144098 0.093598 
2113.108548 0.093481 
2114.072997 0.093470 
2115.037446 0.093491 
2116.001896 0.093503 
2116.966345 0.093427 
2117.930795 0.093375 
2118.895244 0.093435 
2119.859693 0.093512 
2120.824143 0.093453 
2121.788592 0.093405 
2122.753041 0.093393 
2123.717491 0.093446 
2124.681940 0.093428 
2125.646389 0.093366 
2126.610839 0.093394 
2127.575288 0.093443 
2128.539738 0.093419 
2129.504187 0.093397 
2130.468636 0.093455 
2131.433086 0.093543 
2132.397535 0.093545 
2133.361984 0.093497 
2134.326434 0.093474 
2135.290883 0.093516 
2136.255332 0.093557 
2137.219782 0.093587 
2138.184231 0.093576 
2139.148680 0.093630 
2140.113130 0.093676 
2141.077579 0.093696 
2142.042029 0.093725 
2143.006478 0.093736 
2143.970927 0.093842 
2144.935377 0.093955 
2145.899826 0.093989 
2146.864275 0.094047 
2147.828725 0.094155 
2148.793174 0.094264 
2149.757623 0.094320 
2150.722073 0.094347 
2151.686522 0.094370 
2152.650972 0.094471 
2153.615421 0.094549 
2154.579870 0.094631 
2155.544320 0.094735 
2156.508769 0.094815 
2157.473218 0.094853 
2158.437668 0.094876 
2159.402117 0.094914 
2160.366566 0.094976 
2161.331016 0.095043 
2162.295465 0.095066 
2163.259914 0.095088 
2164.224364 0.095179 
2165.188813 0.095231 
2166.153263 0.095222 
2167.117712 0.095193 
2168.082161 0.095267 
2169.046611 0.095343 
2170.011060 0.095319 
2170.975509 0.095318 
2171.939959 0.095406 
2172.904408 0.095450 
2173.868857 0.095431 
2174.833307 0.095468 
2175.797756 0.095586 
2176.762206 0.095675 
2177.726655 0.095678 
2178.691104 0.095703 
2179.655554 0.095834 
2180.620003 0.095905 
2181.584452 0.095924 
2182.548902 0.095938 
2183.513351 0.095971 
2184.477800 0.096014 
2185.442250 0.096058 
2186.406699 0.096058 
2187.371148 0.096063 
2188.335598 0.096088 
2189.300047 0.096148 
2190.264497 0.096166 
2191.228946 0.096114 
2192.193395 0.096116 
2193.157845 0.096210 
2194.122294 0.096184 
2195.086743 0.096092 
2196.051193 0.096104 
2197.015642 0.096169 
2197.980091 0.096121 
2198.944541 0.096078 
2199.908990 0.096054 
2200.873440 0.096025 
2201.837889 0.096012 
2202.802338 0.096009 
2203.766788 0.095965 
2204.731237 0.095934 
2205.695686 0.095986 
2206.660136 0.096025 
2207.624585 0.095951 
2208.589034 0.095903 
2209.553484 0.095938 
2210.517933 0.095944 
2211.482382 0.095901 
2212.446832 0.095898 
2213.411281 0.095912 
2214.375731 0.095978 
2215.340180 0.095993 
2216.304629 0.095970 
2217.269079 0.095960 
2218.233528 0.096016 
2219.197977 0.096029 
2220.162427 0.095998 
2221.126876 0.095993 
2222.091325 0.096025 
2223.055775 0.096067 
2224.020224 0.096076 
2224.984674 0.096075 
2225.949123 0.096137 
2226.913572 0.096193 
2227.878022 0.096215 
2228.842471 0.096210 
2229.806920 0.096248 
2230.771370 0.096317 
2231.735819 0.096346 
2232.700268 0.096355 
2233.664718 0.096381 
2234.629167 0.096387 
2235.593616 0.096418 
2236.558066 0.096432 
2237.522515 0.096467 
2238.486965 0.096515 
2239.451414 0.096571 
2240.415863 0.096611 
2241.380313 0.096669 
2242.344762 0.096752 
2243.309211 0.096823 
2244.273661 0.096864 
2245.238110 0.096899 
2246.202559 0.096977 
2247.167009 0.097085 
2248.131458 0.097171 
2249.095908 0.097243 
2250.060357 0.097240 
2251.024806 0.097299 
2251.989256 0.097393 
2252.953705 0.097412 
2253.918154 0.097403 
2254.882604 0.097464 
2255.847053 0.097510 
2256.811502 0.097605 
2257.775952 0.097676 
2258.740401 0.097715 
2259.704850 0.097777 
2260.669300 0.097874 
2261.633749 0.097931 
2262.598199 0.098042 
2263.562648 0.098150 
2264.527097 0.098225 
2265.491547 0.098254 
2266.455996 0.098356 
2267.420445 0.098441 
2268.384895 0.098493 
2269.349344 0.098533 
2270.313793 0.098650 
2271.278243 0.098804 
2272.242692 0.098922 
2273.207142 0.098945 
2274.171591 0.099011 
2275.136040 0.099141 
2276.100490 0.099283 
2277.064939 0.099377 
2278.029388 0.099474 
2278.993838 0.099550 
2279.958287 0.099720 
2280.922736 0.099805 
2281.887186 0.099846 
2282.851635 0.099955 
2283.816084 0.100121 
2284.780534 0.100227 
2285.744983 0.100301 
2286.709433 0.100312 
2287.673882 0.100404 
2288.638331 0.100461 
2289.602781 0.100455 
2290.567230 0.100468 
2291.531679 0.100589 
2292.496129 0.100565 
2293.460578 0.100572 
2294.425027 0.100521 
2295.389477 0.100570 
2296.353926 0.100592 
2297.318376 0.100617 
2298.282825 0.100577 
2299.247274 0.100510 
2300.211724 0.100538 
2301.176173 0.100561 
2302.140622 0.100542 
2303.105072 0.100475 
2304.069521 0.100403 
2305.033970 0.100506 
2305.998420 0.100343 
2306.962869 0.100413 
2307.927318 0.100164 
2308.891768 0.100336 
2309.856217 0.100028 
2310.820667 0.100224 
2311.785116 0.099967 
2312.749565 0.100180 
2313.714015 0.099988 
2314.678464 0.100182 
2315.642913 0.100064 
2316.607363 0.100080 
2317.571812 0.099956 
2318.536261 0.099975 
2319.500711 0.099818 
2320.465160 0.099735 
2321.429610 0.099770 
2322.394059 0.099678 
2323.358508 0.099711 
2324.322958 0.099601 
2325.287407 0.099695 
2326.251856 0.099528 
2327.216306 0.099508 
2328.180755 0.099477 
2329.145204 0.099541 
2330.109654 0.099339 
2331.074103 0.099348 
2332.038552 0.099246 
2333.003002 0.099330 
2333.967451 0.099408 
2334.931901 0.099538 
2335.896350 0.099383 
2336.860799 0.099385 
2337.825249 0.099395 
2338.789698 0.099488 
2339.754147 0.099411 
2340.718597 0.099392 
2341.683046 0.099295 
2342.647495 0.099243 
2343.611945 0.099150 
2344.576394 0.099096 
2345.540844 0.099047 
2346.505293 0.099252 
2347.469742 0.099437 
2348.434192 0.099363 
2349.398641 0.099295 
2350.363090 0.099297 
2351.327540 0.099234 
2352.291989 0.099236 
2353.256438 0.099150 
2354.220888 0.099205 
2355.185337 0.099087 
2356.149786 0.098957 
2357.114236 0.098699 
2358.078685 0.098625 
2359.043135 0.098528 
2360.007584 0.098587 
2360.972033 0.098660 
2361.936483 0.098768 
2362.900932 0.098755 
2363.865381 0.098830 
2364.829831 0.098828 
2365.794280 0.098937 
2366.758729 0.099024 
2367.723179 0.099142 
2368.687628 0.099074 
2369.652078 0.099148 
2370.616527 0.099185 
2371.580976 0.099310 
2372.545426 0.099336 
2373.509875 0.099422 
2374.474324 0.099469 
2375.438774 0.099552 
2376.403223 0.099592 
2377.367672 0.099675 
2378.332122 0.099752 
2379.296571 0.099855 
2380.261020 0.099886 
2381.225470 0.099976 
2382.189919 0.100017 
2383.154369 0.100153 
2384.118818 0.100266 
2385.083267 0.100381 
2386.047717 0.100419 
2387.012166 0.100439 
2387.976615 0.100466 
2388.941065 0.100514 
2389.905514 0.100532 
2390.869963 0.100564 
2391.834413 0.100596 
2392.798862 0.100672 
2393.763312 0.100722 
2394.727761 0.100783 
2395.692210 0.100818 
2396.656660 0.100803 
2397.621109 0.100770 
2398.585558 0.100722 
2399.550008 0.100681 
2400.514457 0.100736 
2401.478906 0.100734 
2402.443356 0.100692 
2403.407805 0.100658 
2404.372254 0.100681 
2405.336704 0.100632 
2406.301153 0.100589 
2407.265603 0.100588 
2408.230052 0.100603 
2409.194501 0.100589 
2410.158951 0.100574 
2411.123400 0.100564 
2412.087849 0.100612 
2413.052299 0.100651 
2414.016748 0.100623 
2414.981197 0.100535 
2415.945647 0.100563 
2416.910096 0.100602 
2417.874546 0.100611 
2418.838995 0.100589 
2419.803444 0.100561 
2420.767894 0.100557 
2421.732343 0.100567 
2422.696792 0.100475 
2423.661242 0.100438 
2424.625691 0.100478 
2425.590140 0.100516 
2426.554590 0.100457 
2427.519039 0.100398 
2428.483488 0.100341 
2429.447938 0.100318 
2430.412387 0.100341 
2431.376837 0.100325 
2432.341286 0.100281 
2433.305735 0.100292 
2434.270185 0.100298 
2435.234634 0.100291 
2436.199083 0.100234 
2437.163533 0.100234 
2438.127982 0.100252 
2439.092431 0.100245 
2440.056881 0.100240 
2441.021330 0.100271 
2441.985780 0.100233 
2442.950229 0.100209 
2443.914678 0.100192 
2444.879128 0.100152 
2445.843577 0.100158 
2446.808026 0.100187 
2447.772476 0.100166 
2448.736925 0.100176 
2449.701374 0.100184 
2450.665824 0.100170 
2451.630273 0.100125 
2452.594722 0.100111 
2453.559172 0.100106 
2454.523621 0.100110 
2455.488071 0.100064 
2456.452520 0.100026 
2457.416969 0.099994 
2458.381419 0.100074 
2459.345868 0.100095 
2460.310317 0.100051 
2461.274767 0.100029 
2462.239216 0.100041 
2463.203665 0.100088 
2464.168115 0.100132 
2465.132564 0.100134 
2466.097014 0.100151 
2467.061463 0.100208 
2468.025912 0.100255 
2468.990362 0.100285 
2469.954811 0.100370 
2470.919260 0.100429 
2471.883710 0.100436 
2472.848159 0.100427 
2473.812608 0.100456 
2474.777058 0.100495 
2475.741507 0.100527 
2476.705956 0.100554 
2477.670406 0.100533 
2478.634855 0.100545 
2479.599305 0.100621 
2480.563754 0.100635 
2481.528203 0.100599 
2482.492653 0.100615 
2483.457102 0.100677 
2484.421551 0.100715 
2485.386001 0.100761 
2486.350450 0.100778 
2487.314899 0.100806 
2488.279349 0.100839 
2489.243798 0.100874 
2490.208248 0.100912 
2491.172697 0.100974 
2492.137146 0.100993 
2493.101596 0.101011 
2494.066045 0.101100 
2495.030494 0.101206 
2495.994944 0.101255 
2496.959393 0.101253 
2497.923842 0.101220 
2498.888292 0.101255 
2499.852741 0.101324 
2500.817190 0.101365 
2501.781640 0.101350 
2502.746089 0.101318 
2503.710539 0.101358 
2504.674988 0.101419 
2505.639437 0.101429 
2506.603887 0.101455 
2507.568336 0.101462 
2508.532785 0.101475 
2509.497235 0.101526 
2510.461684 0.101552 
2511.426133 0.101552 
2512.390583 0.101574 
2513.355032 0.101620 
2514.319482 0.101650 
2515.283931 0.101671 
2516.248380 0.101737 
2517.212830 0.101771 
2518.177279 0.101784 
2519.141728 0.101803 
2520.106178 0.101844 
2521.070627 0.101883 
2522.035076 0.101903 
2522.999526 0.101939 
2523.963975 0.101951 
2524.928424 0.101926 
2525.892874 0.101934 
2526.857323 0.101931 
2527.821773 0.102006 
2528.786222 0.102075 
2529.750671 0.102079 
2530.715121 0.102072 
2531.679570 0.102137 
2532.644019 0.102186 
2533.608469 0.102176 
2534.572918 0.102076 
2535.537367 0.102039 
2536.501817 0.102065 
2537.466266 0.102049 
2538.430716 0.102046 
2539.395165 0.102102 
2540.359614 0.102116 
2541.324064 0.102134 
2542.288513 0.102117 
2543.252962 0.102119 
2544.217412 0.102164 
2545.181861 0.102238 
2546.146310 0.102239 
2547.110760 0.102215 
2548.075209 0.102242 
2549.039658 0.102309 
2550.004108 0.102340 
2550.968557 0.102410 
2551.933007 0.102439 
2552.897456 0.102498 
2553.861905 0.102546 
2554.826355 0.102564 
2555.790804 0.102570 
2556.755253 0.102626 
2557.719703 0.102691 
2558.684152 0.102705 
2559.648601 0.102699 
2560.613051 0.102754 
2561.577500 0.102824 
2562.541950 0.102817 
2563.506399 0.102769 
2564.470848 0.102788 
2565.435298 0.102875 
2566.399747 0.102958 
2567.364196 0.103004 
2568.328646 0.103061 
2569.293095 0.103129 
2570.257544 0.103205 
2571.221994 0.103305 
2572.186443 0.103371 
2573.150892 0.103459 
2574.115342 0.103571 
2575.079791 0.103653 
2576.044241 0.103713 
2577.008690 0.103760 
2577.973139 0.103857 
2578.937589 0.103953 
2579.902038 0.104057 
2580.866487 0.104114 
2581.830937 0.104173 
2582.795386 0.104295 
2583.759835 0.104383 
2584.724285 0.104441 
2585.688734 0.104557 
2586.653184 0.104715 
2587.617633 0.104836 
2588.582082 0.104881 
2589.546532 0.104977 
2590.510981 0.105065 
2591.475430 0.105091 
2592.439880 0.105148 
2593.404329 0.105256 
2594.368778 0.105325 
2595.333228 0.105394 
2596.297677 0.105441 
2597.262126 0.105547 
2598.226576 0.105678 
2599.191025 0.105771 
2600.155475 0.105840 
2601.119924 0.105928 
2602.084373 0.106045 
2603.048823 0.106160 
2604.013272 0.106190 
2604.977721 0.106239 
2605.942171 0.106355 
2606.906620 0.106517 
2607.871069 0.106634 
2608.835519 0.106705 
2609.799968 0.106730 
2610.764418 0.106836 
2611.728867 0.107009 
2612.693316 0.107182 
2613.657766 0.107279 
2614.622215 0.107444 
2615.586664 0.107642 
2616.551114 0.107790 
2617.515563 0.107874 
2618.480012 0.107944 
2619.444462 0.107932 
2620.408911 0.107877 
2621.373360 0.107795 
2622.337810 0.107722 
2623.302259 0.107662 
2624.266709 0.107611 
2625.231158 0.107522 
2626.195607 0.107496 
2627.160057 0.107476 
2628.124506 0.107469 
2629.088955 0.107474 
2630.053405 0.107464 
2631.017854 0.107528 
2631.982303 0.107611 
2632.946753 0.107634 
2633.911202 0.107658 
2634.875652 0.107663 
2635.840101 0.107719 
2636.804550 0.107787 
2637.769000 0.107848 
2638.733449 0.107953 
2639.697898 0.108110 
2640.662348 0.108156 
2641.626797 0.108209 
2642.591246 0.108293 
2643.555696 0.108341 
2644.520145 0.108417 
2645.484594 0.108484 
2646.449044 0.108481 
2647.413493 0.108513 
2648.377943 0.108582 
2649.342392 0.108604 
2650.306841 0.108628 
2651.271291 0.108652 
2652.235740 0.108721 
2653.200189 0.108805 
2654.164639 0.108892 
2655.129088 0.109032 
2656.093537 0.109138 
2657.057987 0.109276 
2658.022436 0.109348 
2658.986886 0.109495 
2659.951335 0.109702 
2660.915784 0.109923 
2661.880234 0.110113 
2662.844683 0.110364 
2663.809132 0.110566 
2664.773582 0.110744 
2665.738031 0.110909 
2666.702480 0.111002 
2667.666930 0.111091 
2668.631379 0.111265 
2669.595828 0.111389 
2670.560278 0.111446 
2671.524727 0.111478 
2672.489177 0.111553 
2673.453626 0.111533 
2674.418075 0.111489 
2675.382525 0.111562 
2676.346974 0.111662 
2677.311423 0.111684 
2678.275873 0.111734 
2679.240322 0.111739 
2680.204771 0.111763 
2681.169221 0.111763 
2682.133670 0.111833 
2683.098120 0.111910 
2684.062569 0.112031 
2685.027018 0.112139 
2685.991468 0.112212 
2686.955917 0.112285 
2687.920366 0.112387 
2688.884816 0.112382 
2689.849265 0.112445 
2690.813714 0.112436 
2691.778164 0.112325 
2692.742613 0.112239 
2693.707062 0.112187 
2694.671512 0.112076 
2695.635961 0.111960 
2696.600411 0.111851 
2697.564860 0.111748 
2698.529309 0.111614 
2699.493759 0.111502 
2700.458208 0.111441 
2701.422657 0.111383 
2702.387107 0.111347 
2703.351556 0.111378 
2704.316005 0.111451 
2705.280455 0.111496 
2706.244904 0.111537 
2707.209354 0.111705 
2708.173803 0.111832 
2709.138252 0.111980 
2710.102702 0.112132 
2711.067151 0.112353 
2712.031600 0.112607 
2712.996050 0.112872 
2713.960499 0.113076 
2714.924948 0.113235 
2715.889398 0.113423 
2716.853847 0.113640 
2717.818296 0.113794 
2718.782746 0.113988 
2719.747195 0.114133 
2720.711645 0.114201 
2721.676094 0.114312 
2722.640543 0.114513 
2723.604993 0.114725 
2724.569442 0.114959 
2725.533891 0.115234 
2726.498341 0.115570 
2727.462790 0.115923 
2728.427239 0.116406 
2729.391689 0.116892 
2730.356138 0.117335 
2731.320588 0.117718 
2732.285037 0.117998 
2733.249486 0.118053 
2734.213936 0.117901 
2735.178385 0.117733 
2736.142834 0.117529 
2737.107284 0.117161 
2738.071733 0.116883 
2739.036182 0.116666 
2740.000632 0.116453 
2740.965081 0.116258 
2741.929530 0.116114 
2742.893980 0.115959 
2743.858429 0.115837 
2744.822879 0.115746 
2745.787328 0.115675 
2746.751777 0.115588 
2747.716227 0.115472 
2748.680676 0.115445 
2749.645125 0.115369 
2750.609575 0.115276 
2751.574024 0.115321 
2752.538473 0.115300 
2753.502923 0.115166 
2754.467372 0.115080 
2755.431822 0.115011 
2756.396271 0.115018 
2757.360720 0.115078 
2758.325170 0.115087 
2759.289619 0.115086 
2760.254068 0.115092 
2761.218518 0.115206 
2762.182967 0.115272 
2763.147416 0.115350 
2764.111866 0.115447 
2765.076315 0.115617 
2766.040764 0.115792 
2767.005214 0.115952 
2767.969663 0.116059 
2768.934113 0.116228 
2769.898562 0.116450 
2770.863011 0.116730 
2771.827461 0.116995 
2772.791910 0.117237 
2773.756359 0.117440 
2774.720809 0.117692 
2775.685258 0.117942 
2776.649707 0.118315 
2777.614157 0.118676 
2778.578606 0.118991 
2779.543056 0.119355 
2780.507505 0.119800 
2781.471954 0.120201 
2782.436404 0.120614 
2783.400853 0.121008 
2784.365302 0.121479 
2785.329752 0.121931 
2786.294201 0.122351 
2787.258650 0.122728 
2788.223100 0.123052 
2789.187549 0.123320 
2790.151998 0.123590 
2791.116448 0.123852 
2792.080897 0.124190 
2793.045347 0.124497 
2794.009796 0.124837 
2794.974245 0.125186 
2795.938695 0.125605 
2796.903144 0.126060 
2797.867593 0.126526 
2798.832043 0.126992 
2799.796492 0.127503 
2800.760941 0.128051 
2801.725391 0.128677 
2802.689840 0.129271 
2803.654290 0.129840 
2804.618739 0.130414 
2805.583188 0.131126 
2806.547638 0.131786 
2807.512087 0.132509 
2808.476536 0.133155 
2809.440986 0.133710 
2810.405435 0.134324 
2811.369884 0.135093 
2812.334334 0.135925 
2813.298783 0.136828 
2814.263232 0.137778 
2815.227682 0.138830 
2816.192131 0.139864 
2817.156581 0.141075 
2818.121030 0.142344 
2819.085479 0.143663 
2820.049929 0.145010 
2821.014378 0.146468 
2821.978827 0.148050 
2822.943277 0.149840 
2823.907726 0.151701 
2824.872175 0.153740 
2825.836625 0.155989 
2826.801074 0.158527 
2827.765524 0.161275 
2828.729973 0.164298 
2829.694422 0.167574 
2830.658872 0.171351 
2831.623321 0.175591 
2832.587770 0.180513 
2833.552220 0.186269 
2834.516669 0.192836 
2835.481118 0.200069 
2836.445568 0.207764 
2837.410017 0.215153 
2838.374466 0.221826 
2839.338916 0.227543 
2840.303365 0.232636 
2841.267815 0.237472 
2842.232264 0.243055 
2843.196713 0.250006 
2844.161163 0.259034 
2845.125612 0.270408 
2846.090061 0.284469 
2847.054511 0.301046 
2848.018960 0.320524 
2848.983409 0.342168 
2849.947859 0.365437 
2850.912308 0.389041 
2851.876758 0.412647 
2852.841207 0.435075 
2853.805656 0.456173 
2854.770106 0.475321 
2855.734555 0.493303 
2856.699004 0.509226 
2857.663454 0.523659 
2858.627903 0.534879 
2859.592352 0.541588 
2860.556802 0.541894 
2861.521251 0.535559 
2862.485700 0.522140 
2863.450150 0.504525 
2864.414599 0.485035 
2865.379049 0.467369 
2866.343498 0.452964 
2867.307947 0.443616 
2868.272397 0.439353 
2869.236846 0.441053 
2870.201295 0.448189 
2871.165745 0.460352 
2872.130194 0.473948 
2873.094643 0.483720 
2874.059093 0.483254 
2875.023542 0.470439 
2875.987992 0.447182 
2876.952441 0.420224 
2877.916890 0.394132 
2878.881340 0.371830 
2879.845789 0.353776 
2880.810238 0.340081 
2881.774688 0.329679 
2882.739137 0.322373 
2883.703586 0.317374 
2884.668036 0.314398 
2885.632485 0.312848 
2886.596934 0.312822 
2887.561384 0.313971 
2888.525833 0.316383 
2889.490283 0.319577 
2890.454732 0.323914 
2891.419181 0.328894 
2892.383631 0.334631 
2893.348080 0.340725 
2894.312529 0.347095 
2895.276979 0.353149 
2896.241428 0.359144 
2897.205877 0.364543 
2898.170327 0.369776 
2899.134776 0.374628 
2900.099226 0.379713 
2901.063675 0.385100 
2902.028124 0.391343 
2902.992574 0.397997 
2903.957023 0.405594 
2904.921472 0.413901 
2905.885922 0.423162 
2906.850371 0.432816 
2907.814820 0.443500 
2908.779270 0.454842 
2909.743719 0.467314 
2910.708168 0.480567 
2911.672618 0.495592 
2912.637067 0.511861 
2913.601517 0.530078 
2914.565966 0.549526 
2915.530415 0.570493 
2916.494865 0.592265 
2917.459314 0.615888 
2918.423763 0.640254 
2919.388213 0.666375 
2920.352662 0.692528 
2921.317111 0.719375 
2922.281561 0.745865 
2923.246010 0.773683 
2924.210460 0.801144 
2925.174909 0.829210 
2926.139358 0.855674 
2927.103808 0.881839 
2928.068257 0.904227 
2929.032706 0.923490 
2929.997156 0.938658 
2930.961605 0.951586 
2931.926054 0.956929 
2932.890504 0.955811 
2933.854953 0.945288 
2934.819402 0.927947 
2935.783852 0.902211 
2936.748301 0.871945 
2937.712751 0.837588 
2938.677200 0.802760 
2939.641649 0.767289 
2940.606099 0.734011 
2941.570548 0.701846 
2942.534997 0.672510 
2943.499447 0.645880 
2944.463896 0.623668 
2945.428345 0.605033 
2946.392795 0.591317 
2947.357244 0.582729 
2948.321694 0.580847 
2949.286143 0.584931 
2950.250592 0.595831 
2951.215042 0.612316 
2952.179491 0.635355 
2953.143940 0.663629 
2954.108390 0.695517 
2955.072839 0.726934 
2956.037288 0.756813 
2957.001738 0.782353 
2957.966187 0.803490 
2958.930636 0.817629 
2959.895086 0.826067 
2960.859535 0.826099 
2961.823985 0.818388 
2962.788434 0.801781 
2963.752883 0.778008 
2964.717333 0.746156 
2965.681782 0.708866 
2966.646231 0.666660 
2967.610681 0.623192 
2968.575130 0.578857 
2969.539579 0.535570 
2970.504029 0.493775 
2971.468478 0.454949 
2972.432928 0.419174 
2973.397377 0.386976 
2974.361826 0.358049 
2975.326276 0.333059 
2976.290725 0.311104 
2977.255174 0.292010 
2978.219624 0.275194 
2979.184073 0.260676 
2980.148522 0.247992 
2981.112972 0.236957 
2982.077421 0.227347 
2983.041870 0.219090 
2984.006320 0.211691 
2984.970769 0.205206 
2985.935219 0.199446 
2986.899668 0.194410 
2987.864117 0.189860 
2988.828567 0.185901 
2989.793016 0.182435 
2990.757465 0.179459 
2991.721915 0.176716 
2992.686364 0.174468 
2993.650813 0.172566 
2994.615263 0.171065 
2995.579712 0.169908 
2996.544162 0.169040 
2997.508611 0.168379 
2998.473060 0.168128 
2999.437510 0.168159 
3000.401959 0.168433 
3001.366408 0.168716 
3002.330858 0.169077 
3003.295307 0.169315 
3004.259756 0.169504 
3005.224206 0.169434 
3006.188655 0.169101 
3007.153104 0.168422 
3008.117554 0.167382 
3009.082003 0.165949 
3010.046453 0.164191 
3011.010902 0.161991 
3011.975351 0.159662 
3012.939801 0.157198 
3013.904250 0.154684 
3014.868699 0.152228 
3015.833149 0.149829 
3016.797598 0.147494 
3017.762047 0.145311 
3018.726497 0.143277 
3019.690946 0.141522 
3020.655396 0.139906 
3021.619845 0.138542 
3022.584294 0.137334 
3023.548744 0.136161 
3024.513193 0.135021 
3025.477642 0.134105 
3026.442092 0.133280 
3027.406541 0.132636 
3028.370990 0.132040 
3029.335440 0.131406 
3030.299889 0.130692 
3031.264338 0.130136 
3032.228788 0.129710 
3033.193237 0.129277 
3034.157687 0.128845 
3035.122136 0.128429 
3036.086585 0.128110 
3037.051035 0.127889 
3038.015484 0.127603 
3038.979933 0.127301 
3039.944383 0.126991 
3040.908832 0.126710 
3041.873281 0.126443 
3042.837731 0.126122 
3043.802180 0.125910 
3044.766630 0.125711 
3045.731079 0.125346 
3046.695528 0.125077 
3047.659978 0.124877 
3048.624427 0.124735 
3049.588876 0.124507 
3050.553326 0.124286 
3051.517775 0.124117 
3052.482224 0.123997 
3053.446674 0.123817 
3054.411123 0.123562 
3055.375572 0.123355 
3056.340022 0.123262 
3057.304471 0.123163 
3058.268921 0.123064 
3059.233370 0.122950 
3060.197819 0.122878 
3061.162269 0.122752 
3062.126718 0.122671 
3063.091167 0.122499 
3064.055617 0.122355 
3065.020066 0.122242 
3065.984515 0.122166 
3066.948965 0.122083 
3067.913414 0.121997 
3068.877864 0.121947 
3069.842313 0.121899 
3070.806762 0.121744 
3071.771212 0.121638 
3072.735661 0.121651 
3073.700110 0.121670 
3074.664560 0.121636 
3075.629009 0.121606 
3076.593458 0.121560 
3077.557908 0.121488 
3078.522357 0.121390 
3079.486806 0.121403 
3080.451256 0.121397 
3081.415705 0.121433 
3082.380155 0.121421 
3083.344604 0.121400 
3084.309053 0.121350 
3085.273503 0.121286 
3086.237952 0.121310 
3087.202401 0.121256 
3088.166851 0.121186 
3089.131300 0.121262 
3090.095749 0.121264 
3091.060199 0.121230 
3092.024648 0.121147 
3092.989098 0.121090 
3093.953547 0.121094 
3094.917996 0.121087 
3095.882446 0.121084 
3096.846895 0.121142 
3097.811344 0.121174 
3098.775794 0.121270 
3099.740243 0.121260 
3100.704692 0.121291 
3101.669142 0.121269 
3102.633591 0.121340 
3103.598040 0.121388 
3104.562490 0.121450 
3105.526939 0.121560 
3106.491389 0.121653 
3107.455838 0.121711 
3108.420287 0.121727 
3109.384737 0.121692 
3110.349186 0.121766 
3111.313635 0.121856 
3112.278085 0.121970 
3113.242534 0.122047 
3114.206983 0.122060 
3115.171433 0.122117 
3116.135882 0.122216 
3117.100332 0.122294 
3118.064781 0.122451 
3119.029230 0.122438 
3119.993680 0.122459 
3120.958129 0.122529 
3121.922578 0.122614 
3122.887028 0.122661 
3123.851477 0.122805 
3124.815926 0.122962 
3125.780376 0.123028 
3126.744825 0.123135 
3127.709274 0.123246 
3128.673724 0.123320 
3129.638173 0.123377 
3130.602623 0.123460 
3131.567072 0.123563 
3132.531521 0.123591 
3133.495971 0.123619 
3134.460420 0.123800 
3135.424869 0.123956 
3136.389319 0.124037 
3137.353768 0.124179 
3138.318217 0.124236 
3139.282667 0.124268 
3140.247116 0.124335 
3141.211566 0.124499 
3142.176015 0.124655 
3143.140464 0.124761 
3144.104914 0.124829 
3145.069363 0.124931 
3146.033812 0.124954 
3146.998262 0.125045 
3147.962711 0.125233 
3148.927160 0.125378 
3149.891610 0.125405 
3150.856059 0.125403 
3151.820508 0.125448 
3152.784958 0.125545 
3153.749407 0.125628 
3154.713857 0.125757 
3155.678306 0.125906 
3156.642755 0.126018 
3157.607205 0.126113 
3158.571654 0.126258 
3159.536103 0.126350 
3160.500553 0.126456 
3161.465002 0.126599 
3162.429451 0.126694 
3163.393901 0.126741 
3164.358350 0.126828 
3165.322800 0.126870 
3166.287249 0.126969 
3167.251698 0.127093 
3168.216148 0.127223 
3169.180597 0.127342 
3170.145046 0.127457 
3171.109496 0.127558 
3172.073945 0.127661 
3173.038394 0.127759 
3174.002844 0.127876 
3174.967293 0.128007 
3175.931742 0.128133 
3176.896192 0.128163 
3177.860641 0.128340 
3178.825091 0.128433 
3179.789540 0.128572 
3180.753989 0.128818 
3181.718439 0.129042 
3182.682888 0.129114 
3183.647337 0.129093 
3184.611787 0.129224 
3185.576236 0.129441 
3186.540685 0.129605 
3187.505135 0.129790 
3188.469584 0.129854 
3189.434034 0.129964 
3190.398483 0.130115 
3191.362932 0.130249 
3192.327382 0.130348 
3193.291831 0.130513 
3194.256280 0.130690 
3195.220730 0.130944 
3196.185179 0.131027 
3197.149628 0.131089 
3198.114078 0.131248 
3199.078527 0.131397 
3200.042976 0.131497 
3201.007426 0.131669 
3201.971875 0.131827 
3202.936325 0.131947 
3203.900774 0.132062 
3204.865223 0.132190 
3205.829673 0.132272 
3206.794122 0.132408 
3207.758571 0.132550 
3208.723021 0.132654 
3209.687470 0.132730 
3210.651919 0.132903 
3211.616369 0.133115 
3212.580818 0.133211 
3213.545268 0.133322 
3214.509717 0.133444 
3215.474166 0.133580 
3216.438616 0.133727 
3217.403065 0.133842 
3218.367514 0.134000 
3219.331964 0.134125 
3220.296413 0.134297 
3221.260862 0.134471 
3222.225312 0.134639 
3223.189761 0.134739 
3224.154210 0.134921 
3225.118660 0.135104 
3226.083109 0.135258 
3227.047559 0.135336 
3228.012008 0.135439 
3228.976457 0.135652 
3229.940907 0.135897 
3230.905356 0.136021 
3231.869805 0.136174 
3232.834255 0.136281 
3233.798704 0.136407 
3234.763153 0.136634 
3235.727603 0.136947 
3236.692052 0.137190 
3237.656502 0.137394 
3238.620951 0.137601 
3239.585400 0.137745 
3240.549850 0.137895 
3241.514299 0.138061 
3242.478748 0.138202 
3243.443198 0.138374 
3244.407647 0.138559 
3245.372096 0.138637 
3246.336546 0.138801 
3247.300995 0.139044 
3248.265444 0.139173 
3249.229894 0.139458 
3250.194343 0.139746 
3251.158793 0.139974 
3252.123242 0.140131 
3253.087691 0.140323 
3254.052141 0.140448 
3255.016590 0.140588 
3255.981039 0.140824 
3256.945489 0.141055 
3257.909938 0.141190 
3258.874387 0.141441 
3259.838837 0.141726 
3260.803286 0.141922 
3261.767736 0.142032 
3262.732185 0.142280 
3263.696634 0.142519 
3264.661084 0.142693 
3265.625533 0.142824 
3266.589982 0.143117 
3267.554432 0.143275 
3268.518881 0.143404 
3269.483330 0.143546 
3270.447780 0.143611 
3271.412229 0.143808 
3272.376678 0.144119 
3273.341128 0.144368 
3274.305577 0.144479 
3275.270027 0.144589 
3276.234476 0.144922 
3277.198925 0.145241 
3278.163375 0.145430 
3279.127824 0.145593 
3280.092273 0.145834 
3281.056723 0.146025 
3282.021172 0.146275 
3282.985621 0.146508 
3283.950071 0.146742 
3284.914520 0.146950 
3285.878970 0.147161 
3286.843419 0.147310 
3287.807868 0.147436 
3288.772318 0.147621 
3289.736767 0.147802 
3290.701216 0.147918 
3291.665666 0.148112 
3292.630115 0.148412 
3293.594564 0.148707 
3294.559014 0.148862 
3295.523463 0.149046 
3296.487912 0.149235 
3297.452362 0.149458 
3298.416811 0.149655 
3299.381261 0.149917 
3300.345710 0.150164 
3301.310159 0.150388 
3302.274609 0.150600 
3303.239058 0.150796 
3304.203507 0.150920 
3305.167957 0.151061 
3306.132406 0.151194 
3307.096855 0.151375 
3308.061305 0.151584 
3309.025754 0.151794 
3309.990204 0.152007 
3310.954653 0.152334 
3311.919102 0.152572 
3312.883552 0.152859 
3313.848001 0.153081 
3314.812450 0.153346 
3315.776900 0.153490 
3316.741349 0.153615 
3317.705798 0.153823 
3318.670248 0.154076 
3319.634697 0.154285 
3320.599146 0.154459 
3321.563596 0.154641 
3322.528045 0.154860 
3323.492495 0.155007 
3324.456944 0.155124 
3325.421393 0.155153 
3326.385843 0.155279 
3327.350292 0.155485 
3328.314741 0.155754 
3329.279191 0.155962 
3330.243640 0.156204 
3331.208089 0.156393 
3332.172539 0.156529 
3333.136988 0.156588 
3334.101438 0.156704 
3335.065887 0.156787 
3336.030336 0.156885 
3336.994786 0.156923 
3337.959235 0.157001 
3338.923684 0.157151 
3339.888134 0.157367 
3340.852583 0.157584 
3341.817032 0.157662 
3342.781482 0.157747 
3343.745931 0.157877 
3344.710380 0.157920 
3345.674830 0.158025 
3346.639279 0.158156 
3347.603729 0.158273 
3348.568178 0.158303 
3349.532627 0.158208 
3350.497077 0.158047 
3351.461526 0.158125 
3352.425975 0.158281 
3353.390425 0.158376 
3354.354874 0.158342 
3355.319323 0.158381 
3356.283773 0.158441 
3357.248222 0.158576 
3358.212672 0.158582 
3359.177121 0.158547 
3360.141570 0.158414 
3361.106020 0.158329 
3362.070469 0.158375 
3363.034918 0.158464 
3363.999368 0.158474 
3364.963817 0.158383 
3365.928266 0.158200 
3366.892716 0.158228 
3367.857165 0.158247 
3368.821614 0.158157 
3369.786064 0.158111 
3370.750513 0.158151 
3371.714963 0.158167 
3372.679412 0.158187 
3373.643861 0.158173 
3374.608311 0.158155 
3375.572760 0.158050 
3376.537209 0.157933 
3377.501659 0.157875 
3378.466108 0.157903 
3379.430557 0.157804 
3380.395007 0.157726 
3381.359456 0.157730 
3382.323906 0.157615 
3383.288355 0.157432 
3384.252804 0.157349 
3385.217254 0.157233 
3386.181703 0.157230 
3387.146152 0.157275 
3388.110602 0.157238 
3389.075051 0.157041 
3390.039500 0.156902 
3391.003950 0.156720 
3391.968399 0.156493 
3392.932848 0.156349 
3393.897298 0.156392 
3394.861747 0.156472 
3395.826197 0.156398 
3396.790646 0.156334 
3397.755095 0.156111 
3398.719545 0.155957 
3399.683994 0.155912 
3400.648443 0.155793 
3401.612893 0.155682 
3402.577342 0.155618 
3403.541791 0.155577 
3404.506241 0.155518 
3405.470690 0.155565 
3406.435140 0.155529 
3407.399589 0.155387 
3408.364038 0.155240 
3409.328488 0.155166 
3410.292937 0.155155 
3411.257386 0.155100 
3412.221836 0.154979 
3413.186285 0.154890 
3414.150734 0.154824 
3415.115184 0.154799 
3416.079633 0.154801 
3417.044082 0.154759 
3418.008532 0.154596 
3418.972981 0.154457 
3419.937431 0.154273 
3420.901880 0.153972 
3421.866329 0.153963 
3422.830779 0.154046 
3423.795228 0.154084 
3424.759677 0.154098 
3425.724127 0.153965 
3426.688576 0.153898 
3427.653025 0.153765 
3428.617475 0.153632 
3429.581924 0.153564 
3430.546374 0.153521 
3431.510823 0.153402 
3432.475272 0.153391 
3433.439722 0.153384 
3434.404171 0.153293 
3435.368620 0.153180 
3436.333070 0.153111 
3437.297519 0.152954 
3438.261968 0.152886 
3439.226418 0.152906 
3440.190867 0.152940 
3441.155316 0.152703 
3442.119766 0.152546 
3443.084215 0.152349 
3444.048665 0.152350 
3445.013114 0.152269 
3445.977563 0.152006 
3446.942013 0.151932 
3447.906462 0.151623 
3448.870911 0.151789 
3449.835361 0.152016 
3450.799810 0.151994 
3451.764259 0.151879 
3452.728709 0.151642 
3453.693158 0.151494 
3454.657608 0.151434 
3455.622057 0.151298 
3456.586506 0.151115 
3457.550956 0.151056 
3458.515405 0.150923 
3459.479854 0.150662 
3460.444304 0.150446 
3461.408753 0.150319 
3462.373202 0.150279 
3463.337652 0.150146 
3464.302101 0.150131 
3465.266550 0.150044 
3466.231000 0.149768 
3467.195449 0.149503 
3468.159899 0.149359 
3469.124348 0.149388 
3470.088797 0.149314 
3471.053247 0.149223 
3472.017696 0.149148 
3472.982145 0.149030 
3473.946595 0.148848 
3474.911044 0.148676 
3475.875493 0.148526 
3476.839943 0.148489 
3477.804392 0.148368 
3478.768842 0.148095 
3479.733291 0.147767 
3480.697740 0.147466 
3481.662190 0.147330 
3482.626639 0.147314 
3483.591088 0.147261 
3484.555538 0.147216 
3485.519987 0.146966 
3486.484436 0.146735 
3487.448886 0.146523 
3488.413335 0.146370 
3489.377784 0.146257 
3490.342234 0.146311 
3491.306683 0.146055 
3492.271133 0.145837 
3493.235582 0.145620 
3494.200031 0.145428 
3495.164481 0.145136 
3496.128930 0.144906 
3497.093379 0.144644 
3498.057829 0.144496 
3499.022278 0.144452 
3499.986727 0.144291 
3500.951177 0.143871 
3501.915626 0.143206 
3502.880076 0.142675 
3503.844525 0.142528 
3504.808974 0.142662 
3505.773424 0.142889 
3506.737873 0.142905 
3507.702322 0.142551 
3508.666772 0.142150 
3509.631221 0.141675 
3510.595670 0.141391 
3511.560120 0.141640 
3512.524569 0.141533 
3513.489018 0.141225 
3514.453468 0.140911 
3515.417917 0.140784 
3516.382367 0.140526 
3517.346816 0.140240 
3518.311265 0.139947 
3519.275715 0.139737 
3520.240164 0.139512 
3521.204613 0.139228 
3522.169063 0.138680 
3523.133512 0.137955 
3524.097961 0.137273 
3525.062411 0.137322 
3526.026860 0.137346 
3526.991310 0.137275 
3527.955759 0.136822 
3528.920208 0.136727 
3529.884658 0.136493 
3530.849107 0.136494 
3531.813556 0.136296 
3532.778006 0.136245 
3533.742455 0.136096 
3534.706904 0.135681 
3535.671354 0.135091 
3536.635803 0.134477 
3537.600252 0.134326 
3538.564702 0.134674 
3539.529151 0.134503 
3540.493601 0.134307 
3541.458050 0.133934 
3542.422499 0.133659 
3543.386949 0.133249 
3544.351398 0.133064 
3545.315847 0.132691 
3546.280297 0.132408 
3547.244746 0.132416 
3548.209195 0.132213 
3549.173645 0.132150 
3550.138094 0.131885 
3551.102544 0.131682 
3552.066993 0.131631 
3553.031442 0.131241 
3553.995892 0.131104 
3554.960341 0.130919 
3555.924790 0.130785 
3556.889240 0.130631 
3557.853689 0.130452 
3558.818138 0.130288 
3559.782588 0.130272 
3560.747037 0.129890 
3561.711486 0.129722 
3562.675936 0.129760 
3563.640385 0.129654 
3564.604835 0.129293 
3565.569284 0.129398 
3566.533733 0.128857 
3567.498183 0.128812 
3568.462632 0.128968 
3569.427081 0.128589 
3570.391531 0.128871 
3571.355980 0.128830 
3572.320429 0.128843 
3573.284879 0.129075 
3574.249328 0.129228 
3575.213778 0.129293 
3576.178227 0.129502 
3577.142676 0.129676 
3578.107126 0.129809 
3579.071575 0.130064 
3580.036024 0.130238 
3581.000474 0.130318 
3581.964923 0.130380 
3582.929372 0.130503 
3583.893822 0.130460 
3584.858271 0.129940 
3585.822720 0.130232 
3586.787170 0.130139 
3587.751619 0.129406 
3588.716069 0.130547 
3589.680518 0.129755 
3590.644967 0.129958 
3591.609417 0.129999 
3592.573866 0.130453 
3593.538315 0.130015 
3594.502765 0.129801 
3595.467214 0.130450 
3596.431663 0.129727 
3597.396113 0.129780 
3598.360562 0.130003 
3599.325012 0.129488 
3600.289461 0.129892 
3601.253910 0.129878 
3602.218360 0.129693 
3603.182809 0.129996 
3604.147258 0.130350 
3605.111708 0.130164 
3606.076157 0.130355 
3607.040606 0.130726 
3608.005056 0.129882 
3608.969505 0.131357 
3609.933954 0.131051 
3610.898404 0.130732 
3611.862853 0.132332 
3612.827303 0.132633 
3613.791752 0.132038 
3614.756201 0.133130 
3615.720651 0.132974 
3616.685100 0.133839 
3617.649549 0.135254 
3618.613999 0.135312 
3619.578448 0.136773 
3620.542897 0.136988 
3621.507347 0.137643 
3622.471796 0.138821 
3623.436246 0.140042 
3624.400695 0.140392 
3625.365144 0.141148 
3626.329594 0.141408 
3627.294043 0.141783 
3628.258492 0.143470 
3629.222942 0.143553 
3630.187391 0.142315 
3631.151840 0.142580 
3632.116290 0.143137 
3633.080739 0.143199 
3634.045188 0.142945 
3635.009638 0.142290 
3635.974087 0.142302 
3636.938537 0.142259 
3637.902986 0.142228 
3638.867435 0.141782 
3639.831885 0.141489 
3640.796334 0.140494 
3641.760783 0.139407 
3642.725233 0.138016 
3643.689682 0.136497 
3644.654131 0.135258 
3645.618581 0.134000 
3646.583030 0.133177 
3647.547480 0.130429 
3648.511929 0.128013 
3649.476378 0.127750 
3650.440828 0.126281 
3651.405277 0.125055 
3652.369726 0.123714 
3653.334176 0.123872 
3654.298625 0.123264 
3655.263074 0.123455 
3656.227524 0.123132 
3657.191973 0.121413 
3658.156422 0.120778 
3659.120872 0.120380 
3660.085321 0.119802 
3661.049771 0.119134 
3662.014220 0.119050 
3662.978669 0.118094 
3663.943119 0.117990 
3664.907568 0.117893 
3665.872017 0.117771 
3666.836467 0.117598 
3667.800916 0.117752 
3668.765365 0.117774 
3669.729815 0.117237 
3670.694264 0.117827 
3671.658714 0.116982 
3672.623163 0.117026 
3673.587612 0.117498 
3674.552062 0.118320 
3675.516511 0.118065 
3676.480960 0.117157 
3677.445410 0.116812 
3678.409859 0.117170 
3679.374308 0.117523 
3680.338758 0.117173 
3681.303207 0.117021 
3682.267656 0.117094 
3683.232106 0.117010 
3684.196555 0.116961 
3685.161005 0.116754 
3686.125454 0.116616 
3687.089903 0.116738 
3688.054353 0.117544 
3689.018802 0.116138 
3689.983251 0.115530 
3690.947701 0.116321 
3691.912150 0.115752 
3692.876599 0.115662 
3693.841049 0.115916 
3694.805498 0.115875 
3695.769948 0.115839 
3696.734397 0.115749 
3697.698846 0.115641 
3698.663296 0.115625 
3699.627745 0.115455 
3700.592194 0.115433 
3701.556644 0.115804 
3702.521093 0.115117 
3703.485542 0.114891 
3704.449992 0.115048 
3705.414441 0.114978 
3706.378890 0.114855 
3707.343340 0.114753 
3708.307789 0.114990 
3709.272239 0.115266 
3710.236688 0.114366 
3711.201137 0.114694 
3712.165587 0.115429 
3713.130036 0.114141 
3714.094485 0.114155 
3715.058935 0.114382 
3716.023384 0.114259 
3716.987833 0.114249 
3717.952283 0.114400 
3718.916732 0.114600 
3719.881182 0.114058 
3720.845631 0.114032 
3721.810080 0.114489 
3722.774530 0.113867 
3723.738979 0.113429 
3724.703428 0.113786 
3725.667878 0.113745 
3726.632327 0.113774 
3727.596776 0.113384 
3728.561226 0.113448 
3729.525675 0.113665 
3730.490124 0.113652 
3731.454574 0.114185 
3732.419023 0.113992 
3733.383473 0.112780 
3734.347922 0.113711 
3735.312371 0.113107 
3736.276821 0.112767 
3737.241270 0.112891 
3738.205719 0.113040 
3739.170169 0.112783 
3740.134618 0.113006 
3741.099067 0.113268 
3742.063517 0.112750 
3743.027966 0.113120 
3743.992416 0.115046 
3744.956865 0.114141 
3745.921314 0.112386 
3746.885764 0.112592 
3747.850213 0.112738 
3748.814662 0.113678 
3749.779112 0.113267 
3750.743561 0.112098 
3751.708010 0.113607 
3752.672460 0.113064 
3753.636909 0.112401 
3754.601358 0.112570 
3755.565808 0.112939 
3756.530257 0.113152 
3757.494707 0.112454 
3758.459156 0.112581 
3759.423605 0.113221 
3760.388055 0.112597 
3761.352504 0.112463 
3762.316953 0.112673 
3763.281403 0.112715 
3764.245852 0.112719 
3765.210301 0.113220 
3766.174751 0.112920 
3767.139200 0.112409 
3768.103650 0.112611 
3769.068099 0.113276 
3770.032548 0.113470 
3770.996998 0.112601 
3771.961447 0.112765 
3772.925896 0.112910 
3773.890346 0.112995 
3774.854795 0.113061 
3775.819244 0.113079 
3776.783694 0.113064 
3777.748143 0.112985 
3778.712592 0.113303 
3779.677042 0.113339 
3780.641491 0.112584 
3781.605941 0.112866 
3782.570390 0.112970 
3783.534839 0.113053 
3784.499289 0.113138 
3785.463738 0.112934 
3786.428187 0.112903 
3787.392637 0.113047 
3788.357086 0.113023 
3789.321535 0.113085 
3790.285985 0.112996 
3791.250434 0.113003 
3792.214884 0.113024 
3793.179333 0.113031 
3794.143782 0.112913 
3795.108232 0.112989 
3796.072681 0.113515 
3797.037130 0.113073 
3798.001580 0.112585 
3798.966029 0.112692 
3799.930478 0.112931 
3800.894928 0.114055 
3801.859377 0.113440 
3802.823826 0.112621 
3803.788276 0.112574 
3804.752725 0.112673 
3805.717175 0.113131 
3806.681624 0.114196 
3807.646073 0.113174 
3808.610523 0.112551 
3809.574972 0.112860 
3810.539421 0.112899 
3811.503871 0.112902 
3812.468320 0.112957 
3813.432769 0.112989 
3814.397219 0.112930 
3815.361668 0.113896 
3816.326118 0.113825 
3817.290567 0.112427 
3818.255016 0.112688 
3819.219466 0.112909 
3820.183915 0.113500 
3821.148364 0.113696 
3822.112814 0.112767 
3823.077263 0.112658 
3824.041712 0.113056 
3825.006162 0.113028 
3825.970611 0.113311 
3826.935060 0.113300 
3827.899510 0.112874 
3828.863959 0.112966 
3829.828409 0.112917 
3830.792858 0.113339 
3831.757307 0.113648 
3832.721757 0.112722 
3833.686206 0.112974 
3834.650655 0.113760 
3835.615105 0.112858 
3836.579554 0.112637 
3837.544003 0.114171 
3838.508453 0.113155 
3839.472902 0.112924 
3840.437352 0.113490 
3841.401801 0.113039 
3842.366250 0.112852 
3843.330700 0.113760 
3844.295149 0.113418 
3845.259598 0.113102 
3846.224048 0.113283 
3847.188497 0.113367 
3848.152946 0.113389 
3849.117396 0.113595 
3850.081845 0.113307 
3851.046294 0.113596 
3852.010744 0.114172 
3852.975193 0.113248 
3853.939643 0.114707 
3854.904092 0.113165 
3855.868541 0.112724 
3856.832991 0.113519 
3857.797440 0.113488 
3858.761889 0.113419 
3859.726339 0.113586 
3860.690788 0.113799 
3861.655237 0.114121 
3862.619687 0.113483 
3863.584136 0.113588 
3864.548586 0.114369 
3865.513035 0.113801 
3866.477484 0.113293 
3867.441934 0.113539 
3868.406383 0.113932 
3869.370832 0.114690 
3870.335282 0.113794 
3871.299731 0.113239 
3872.264180 0.113381 
3873.228630 0.114112 
3874.193079 0.114547 
3875.157528 0.113560 
3876.121978 0.113745 
3877.086427 0.114047 
3878.050877 0.113985 
3879.015326 0.114139 
3879.979775 0.114986 
3880.944225 0.114059 
3881.908674 0.113407 
3882.873123 0.113963 
3883.837573 0.113811 
3884.802022 0.114205 
3885.766471 0.114903 
3886.730921 0.113639 
3887.695370 0.113733 
3888.659820 0.114064 
3889.624269 0.114075 
3890.588718 0.114618 
3891.553168 0.114628 
3892.517617 0.113500 
3893.482066 0.113827 
3894.446516 0.113980 
3895.410965 0.114003 
3896.375414 0.114073 
3897.339864 0.114098 
3898.304313 0.114322 
3899.268762 0.114501 
3900.233212 0.113415 
3901.197661 0.114277 
3902.162111 0.114265 
3903.126560 0.113509 
3904.091009 0.114315 
3905.055459 0.113735 
3906.019908 0.113724 
3906.984357 0.113745 
3907.948807 0.114002 
3908.913256 0.114181 
3909.877705 0.114147 
3910.842155 0.114053 
3911.806604 0.114045 
3912.771054 0.114016 
3913.735503 0.113995 
3914.699952 0.113956 
3915.664402 0.114122 
3916.628851 0.114362 
3917.593300 0.113941 
3918.557750 0.113636 
3919.522199 0.114097 
3920.486648 0.114031 
3921.451098 0.113817 
3922.415547 0.114001 
3923.379996 0.114120 
3924.344446 0.114136 
3925.308895 0.114031 
3926.273345 0.113877 
3927.237794 0.114082 
3928.202243 0.114268 
3929.166693 0.114325 
3930.131142 0.114118 
3931.095591 0.113989 
3932.060041 0.114310 
3933.024490 0.114047 
3933.988939 0.114049 
3934.953389 0.114178 
3935.917838 0.114245 
3936.882288 0.114309 
3937.846737 0.114335 
3938.811186 0.114344 
3939.775636 0.114354 
3940.740085 0.114335 
3941.704534 0.114559 
3942.668984 0.114813 
3943.633433 0.114301 
3944.597882 0.114342 
3945.562332 0.114482 
3946.526781 0.114603 
3947.491230 0.114660 
3948.455680 0.114429 
3949.420129 0.114516 
3950.384579 0.114554 
3951.349028 0.114507 
3952.313477 0.114750 
3953.277927 0.114737 
3954.242376 0.114743 
3955.206825 0.114732 
3956.171275 0.114749 
3957.135724 0.114778 
3958.100173 0.114768 
3959.064623 0.114912 
3960.029072 0.114937 
3960.993522 0.115085 
3961.957971 0.115155 
3962.922420 0.114962 
3963.886870 0.115212 
3964.851319 0.115247 
3965.815768 0.115296 
3966.780218 0.115397 
3967.744667 0.115396 
3968.709116 0.115382 
3969.673566 0.115375 
3970.638015 0.115356 
3971.602464 0.115518 
3972.566914 0.115421 
3973.531363 0.115467 
3974.495813 0.115521 
3975.460262 0.115567 
3976.424711 0.115423 
3977.389161 0.115423 
3978.353610 0.115673 
3979.318059 0.115774 
3980.282509 0.115741 
3981.246958 0.115671 
3982.211407 0.115658 
3983.175857 0.115680 
3984.140306 0.115743 
3985.104756 0.115727 
3986.069205 0.115718 
3987.033654 0.115801 
3987.998104 0.115850 
3988.962553 0.115852 
3989.927002 0.115803 
3990.891452 0.115688 
3991.855901 0.115688 
3992.820350 0.115842 
3993.784800 0.115871 
3994.749249 0.115865 
3995.713698 0.115722 
3996.678148 0.115762 
3997.642597 0.115881 
3998.607047 0.115949 
3999.571496 0.115871 
4000.535945 0.115839 