##YUNITS=Abs
399.282035 0.116035 
400.246484 0.114593 
401.210934 0.120217 
402.175383 0.124737 
403.139832 0.128583 
404.104282 0.127787 
405.068731 0.124365 
406.033181 0.119329 
406.997630 0.116039 
407.962079 0.116147 
408.926529 0.117777 
409.890978 0.114667 
410.855427 0.109791 
411.819877 0.107381 
412.784326 0.105723 
413.748775 0.104457 
414.713225 0.102368 
415.677674 0.100483 
416.642124 0.098505 
417.606573 0.094090 
418.571022 0.083842 
419.535472 0.088990 
420.499921 0.095334 
421.464370 0.097497 
422.428820 0.093210 
423.393269 0.089966 
424.357718 0.093165 
425.322168 0.096073 
426.286617 0.096695 
427.251066 0.094896 
428.215516 0.092612 
429.179965 0.091446 
430.144415 0.091857 
431.108864 0.091543 
432.073313 0.092154 
433.037763 0.092724 
434.002212 0.092600 
434.966661 0.091177 
435.931111 0.091026 
436.895560 0.091938 
437.860009 0.092299 
438.824459 0.091168 
439.788908 0.090331 
440.753358 0.090971 
441.717807 0.092359 
442.682256 0.093349 
443.646706 0.092552 
444.611155 0.092196 
445.575604 0.092249 
446.540054 0.092168 
447.504503 0.094083 
448.468952 0.094218 
449.433402 0.092942 
450.397851 0.091694 
451.362300 0.090353 
452.326750 0.088019 
453.291199 0.088780 
454.255649 0.089955 
455.220098 0.089346 
456.184547 0.089452 
457.148997 0.088102 
458.113446 0.086365 
459.077895 0.087840 
460.042345 0.087537 
461.006794 0.086959 
461.971243 0.087004 
462.935693 0.085663 
463.900142 0.084229 
464.864592 0.084175 
465.829041 0.084823 
466.793490 0.084915 
467.757940 0.084382 
468.722389 0.085305 
469.686838 0.086518 
470.651288 0.086501 
471.615737 0.084624 
472.580186 0.084700 
473.544636 0.087495 
474.509085 0.088399 
475.473534 0.088264 
476.437984 0.087239 
477.402433 0.086251 
478.366883 0.086347 
479.331332 0.085794 
480.295781 0.085555 
481.260231 0.085580 
482.224680 0.084938 
483.189129 0.082549 
484.153579 0.081051 
485.118028 0.081366 
486.082477 0.081085 
487.046927 0.079688 
488.011376 0.078327 
488.975826 0.077517 
489.940275 0.077002 
490.904724 0.075626 
491.869174 0.073938 
492.833623 0.073675 
493.798072 0.073310 
494.762522 0.072274 
495.726971 0.071011 
496.691420 0.070150 
497.655870 0.069721 
498.620319 0.069462 
499.584768 0.069547 
500.549218 0.068848 
501.513667 0.067192 
502.478117 0.067022 
503.442566 0.067993 
504.407015 0.067719 
505.371465 0.068187 
506.335914 0.067643 
507.300363 0.066599 
508.264813 0.066908 
509.229262 0.067518 
510.193711 0.067210 
511.158161 0.067102 
512.122610 0.067284 
513.087060 0.067317 
514.051509 0.067040 
515.015958 0.066584 
515.980408 0.065929 
516.944857 0.066003 
517.909306 0.066876 
518.873756 0.066945 
519.838205 0.067124 
520.802654 0.067991 
521.767104 0.068231 
522.731553 0.068661 
523.696002 0.068854 
524.660452 0.069137 
525.624901 0.069529 
526.589351 0.070158 
527.553800 0.070690 
528.518249 0.070934 
529.482699 0.071574 
530.447148 0.072076 
531.411597 0.073210 
532.376047 0.076136 
533.340496 0.076853 
534.304945 0.075184 
535.269395 0.072472 
536.233844 0.070810 
537.198294 0.070980 
538.162743 0.070147 
539.127192 0.069720 
540.091642 0.069449 
541.056091 0.069514 
542.020540 0.069976 
542.984990 0.069723 
543.949439 0.068928 
544.913888 0.068642 
545.878338 0.068825 
546.842787 0.068765 
547.807236 0.068847 
548.771686 0.068640 
549.736135 0.068346 
550.700585 0.068639 
551.665034 0.069058 
552.629483 0.068781 
553.593933 0.068570 
554.558382 0.069064 
555.522831 0.069571 
556.487281 0.069750 
557.451730 0.069448 
558.416179 0.069527 
559.380629 0.070093 
560.345078 0.070185 
561.309528 0.070105 
562.273977 0.070461 
563.238426 0.070739 
564.202876 0.070818 
565.167325 0.070949 
566.131774 0.070693 
567.096224 0.070675 
568.060673 0.070821 
569.025122 0.070819 
569.989572 0.071020 
570.954021 0.071314 
571.918470 0.071198 
572.882920 0.071023 
573.847369 0.070729 
574.811819 0.070822 
575.776268 0.070719 
576.740717 0.070679 
577.705167 0.070745 
578.669616 0.070915 
579.634065 0.070870 
580.598515 0.070659 
581.562964 0.070815 
582.527413 0.070825 
583.491863 0.070755 
584.456312 0.070873 
585.420762 0.071088 
586.385211 0.071349 
587.349660 0.072339 
588.314110 0.073210 
589.278559 0.072454 
590.243008 0.071843 
591.207458 0.071361 
592.171907 0.071620 
593.136356 0.072152 
594.100806 0.072247 
595.065255 0.072486 
596.029704 0.072763 
596.994154 0.072975 
597.958603 0.072898 
598.923053 0.072770 
599.887502 0.072974 
600.851951 0.073523 
601.816401 0.073885 
602.780850 0.073795 
603.745299 0.073922 
604.709749 0.074110 
605.674198 0.074141 
606.638647 0.074185 
607.603097 0.074459 
608.567546 0.074907 
609.531996 0.074977 
610.496445 0.074913 
611.460894 0.075194 
612.425344 0.075399 
613.389793 0.075729 
614.354242 0.076015 
615.318692 0.076206 
616.283141 0.076701 
617.247590 0.077252 
618.212040 0.077956 
619.176489 0.078824 
620.140938 0.079826 
621.105388 0.080932 
622.069837 0.081650 
623.034287 0.082234 
623.998736 0.082840 
624.963185 0.083583 
625.927635 0.084254 
626.892084 0.084945 
627.856533 0.085701 
628.820983 0.086629 
629.785432 0.087300 
630.749881 0.087247 
631.714331 0.086014 
632.678780 0.083636 
633.643230 0.080988 
634.607679 0.078624 
635.572128 0.076868 
636.536578 0.076243 
637.501027 0.075904 
638.465476 0.075321 
639.429926 0.074815 
640.394375 0.074715 
641.358824 0.074658 
642.323274 0.074456 
643.287723 0.074137 
644.252172 0.074214 
645.216622 0.074699 
646.181071 0.074943 
647.145521 0.074867 
648.109970 0.074856 
649.074419 0.074930 
650.038869 0.075113 
651.003318 0.074990 
651.967767 0.075048 
652.932217 0.075479 
653.896666 0.076003 
654.861115 0.076149 
655.825565 0.076214 
656.790014 0.076517 
657.754464 0.076749 
658.718913 0.076929 
659.683362 0.077206 
660.647812 0.077432 
661.612261 0.077862 
662.576710 0.078177 
663.541160 0.078514 
664.505609 0.078840 
665.470058 0.079299 
666.434508 0.079181 
667.398957 0.076998 
668.363406 0.073681 
669.327856 0.077638 
670.292305 0.079633 
671.256755 0.080155 
672.221204 0.080072 
673.185653 0.080102 
674.150103 0.080354 
675.114552 0.080614 
676.079001 0.080776 
677.043451 0.080786 
678.007900 0.080971 
678.972349 0.081420 
679.936799 0.081764 
680.901248 0.081981 
681.865698 0.082406 
682.830147 0.083081 
683.794596 0.083621 
684.759046 0.083905 
685.723495 0.084522 
686.687944 0.085410 
687.652394 0.086144 
688.616843 0.086638 
689.581292 0.087303 
690.545742 0.088452 
691.510191 0.089631 
692.474640 0.090496 
693.439090 0.091435 
694.403539 0.092582 
695.367989 0.093745 
696.332438 0.094954 
697.296887 0.096198 
698.261337 0.097558 
699.225786 0.099095 
700.190235 0.100675 
701.154685 0.102257 
702.119134 0.104064 
703.083583 0.106069 
704.048033 0.107991 
705.012482 0.109865 
705.976932 0.112078 
706.941381 0.114590 
707.905830 0.117161 
708.870280 0.119797 
709.834729 0.122573 
710.799178 0.125627 
711.763628 0.129017 
712.728077 0.132427 
713.692526 0.136286 
714.656976 0.140640 
715.621425 0.145450 
716.585874 0.150644 
717.550324 0.156217 
718.514773 0.162360 
719.479223 0.169109 
720.443672 0.176954 
721.408121 0.185723 
722.372571 0.195203 
723.337020 0.205904 
724.301469 0.218016 
725.265919 0.231954 
726.230368 0.248086 
727.194817 0.266774 
728.159267 0.288137 
729.123716 0.312516 
730.088166 0.340306 
731.052615 0.372441 
732.017064 0.409504 
732.981514 0.452058 
733.945963 0.501224 
734.910412 0.559007 
735.874862 0.627657 
736.839311 0.708807 
737.803760 0.805231 
738.768210 0.920328 
739.732659 1.055166 
740.697108 1.214016 
741.661558 1.401913 
742.626007 1.629631 
743.590457 1.906092 
744.554906 2.236774 
745.519355 2.462036 
746.483805 2.431088 
747.448254 2.313957 
748.412703 2.283845 
749.377153 2.270777 
750.341602 2.272534 
751.306051 2.252551 
752.270501 2.258853 
753.234950 2.251129 
754.199400 2.256470 
755.163849 2.236765 
756.128298 2.241289 
757.092748 2.254794 
758.057197 2.270878 
759.021646 2.239292 
759.986096 2.228450 
760.950545 2.227307 
761.914994 2.239030 
762.879444 2.221098 
763.843893 2.225406 
764.808342 2.228179 
765.772792 2.242596 
766.737241 2.218372 
767.701691 2.227406 
768.666140 2.230712 
769.630589 2.243551 
770.595039 2.233039 
771.559488 2.245043 
772.523937 2.236781 
773.488387 2.245513 
774.452836 2.232158 
775.417285 2.238448 
776.381735 2.234996 
777.346184 2.228553 
778.310634 2.215464 
779.275083 2.227701 
780.239532 2.219824 
781.203982 2.233009 
782.168431 2.234650 
783.132880 2.241887 
784.097330 2.222071 
785.061779 2.229520 
786.026228 2.238093 
786.990678 2.239968 
787.955127 2.228128 
788.919576 2.240957 
789.884026 2.229573 
790.848475 2.219486 
791.812925 2.193315 
792.777374 2.179029 
793.741823 2.169789 
794.706273 2.172034 
795.670722 2.167855 
796.635171 2.178829 
797.599621 2.184363 
798.564070 2.205398 
799.528519 2.216891 
800.492969 2.237517 
801.457418 2.242381 
802.421868 2.303848 
803.386317 2.439810 
804.350766 2.331879 
805.315216 1.846882 
806.279665 1.510941 
807.244114 1.258610 
808.208564 1.068044 
809.173013 0.924384 
810.137462 0.814148 
811.101912 0.723062 
812.066361 0.643112 
813.030810 0.571200 
813.995260 0.508169 
814.959709 0.455447 
815.924159 0.413450 
816.888608 0.380707 
817.853057 0.355482 
818.817507 0.335401 
819.781956 0.318426 
820.746405 0.303026 
821.710855 0.288452 
822.675304 0.273992 
823.639753 0.259496 
824.604203 0.244970 
825.568652 0.231076 
826.533102 0.217962 
827.497551 0.205502 
828.462000 0.194026 
829.426450 0.183857 
830.390899 0.175012 
831.355348 0.167563 
832.319798 0.161361 
833.284247 0.156192 
834.248696 0.152010 
835.213146 0.148776 
836.177595 0.146167 
837.142044 0.144100 
838.106494 0.142720 
839.070943 0.141646 
840.035393 0.140387 
840.999842 0.139102 
841.964291 0.138089 
842.928741 0.137229 
843.893190 0.135949 
844.857639 0.134021 
845.822089 0.131785 
846.786538 0.129983 
847.750987 0.128362 
848.715437 0.126585 
849.679886 0.124681 
850.644336 0.123145 
851.608785 0.121774 
852.573234 0.120186 
853.537684 0.118487 
854.502133 0.116853 
855.466582 0.115259 
856.431032 0.113751 
857.395481 0.112092 
858.359930 0.110385 
859.324380 0.108943 
860.288829 0.107670 
861.253278 0.106378 
862.217728 0.105099 
863.182177 0.104106 
864.146627 0.103282 
865.111076 0.102487 
866.075525 0.101606 
867.039975 0.100991 
868.004424 0.100695 
868.968873 0.100480 
869.933323 0.099974 
870.897772 0.099292 
871.862221 0.098918 
872.826671 0.098683 
873.791120 0.098372 
874.755570 0.097873 
875.720019 0.097598 
876.684468 0.097526 
877.648918 0.097089 
878.613367 0.096305 
879.577816 0.095795 
880.542266 0.095507 
881.506715 0.095327 
882.471164 0.095044 
883.435614 0.094834 
884.400063 0.094875 
885.364512 0.095009 
886.328962 0.095014 
887.293411 0.094932 
888.257861 0.095028 
889.222310 0.095237 
890.186759 0.095258 
891.151209 0.095117 
892.115658 0.095000 
893.080107 0.095059 
894.044557 0.095138 
895.009006 0.095052 
895.973455 0.094972 
896.937905 0.095030 
897.902354 0.095064 
898.866804 0.094895 
899.831253 0.094881 
900.795702 0.095001 
901.760152 0.095086 
902.724601 0.095077 
903.689050 0.094904 
904.653500 0.094661 
905.617949 0.094461 
906.582398 0.094273 
907.546848 0.093879 
908.511297 0.093557 
909.475746 0.093292 
910.440196 0.093002 
911.404645 0.092667 
912.369095 0.092363 
913.333544 0.092165 
914.297993 0.091924 
915.262443 0.091624 
916.226892 0.091546 
917.191341 0.091647 
918.155791 0.091754 
919.120240 0.091639 
920.084689 0.091536 
921.049139 0.091692 
922.013588 0.091747 
922.978038 0.091519 
923.942487 0.091237 
924.906936 0.090941 
925.871386 0.090751 
926.835835 0.090800 
927.800284 0.091004 
928.764734 0.091381 
929.729183 0.091983 
930.693632 0.092658 
931.658082 0.093248 
932.622531 0.093881 
933.586980 0.094626 
934.551430 0.094104 
935.515879 0.092395 
936.480329 0.091228 
937.444778 0.090845 
938.409227 0.090702 
939.373677 0.090544 
940.338126 0.090351 
941.302575 0.090268 
942.267025 0.090440 
943.231474 0.090602 
944.195923 0.090599 
945.160373 0.090661 
946.124822 0.090921 
947.089272 0.091241 
948.053721 0.091482 
949.018170 0.091702 
949.982620 0.092097 
950.947069 0.092646 
951.911518 0.093048 
952.875968 0.093353 
953.840417 0.093929 
954.804866 0.094839 
955.769316 0.095775 
956.733765 0.096456 
957.698214 0.097297 
958.662664 0.098423 
959.627113 0.099600 
960.591563 0.100671 
961.556012 0.101850 
962.520461 0.103380 
963.484911 0.104986 
964.449360 0.106343 
965.413809 0.107768 
966.378259 0.109510 
967.342708 0.111463 
968.307157 0.113305 
969.271607 0.115032 
970.236056 0.116861 
971.200506 0.118830 
972.164955 0.120834 
973.129404 0.122597 
974.093854 0.124115 
975.058303 0.125607 
976.022752 0.126960 
976.987202 0.127883 
977.951651 0.128421 
978.916100 0.128796 
979.880550 0.129041 
980.844999 0.128880 
981.809448 0.128317 
982.773898 0.127622 
983.738347 0.126991 
984.702797 0.126187 
985.667246 0.125124 
986.631695 0.124175 
987.596145 0.123570 
988.560594 0.123059 
989.525043 0.122548 
990.489493 0.122159 
991.453942 0.122125 
992.418391 0.122516 
993.382841 0.123089 
994.347290 0.123716 
995.311740 0.124575 
996.276189 0.125672 
997.240638 0.126901 
998.205088 0.128181 
999.169537 0.129574 
1000.133986 0.131002 
1001.098436 0.132334 
1002.062885 0.133407 
1003.027334 0.134350 
1003.991784 0.135132 
1004.956233 0.135596 
1005.920682 0.135645 
1006.885132 0.135402 
1007.849581 0.135015 
1008.814031 0.134279 
1009.778480 0.133095 
1010.742929 0.131702 
1011.707379 0.130211 
1012.671828 0.128684 
1013.636277 0.127045 
1014.600727 0.125135 
1015.565176 0.123119 
1016.529625 0.121148 
1017.494075 0.119130 
1018.458524 0.116987 
1019.422974 0.114921 
1020.387423 0.113100 
1021.351872 0.111309 
1022.316322 0.109461 
1023.280771 0.107745 
1024.245220 0.106377 
1025.209670 0.105316 
1026.174119 0.104304 
1027.138568 0.103275 
1028.103018 0.102476 
1029.067467 0.101838 
1030.031916 0.101194 
1030.996366 0.100501 
1031.960815 0.099898 
1032.925265 0.099594 
1033.889714 0.099348 
1034.854163 0.098983 
1035.818613 0.098644 
1036.783062 0.098481 
1037.747511 0.098393 
1038.711961 0.098240 
1039.676410 0.098000 
1040.640859 0.097924 
1041.605309 0.098167 
1042.569758 0.098378 
1043.534208 0.098431 
1044.498657 0.098539 
1045.463106 0.098964 
1046.427556 0.099406 
1047.392005 0.099569 
1048.356454 0.099715 
1049.320904 0.100116 
1050.285353 0.100591 
1051.249802 0.100920 
1052.214252 0.101167 
1053.178701 0.101550 
1054.143150 0.102126 
1055.107600 0.102609 
1056.072049 0.102996 
1057.036499 0.103469 
1058.000948 0.104076 
1058.965397 0.104717 
1059.929847 0.105155 
1060.894296 0.105496 
1061.858745 0.105948 
1062.823195 0.106429 
1063.787644 0.106759 
1064.752093 0.106896 
1065.716543 0.107076 
1066.680992 0.107395 
1067.645442 0.107550 
1068.609891 0.107405 
1069.574340 0.107137 
1070.538790 0.107030 
1071.503239 0.106916 
1072.467688 0.106628 
1073.432138 0.106246 
1074.396587 0.105930 
1075.361036 0.105666 
1076.325486 0.105252 
1077.289935 0.104668 
1078.254384 0.104224 
1079.218834 0.104033 
1080.183283 0.103711 
1081.147733 0.103120 
1082.112182 0.102551 
1083.076631 0.102212 
1084.041081 0.102009 
1085.005530 0.101768 
1085.969979 0.101575 
1086.934429 0.101547 
1087.898878 0.101522 
1088.863327 0.101396 
1089.827777 0.101241 
1090.792226 0.101161 
1091.756676 0.101188 
1092.721125 0.101240 
1093.685574 0.101211 
1094.650024 0.101263 
1095.614473 0.101471 
1096.578922 0.101651 
1097.543372 0.101725 
1098.507821 0.101810 
1099.472270 0.101984 
1100.436720 0.102182 
1101.401169 0.102310 
1102.365618 0.102510 
1103.330068 0.102826 
1104.294517 0.103085 
1105.258967 0.103172 
1106.223416 0.103158 
1107.187865 0.103188 
1108.152315 0.103238 
1109.116764 0.103278 
1110.081213 0.103211 
1111.045663 0.103084 
1112.010112 0.102966 
1112.974561 0.102688 
1113.939011 0.102268 
1114.903460 0.101814 
1115.867910 0.101280 
1116.832359 0.100645 
1117.796808 0.099815 
1118.761258 0.099055 
1119.725707 0.098556 
1120.690156 0.098102 
1121.654606 0.097520 
1122.619055 0.096946 
1123.583504 0.096508 
1124.547954 0.096242 
1125.512403 0.095824 
1126.476852 0.095355 
1127.441302 0.095084 
1128.405751 0.094999 
1129.370201 0.094838 
1130.334650 0.094293 
1131.299099 0.093732 
1132.263549 0.093487 
1133.227998 0.093347 
1134.192447 0.093056 
1135.156897 0.092737 
1136.121346 0.092578 
1137.085795 0.092478 
1138.050245 0.092310 
1139.014694 0.092128 
1139.979144 0.092100 
1140.943593 0.092224 
1141.908042 0.092365 
1142.872492 0.092395 
1143.836941 0.092572 
1144.801390 0.092898 
1145.765840 0.093118 
1146.730289 0.093245 
1147.694738 0.093459 
1148.659188 0.093828 
1149.623637 0.094221 
1150.588086 0.094373 
1151.552536 0.094323 
1152.516985 0.094305 
1153.481435 0.094463 
1154.445884 0.094528 
1155.410333 0.094456 
1156.374783 0.094439 
1157.339232 0.094571 
1158.303681 0.094747 
1159.268131 0.094878 
1160.232580 0.094913 
1161.197029 0.095155 
1162.161479 0.095547 
1163.125928 0.095865 
1164.090378 0.096005 
1165.054827 0.095947 
1166.019276 0.095747 
1166.983726 0.095460 
1167.948175 0.095181 
1168.912624 0.095111 
1169.877074 0.095249 
1170.841523 0.095363 
1171.805972 0.095300 
1172.770422 0.095199 
1173.734871 0.095186 
1174.699320 0.095240 
1175.663770 0.095305 
1176.628219 0.095288 
1177.592669 0.095530 
1178.557118 0.095998 
1179.521567 0.096438 
1180.486017 0.096901 
1181.450466 0.097070 
1182.414915 0.096918 
1183.379365 0.096679 
1184.343814 0.096668 
1185.308263 0.096809 
1186.272713 0.097136 
1187.237162 0.097545 
1188.201612 0.097941 
1189.166061 0.098343 
1190.130510 0.098917 
1191.094960 0.099583 
1192.059409 0.100215 
1193.023858 0.100794 
1193.988308 0.101524 
1194.952757 0.102394 
1195.917206 0.103223 
1196.881656 0.103943 
1197.846105 0.104714 
1198.810554 0.105673 
1199.775004 0.106635 
1200.739453 0.107469 
1201.703903 0.108271 
1202.668352 0.109182 
1203.632801 0.110141 
1204.597251 0.111002 
1205.561700 0.111796 
1206.526149 0.112674 
1207.490599 0.113600 
1208.455048 0.114385 
1209.419497 0.115083 
1210.383947 0.115798 
1211.348396 0.116472 
1212.312846 0.117011 
1213.277295 0.117437 
1214.241744 0.117870 
1215.206194 0.118410 
1216.170643 0.118854 
1217.135092 0.118978 
1218.099542 0.118777 
1219.063991 0.118543 
1220.028440 0.118260 
1220.992890 0.117740 
1221.957339 0.117127 
1222.921788 0.116630 
1223.886238 0.116082 
1224.850687 0.115340 
1225.815137 0.114510 
1226.779586 0.113728 
1227.744035 0.113054 
1228.708485 0.112504 
1229.672934 0.112044 
1230.637383 0.111817 
1231.601833 0.111852 
1232.566282 0.112023 
1233.530731 0.112257 
1234.495181 0.112581 
1235.459630 0.113076 
1236.424080 0.113743 
1237.388529 0.114475 
1238.352978 0.115285 
1239.317428 0.116196 
1240.281877 0.117356 
1241.246326 0.118629 
1242.210776 0.119812 
1243.175225 0.120931 
1244.139674 0.122216 
1245.104124 0.123602 
1246.068573 0.124770 
1247.033022 0.125638 
1247.997472 0.126412 
1248.961921 0.127106 
1249.926371 0.127606 
1250.890820 0.127917 
1251.855269 0.128228 
1252.819719 0.128523 
1253.784168 0.128646 
1254.748617 0.128533 
1255.713067 0.128158 
1256.677516 0.127607 
1257.641965 0.126892 
1258.606415 0.125739 
1259.570864 0.124132 
1260.535314 0.122259 
1261.499763 0.120311 
1262.464212 0.118003 
1263.428662 0.115402 
1264.393111 0.112789 
1265.357560 0.110401 
1266.322010 0.108347 
1267.286459 0.106614 
1268.250908 0.105126 
1269.215358 0.103934 
1270.179807 0.102973 
1271.144256 0.102073 
1272.108706 0.101199 
1273.073155 0.100599 
1274.037605 0.100117 
1275.002054 0.099544 
1275.966503 0.098888 
1276.930953 0.098356 
1277.895402 0.098000 
1278.859851 0.097632 
1279.824301 0.097143 
1280.788750 0.096794 
1281.753199 0.096544 
1282.717649 0.096218 
1283.682098 0.095771 
1284.646548 0.095354 
1285.610997 0.095083 
1286.575446 0.094834 
1287.539896 0.094525 
1288.504345 0.094335 
1289.468794 0.094233 
1290.433244 0.094134 
1291.397693 0.094072 
1292.362142 0.093973 
1293.326592 0.093872 
1294.291041 0.093890 
1295.255490 0.093908 
1296.219940 0.093820 
1297.184389 0.093804 
1298.148839 0.093959 
1299.113288 0.094063 
1300.077737 0.094056 
1301.042187 0.094035 
1302.006636 0.094166 
1302.971085 0.094328 
1303.935535 0.094391 
1304.899984 0.094339 
1305.864433 0.094402 
1306.828883 0.094543 
1307.793332 0.094598 
1308.757782 0.094593 
1309.722231 0.094738 
1310.686680 0.094904 
1311.651130 0.094935 
1312.615579 0.094766 
1313.580028 0.094718 
1314.544478 0.094922 
1315.508927 0.095089 
1316.473376 0.094946 
1317.437826 0.094760 
1318.402275 0.094689 
1319.366724 0.094757 
1320.331174 0.094799 
1321.295623 0.094728 
1322.260073 0.094683 
1323.224522 0.094711 
1324.188971 0.094714 
1325.153421 0.094560 
1326.117870 0.094389 
1327.082319 0.094421 
1328.046769 0.094447 
1329.011218 0.094325 
1329.975667 0.094153 
1330.940117 0.094184 
1331.904566 0.094323 
1332.869016 0.094366 
1333.833465 0.094232 
1334.797914 0.094140 
1335.762364 0.093995 
1336.726813 0.093808 
1337.691262 0.093589 
1338.655712 0.093190 
1339.620161 0.092907 
1340.584610 0.093186 
1341.549060 0.093590 
1342.513509 0.093679 
1343.477958 0.093670 
1344.442408 0.093678 
1345.406857 0.093608 
1346.371307 0.093501 
1347.335756 0.093449 
1348.300205 0.093489 
1349.264655 0.093552 
1350.229104 0.093641 
1351.193553 0.093719 
1352.158003 0.093858 
1353.122452 0.093990 
1354.086901 0.093877 
1355.051351 0.093816 
1356.015800 0.094049 
1356.980250 0.094204 
1357.944699 0.094192 
1358.909148 0.094182 
1359.873598 0.094140 
1360.838047 0.094016 
1361.802496 0.093850 
1362.766946 0.093529 
1363.731395 0.094034 
1364.695844 0.094720 
1365.660294 0.095030 
1366.624743 0.095058 
1367.589192 0.095014 
1368.553642 0.094976 
1369.518091 0.095329 
1370.482541 0.095601 
1371.446990 0.095646 
1372.411439 0.095470 
1373.375889 0.095136 
1374.340338 0.094977 
1375.304787 0.095341 
1376.269237 0.095793 
1377.233686 0.095971 
1378.198135 0.095925 
1379.162585 0.095919 
1380.127034 0.096092 
1381.091484 0.096413 
1382.055933 0.096722 
1383.020382 0.097025 
1383.984832 0.097211 
1384.949281 0.097153 
1385.913730 0.096625 
1386.878180 0.095817 
1387.842629 0.095579 
1388.807078 0.095982 
1389.771528 0.096208 
1390.735977 0.096253 
1391.700426 0.096326 
1392.664876 0.096380 
1393.629325 0.096123 
1394.593775 0.095782 
1395.558224 0.096098 
1396.522673 0.096717 
1397.487123 0.096968 
1398.451572 0.096940 
1399.416021 0.097174 
1400.380471 0.097823 
1401.344920 0.098269 
1402.309369 0.098489 
1403.273819 0.098358 
1404.238268 0.097933 
1405.202718 0.097813 
1406.167167 0.098271 
1407.131616 0.098437 
1408.096066 0.098326 
1409.060515 0.098227 
1410.024964 0.098235 
1410.989414 0.098144 
1411.953863 0.098029 
1412.918312 0.098105 
1413.882762 0.098270 
1414.847211 0.098262 
1415.811660 0.098020 
1416.776110 0.097724 
1417.740559 0.097475 
1418.705009 0.096996 
1419.669458 0.097233 
1420.633907 0.098098 
1421.598357 0.098575 
1422.562806 0.098561 
1423.527255 0.098109 
1424.491705 0.098106 
1425.456154 0.098610 
1426.420603 0.098841 
1427.385053 0.098897 
1428.349502 0.098693 
1429.313952 0.098371 
1430.278401 0.098354 
1431.242850 0.098537 
1432.207300 0.098419 
1433.171749 0.098123 
1434.136198 0.097953 
1435.100648 0.097570 
1436.065097 0.096738 
1437.029546 0.096597 
1437.993996 0.097151 
1438.958445 0.097580 
1439.922894 0.097699 
1440.887344 0.097645 
1441.851793 0.097529 
1442.816243 0.097574 
1443.780692 0.097525 
1444.745141 0.097435 
1445.709591 0.097256 
1446.674040 0.096950 
1447.638489 0.096690 
1448.602939 0.097059 
1449.567388 0.097329 
1450.531837 0.097372 
1451.496287 0.097234 
1452.460736 0.097401 
1453.425186 0.097436 
1454.389635 0.097086 
1455.354084 0.096255 
1456.318534 0.095454 
1457.282983 0.094896 
1458.247432 0.095409 
1459.211882 0.096592 
1460.176331 0.097603 
1461.140780 0.098031 
1462.105230 0.098163 
1463.069679 0.097962 
1464.034128 0.097495 
1464.998578 0.097329 
1465.963027 0.097844 
1466.927477 0.098213 
1467.891926 0.098464 
1468.856375 0.098568 
1469.820825 0.098610 
1470.785274 0.098113 
1471.749723 0.097092 
1472.714173 0.096163 
1473.678622 0.096797 
1474.643071 0.097380 
1475.607521 0.097462 
1476.571970 0.097815 
1477.536420 0.098410 
1478.500869 0.098851 
1479.465318 0.099145 
1480.429768 0.099109 
1481.394217 0.099164 
1482.358666 0.099562 
1483.323116 0.099970 
1484.287565 0.100292 
1485.252014 0.100520 
1486.216464 0.100372 
1487.180913 0.100469 
1488.145362 0.100779 
1489.109812 0.100545 
1490.074261 0.100476 
1491.038711 0.102136 
1492.003160 0.103501 
1492.967609 0.104380 
1493.932059 0.105111 
1494.896508 0.105341 
1495.860957 0.105296 
1496.825407 0.106450 
1497.789856 0.107303 
1498.754305 0.108374 
1499.718755 0.109745 
1500.683204 0.110681 
1501.647654 0.111615 
1502.612103 0.112779 
1503.576552 0.113587 
1504.541002 0.113787 
1505.505451 0.113067 
1506.469900 0.111370 
1507.434350 0.113410 
1508.398799 0.116570 
1509.363248 0.118579 
1510.327698 0.120462 
1511.292147 0.121509 
1512.256596 0.122653 
1513.221046 0.124060 
1514.185495 0.124937 
1515.149945 0.125502 
1516.114394 0.125591 
1517.078843 0.126373 
1518.043293 0.128933 
1519.007742 0.129743 
1519.972191 0.129713 
1520.936641 0.129342 
1521.901090 0.130537 
1522.865539 0.132637 
1523.829989 0.133907 
1524.794438 0.134410 
1525.758888 0.136006 
1526.723337 0.137207 
1527.687786 0.138482 
1528.652236 0.140499 
1529.616685 0.142576 
1530.581134 0.144099 
1531.545584 0.145607 
1532.510033 0.146729 
1533.474482 0.148742 
1534.438932 0.152472 
1535.403381 0.155177 
1536.367830 0.157807 
1537.332280 0.159727 
1538.296729 0.160657 
1539.261179 0.162397 
1540.225628 0.167007 
1541.190077 0.169483 
1542.154527 0.172398 
1543.118976 0.175406 
1544.083425 0.176750 
1545.047875 0.178897 
1546.012324 0.181585 
1546.976773 0.183199 
1547.941223 0.184094 
1548.905672 0.184212 
1549.870122 0.184114 
1550.834571 0.184570 
1551.799020 0.184480 
1552.763470 0.183648 
1553.727919 0.182234 
1554.692368 0.180302 
1555.656818 0.178775 
1556.621267 0.177375 
1557.585716 0.174817 
1558.550166 0.168917 
1559.514615 0.166708 
1560.479064 0.166824 
1561.443514 0.165831 
1562.407963 0.164468 
1563.372413 0.162426 
1564.336862 0.160218 
1565.301311 0.157750 
1566.265761 0.156034 
1567.230210 0.154424 
1568.194659 0.152545 
1569.159109 0.150460 
1570.123558 0.149007 
1571.088007 0.148561 
1572.052457 0.148049 
1573.016906 0.147296 
1573.981356 0.146430 
1574.945805 0.145362 
1575.910254 0.144478 
1576.874704 0.144442 
1577.839153 0.144737 
1578.803602 0.144930 
1579.768052 0.144839 
1580.732501 0.144690 
1581.696950 0.144407 
1582.661400 0.143969 
1583.625849 0.143446 
1584.590298 0.142827 
1585.554748 0.142074 
1586.519197 0.141132 
1587.483647 0.140128 
1588.448096 0.139062 
1589.412545 0.137732 
1590.376995 0.136211 
1591.341444 0.134761 
1592.305893 0.133352 
1593.270343 0.131921 
1594.234792 0.130285 
1595.199241 0.128626 
1596.163691 0.127158 
1597.128140 0.125852 
1598.092590 0.124416 
1599.057039 0.122829 
1600.021488 0.121343 
1600.985938 0.120035 
1601.950387 0.118685 
1602.914836 0.117340 
1603.879286 0.116136 
1604.843735 0.115160 
1605.808184 0.114162 
1606.772634 0.113129 
1607.737083 0.112341 
1608.701532 0.111688 
1609.665982 0.111054 
1610.630431 0.110584 
1611.594881 0.110185 
1612.559330 0.109794 
1613.523779 0.109421 
1614.488229 0.108836 
1615.452678 0.107920 
1616.417127 0.107054 
1617.381577 0.107202 
1618.346026 0.107554 
1619.310475 0.107694 
1620.274925 0.107455 
1621.239374 0.107156 
1622.203824 0.106443 
1623.168273 0.105767 
1624.132722 0.105925 
1625.097172 0.106166 
1626.061621 0.106130 
1627.026070 0.105755 
1627.990520 0.105535 
1628.954969 0.105643 
1629.919418 0.105803 
1630.883868 0.105786 
1631.848317 0.105597 
1632.812766 0.105312 
1633.777216 0.104733 
1634.741665 0.103817 
1635.706115 0.103052 
1636.670564 0.103266 
1637.635013 0.103903 
1638.599463 0.104472 
1639.563912 0.104596 
1640.528361 0.104480 
1641.492811 0.104351 
1642.457260 0.104296 
1643.421709 0.104204 
1644.386159 0.103696 
1645.350608 0.102839 
1646.315058 0.101903 
1647.279507 0.101534 
1648.243956 0.102338 
1649.208406 0.103101 
1650.172855 0.103274 
1651.137304 0.102676 
1652.101754 0.101395 
1653.066203 0.097030 
1654.030652 0.099138 
1654.995102 0.101782 
1655.959551 0.102430 
1656.924000 0.102569 
1657.888450 0.102583 
1658.852899 0.102633 
1659.817349 0.102529 
1660.781798 0.102057 
1661.746247 0.101251 
1662.710697 0.100861 
1663.675146 0.101154 
1664.639595 0.101351 
1665.604045 0.101383 
1666.568494 0.101157 
1667.532943 0.100535 
1668.497393 0.099400 
1669.461842 0.099134 
1670.426292 0.099249 
1671.390741 0.099465 
1672.355190 0.099686 
1673.319640 0.099570 
1674.284089 0.098891 
1675.248538 0.098495 
1676.212988 0.099008 
1677.177437 0.099297 
1678.141886 0.099324 
1679.106336 0.098796 
1680.070785 0.098300 
1681.035234 0.098352 
1681.999684 0.098006 
1682.964133 0.096767 
1683.928583 0.093927 
1684.893032 0.095231 
1685.857481 0.097204 
1686.821931 0.097561 
1687.786380 0.097471 
1688.750829 0.097335 
1689.715279 0.097359 
1690.679728 0.097580 
1691.644177 0.097729 
1692.608627 0.097739 
1693.573076 0.097410 
1694.537526 0.096595 
1695.501975 0.096059 
1696.466424 0.096249 
1697.430874 0.096310 
1698.395323 0.096090 
1699.359772 0.094955 
1700.324222 0.093559 
1701.288671 0.095724 
1702.253120 0.096314 
1703.217570 0.096228 
1704.182019 0.096047 
1705.146468 0.095939 
1706.110918 0.096028 
1707.075367 0.096497 
1708.039817 0.096939 
1709.004266 0.097036 
1709.968715 0.096807 
1710.933165 0.096930 
1711.897614 0.097077 
1712.862063 0.096940 
1713.826513 0.096324 
1714.790962 0.095865 
1715.755411 0.095686 
1716.719861 0.095229 
1717.684310 0.094632 
1718.648760 0.095698 
1719.613209 0.096765 
1720.577658 0.097183 
1721.542108 0.097353 
1722.506557 0.097147 
1723.471006 0.097118 
1724.435456 0.097286 
1725.399905 0.097529 
1726.364354 0.097670 
1727.328804 0.097706 
1728.293253 0.097521 
1729.257702 0.097070 
1730.222152 0.096848 
1731.186601 0.096965 
1732.151051 0.096671 
1733.115500 0.095598 
1734.079949 0.094278 
1735.044399 0.096097 
1736.008848 0.097003 
1736.973297 0.097356 
1737.937747 0.097378 
1738.902196 0.097156 
1739.866645 0.097143 
1740.831095 0.097430 
1741.795544 0.097551 
1742.759994 0.097366 
1743.724443 0.097058 
1744.688892 0.097075 
1745.653342 0.097072 
1746.617791 0.096864 
1747.582240 0.096368 
1748.546690 0.096115 
1749.511139 0.096141 
1750.475588 0.095910 
1751.440038 0.095941 
1752.404487 0.096413 
1753.368936 0.096821 
1754.333386 0.096964 
1755.297835 0.096710 
1756.262285 0.096260 
1757.226734 0.096166 
1758.191183 0.096388 
1759.155633 0.096590 
1760.120082 0.096380 
1761.084531 0.095969 
1762.048981 0.095910 
1763.013430 0.096165 
1763.977879 0.096338 
1764.942329 0.096306 
1765.906778 0.096263 
1766.871228 0.096018 
1767.835677 0.095682 
1768.800126 0.095810 
1769.764576 0.095813 
1770.729025 0.095528 
1771.693474 0.094621 
1772.657924 0.094794 
1773.622373 0.095662 
1774.586822 0.095870 
1775.551272 0.095988 
1776.515721 0.096172 
1777.480170 0.096366 
1778.444620 0.096332 
1779.409069 0.096073 
1780.373519 0.095974 
1781.337968 0.096146 
1782.302417 0.096419 
1783.266867 0.096556 
1784.231316 0.096364 
1785.195765 0.096405 
1786.160215 0.096557 
1787.124664 0.096732 
1788.089113 0.096777 
1789.053563 0.096599 
1790.018012 0.096183 
1790.982462 0.095891 
1791.946911 0.095658 
1792.911360 0.096149 
1793.875810 0.096526 
1794.840259 0.096613 
1795.804708 0.096550 
1796.769158 0.096739 
1797.733607 0.096793 
1798.698056 0.096605 
1799.662506 0.096652 
1800.626955 0.096694 
1801.591404 0.096630 
1802.555854 0.096857 
1803.520303 0.097189 
1804.484753 0.097406 
1805.449202 0.097458 
1806.413651 0.097425 
1807.378101 0.097369 
1808.342550 0.097411 
1809.306999 0.097238 
1810.271449 0.097092 
1811.235898 0.097285 
1812.200347 0.097515 
1813.164797 0.097787 
1814.129246 0.097944 
1815.093696 0.098016 
1816.058145 0.097984 
1817.022594 0.097913 
1817.987044 0.097923 
1818.951493 0.098049 
1819.915942 0.098156 
1820.880392 0.098208 
1821.844841 0.098152 
1822.809290 0.098142 
1823.773740 0.097944 
1824.738189 0.097723 
1825.702638 0.097939 
1826.667088 0.098137 
1827.631537 0.098213 
1828.595987 0.097754 
1829.560436 0.097377 
1830.524885 0.097865 
1831.489335 0.098274 
1832.453784 0.098473 
1833.418233 0.098571 
1834.382683 0.098655 
1835.347132 0.098680 
1836.311581 0.098589 
1837.276031 0.098561 
1838.240480 0.098707 
1839.204930 0.098829 
1840.169379 0.098828 
1841.133828 0.098783 
1842.098278 0.098693 
1843.062727 0.098192 
1844.027176 0.098037 
1844.991626 0.098422 
1845.956075 0.098769 
1846.920524 0.098859 
1847.884974 0.098810 
1848.849423 0.099033 
1849.813872 0.099242 
1850.778322 0.099371 
1851.742771 0.099395 
1852.707221 0.099403 
1853.671670 0.099449 
1854.636119 0.099499 
1855.600569 0.099465 
1856.565018 0.099444 
1857.529467 0.099407 
1858.493917 0.099389 
1859.458366 0.099377 
1860.422815 0.099364 
1861.387265 0.099379 
1862.351714 0.099419 
1863.316164 0.099383 
1864.280613 0.099294 
1865.245062 0.099158 
1866.209512 0.098948 
1867.173961 0.098647 
1868.138410 0.098338 
1869.102860 0.098288 
1870.067309 0.098585 
1871.031758 0.098864 
1871.996208 0.099149 
1872.960657 0.099226 
1873.925106 0.099222 
1874.889556 0.099114 
1875.854005 0.099065 
1876.818455 0.098994 
1877.782904 0.099019 
1878.747353 0.099023 
1879.711803 0.099010 
1880.676252 0.098986 
1881.640701 0.099012 
1882.605151 0.098984 
1883.569600 0.098909 
1884.534049 0.098815 
1885.498499 0.098865 
1886.462948 0.098994 
1887.427398 0.099078 
1888.391847 0.098753 
1889.356296 0.098550 
1890.320746 0.098691 
1891.285195 0.098946 
1892.249644 0.099058 
1893.214094 0.098960 
1894.178543 0.098789 
1895.142992 0.098820 
1896.107442 0.098985 
1897.071891 0.099040 
1898.036340 0.099065 
1899.000790 0.099098 
1899.965239 0.099135 
1900.929689 0.099093 
1901.894138 0.099097 
1902.858587 0.099126 
1903.823037 0.099142 
1904.787486 0.099159 
1905.751935 0.099124 
1906.716385 0.099022 
1907.680834 0.099009 
1908.645283 0.098990 
1909.609733 0.098979 
1910.574182 0.099074 
1911.538632 0.099213 
1912.503081 0.099342 
1913.467530 0.099323 
1914.431980 0.099288 
1915.396429 0.099282 
1916.360878 0.099143 
1917.325328 0.098860 
1918.289777 0.098998 
1919.254226 0.099201 
1920.218676 0.099442 
1921.183125 0.099327 
1922.147574 0.099013 
1923.112024 0.099055 
1924.076473 0.099428 
1925.040923 0.099649 
1926.005372 0.099690 
1926.969821 0.099674 
1927.934271 0.099734 
1928.898720 0.099771 
1929.863169 0.099776 
1930.827619 0.099748 
1931.792068 0.099831 
1932.756517 0.099931 
1933.720967 0.099949 
1934.685416 0.099951 
1935.649866 0.100028 
1936.614315 0.100083 
1937.578764 0.100122 
1938.543214 0.100150 
1939.507663 0.100204 
1940.472112 0.100164 
1941.436562 0.099918 
1942.401011 0.099820 
1943.365460 0.100012 
1944.329910 0.100188 
1945.294359 0.100348 
1946.258808 0.100418 
1947.223258 0.100510 
1948.187707 0.100678 
1949.152157 0.101173 
1950.116606 0.101381 
1951.081055 0.101035 
1952.045505 0.100760 
1953.009954 0.100824 
1953.974403 0.100831 
1954.938853 0.100835 
1955.903302 0.100969 
1956.867751 0.101677 
1957.832201 0.104335 
1958.796650 0.107814 
1959.761100 0.105682 
1960.725549 0.102179 
1961.689998 0.101336 
1962.654448 0.101153 
1963.618897 0.101073 
1964.583346 0.101058 
1965.547796 0.101000 
1966.512245 0.100836 
1967.476694 0.100817 
1968.441144 0.100937 
1969.405593 0.101170 
1970.370042 0.101253 
1971.334492 0.101226 
1972.298941 0.101219 
1973.263391 0.101255 
1974.227840 0.101288 
1975.192289 0.101255 
1976.156739 0.101202 
1977.121188 0.101225 
1978.085637 0.101309 
1979.050087 0.101329 
1980.014536 0.101293 
1980.978985 0.101291 
1981.943435 0.101354 
1982.907884 0.101387 
1983.872334 0.101389 
1984.836783 0.101382 
1985.801232 0.101438 
1986.765682 0.101413 
1987.730131 0.101283 
1988.694580 0.101247 
1989.659030 0.101363 
1990.623479 0.101340 
1991.587928 0.101272 
1992.552378 0.101293 
1993.516827 0.101413 
1994.481276 0.101593 
1995.445726 0.101634 
1996.410175 0.101600 
1997.374625 0.101600 
1998.339074 0.101664 
1999.303523 0.101758 
2000.267973 0.101764 
2001.232422 0.101776 
2002.196871 0.101860 
2003.161321 0.101890 
2004.125770 0.101868 
2005.090219 0.101845 
2006.054669 0.101848 
2007.019118 0.101896 
2007.983568 0.101883 
2008.948017 0.101851 
2009.912466 0.101893 
2010.876916 0.101961 
2011.841365 0.101958 
2012.805814 0.101937 
2013.770264 0.101954 
2014.734713 0.101950 
2015.699162 0.101845 
2016.663612 0.101794 
2017.628061 0.101849 
2018.592510 0.101980 
2019.556960 0.102035 
2020.521409 0.101992 
2021.485859 0.101961 
2022.450308 0.101951 
2023.414757 0.102024 
2024.379207 0.102067 
2025.343656 0.102034 
2026.308105 0.102083 
2027.272555 0.102423 
2028.237004 0.103417 
2029.201453 0.103953 
2030.165903 0.103020 
2031.130352 0.102379 
2032.094802 0.102279 
2033.059251 0.102281 
2034.023700 0.102278 
2034.988150 0.102315 
2035.952599 0.102379 
2036.917048 0.102425 
2037.881498 0.102396 
2038.845947 0.102389 
2039.810396 0.102377 
2040.774846 0.102377 
2041.739295 0.102408 
2042.703744 0.102400 
2043.668194 0.102470 
2044.632643 0.102574 
2045.597093 0.102611 
2046.561542 0.102627 
2047.525991 0.102656 
2048.490441 0.102689 
2049.454890 0.102718 
2050.419339 0.102709 
2051.383789 0.102692 
2052.348238 0.102777 
2053.312687 0.102814 
2054.277137 0.102772 
2055.241586 0.102784 
2056.206036 0.102808 
2057.170485 0.102824 
2058.134934 0.102834 
2059.099384 0.102831 
2060.063833 0.102832 
2061.028282 0.102821 
2061.992732 0.102843 
2062.957181 0.102802 
2063.921630 0.102723 
2064.886080 0.102747 
2065.850529 0.102804 
2066.814978 0.102868 
2067.779428 0.102872 
2068.743877 0.102868 
2069.708327 0.102856 
2070.672776 0.102810 
2071.637225 0.102823 
2072.601675 0.102866 
2073.566124 0.102916 
2074.530573 0.102913 
2075.495023 0.102815 
2076.459472 0.102803 
2077.423921 0.102889 
2078.388371 0.102895 
2079.352820 0.102846 
2080.317270 0.102828 
2081.281719 0.102843 
2082.246168 0.102851 
2083.210618 0.102813 
2084.175067 0.102813 
2085.139516 0.102814 
2086.103966 0.102837 
2087.068415 0.102823 
2088.032864 0.102763 
2088.997314 0.102698 
2089.961763 0.102730 
2090.926212 0.102761 
2091.890662 0.102729 
2092.855111 0.102776 
2093.819561 0.102863 
2094.784010 0.102882 
2095.748459 0.102803 
2096.712909 0.102770 
2097.677358 0.102809 
2098.641807 0.102856 
2099.606257 0.102873 
2100.570706 0.102811 
2101.535155 0.102800 
2102.499605 0.102879 
2103.464054 0.102917 
2104.428504 0.102848 
2105.392953 0.102792 
2106.357402 0.102830 
2107.321852 0.102859 
2108.286301 0.102799 
2109.250750 0.102763 
2110.215200 0.102804 
2111.179649 0.102865 
2112.144098 0.102867 
2113.108548 0.102819 
2114.072997 0.102788 
2115.037446 0.102840 
2116.001896 0.102886 
2116.966345 0.102823 
2117.930795 0.102800 
2118.895244 0.102852 
2119.859693 0.102945 
2120.824143 0.102926 
2121.788592 0.102860 
2122.753041 0.102874 
2123.717491 0.102970 
2124.681940 0.102964 
2125.646389 0.102912 
2126.610839 0.102946 
2127.575288 0.103007 
2128.539738 0.102983 
2129.504187 0.102948 
2130.468636 0.103021 
2131.433086 0.103141 
2132.397535 0.103156 
2133.361984 0.103100 
2134.326434 0.103085 
2135.290883 0.103119 
2136.255332 0.103176 
2137.219782 0.103177 
2138.184231 0.103203 
2139.148680 0.103260 
2140.113130 0.103271 
2141.077579 0.103305 
2142.042029 0.103328 
2143.006478 0.103293 
2143.970927 0.103342 
2144.935377 0.103395 
2145.899826 0.103420 
2146.864275 0.103464 
2147.828725 0.103501 
2148.793174 0.103528 
2149.757623 0.103534 
2150.722073 0.103515 
2151.686522 0.103521 
2152.650972 0.103570 
2153.615421 0.103644 
2154.579870 0.103719 
2155.544320 0.103748 
2156.508769 0.103743 
2157.473218 0.103748 
2158.437668 0.103753 
2159.402117 0.103764 
2160.366566 0.103805 
2161.331016 0.103878 
2162.295465 0.103879 
2163.259914 0.103885 
2164.224364 0.103936 
2165.188813 0.103983 
2166.153263 0.103971 
2167.117712 0.103933 
2168.082161 0.104019 
2169.046611 0.104094 
2170.011060 0.104063 
2170.975509 0.104048 
2171.939959 0.104119 
2172.904408 0.104192 
2173.868857 0.104184 
2174.833307 0.104145 
2175.797756 0.104200 
2176.762206 0.104256 
2177.726655 0.104264 
2178.691104 0.104270 
2179.655554 0.104280 
2180.620003 0.104305 
2181.584452 0.104343 
2182.548902 0.104334 
2183.513351 0.104336 
2184.477800 0.104339 
2185.442250 0.104380 
2186.406699 0.104417 
2187.371148 0.104398 
2188.335598 0.104395 
2189.300047 0.104455 
2190.264497 0.104471 
2191.228946 0.104429 
2192.193395 0.104413 
2193.157845 0.104455 
2194.122294 0.104480 
2195.086743 0.104478 
2196.051193 0.104476 
2197.015642 0.104518 
2197.980091 0.104507 
2198.944541 0.104495 
2199.908990 0.104519 
2200.873440 0.104574 
2201.837889 0.104608 
2202.802338 0.104654 
2203.766788 0.104639 
2204.731237 0.104613 
2205.695686 0.104634 
2206.660136 0.104668 
2207.624585 0.104647 
2208.589034 0.104635 
2209.553484 0.104656 
2210.517933 0.104675 
2211.482382 0.104633 
2212.446832 0.104608 
2213.411281 0.104677 
2214.375731 0.104757 
2215.340180 0.104746 
2216.304629 0.104726 
2217.269079 0.104734 
2218.233528 0.104798 
2219.197977 0.104840 
2220.162427 0.104814 
2221.126876 0.104824 
2222.091325 0.104863 
2223.055775 0.104893 
2224.020224 0.104903 
2224.984674 0.104900 
2225.949123 0.104949 
2226.913572 0.105003 
2227.878022 0.105029 
2228.842471 0.105026 
2229.806920 0.105045 
2230.771370 0.105106 
2231.735819 0.105136 
2232.700268 0.105167 
2233.664718 0.105247 
2234.629167 0.105282 
2235.593616 0.105309 
2236.558066 0.105336 
2237.522515 0.105382 
2238.486965 0.105414 
2239.451414 0.105485 
2240.415863 0.105546 
2241.380313 0.105541 
2242.344762 0.105570 
2243.309211 0.105705 
2244.273661 0.105798 
2245.238110 0.105791 
2246.202559 0.105822 
2247.167009 0.105916 
2248.131458 0.106014 
2249.095908 0.106152 
2250.060357 0.106207 
2251.024806 0.106233 
2251.989256 0.106304 
2252.953705 0.106362 
2253.918154 0.106403 
2254.882604 0.106511 
2255.847053 0.106603 
2256.811502 0.106693 
2257.775952 0.106729 
2258.740401 0.106819 
2259.704850 0.106916 
2260.669300 0.106995 
2261.633749 0.107056 
2262.598199 0.107149 
2263.562648 0.107272 
2264.527097 0.107403 
2265.491547 0.107497 
2266.455996 0.107589 
2267.420445 0.107634 
2268.384895 0.107766 
2269.349344 0.107891 
2270.313793 0.108031 
2271.278243 0.108183 
2272.242692 0.108290 
2273.207142 0.108365 
2274.171591 0.108493 
2275.136040 0.108563 
2276.100490 0.108690 
2277.064939 0.108812 
2278.029388 0.108911 
2278.993838 0.108992 
2279.958287 0.109160 
2280.922736 0.109229 
2281.887186 0.109318 
2282.851635 0.109386 
2283.816084 0.109486 
2284.780534 0.109549 
2285.744983 0.109629 
2286.709433 0.109581 
2287.673882 0.109574 
2288.638331 0.109550 
2289.602781 0.109534 
2290.567230 0.109494 
2291.531679 0.109530 
2292.496129 0.109433 
2293.460578 0.109419 
2294.425027 0.109324 
2295.389477 0.109259 
2296.353926 0.109214 
2297.318376 0.109208 
2298.282825 0.109098 
2299.247274 0.109000 
2300.211724 0.108871 
2301.176173 0.108826 
2302.140622 0.108694 
2303.105072 0.108636 
2304.069521 0.108469 
2305.033970 0.108519 
2305.998420 0.108204 
2306.962869 0.108161 
2307.927318 0.107774 
2308.891768 0.107747 
2309.856217 0.107440 
2310.820667 0.107546 
2311.785116 0.107335 
2312.749565 0.107363 
2313.714015 0.107115 
2314.678464 0.107172 
2315.642913 0.107029 
2316.607363 0.106906 
2317.571812 0.106707 
2318.536261 0.106419 
2319.500711 0.106188 
2320.465160 0.105874 
2321.429610 0.105734 
2322.394059 0.105528 
2323.358508 0.105525 
2324.322958 0.105239 
2325.287407 0.105189 
2326.251856 0.104994 
2327.216306 0.104957 
2328.180755 0.104822 
2329.145204 0.104638 
2330.109654 0.104231 
2331.074103 0.104225 
2332.038552 0.104218 
2333.003002 0.104391 
2333.967451 0.104444 
2334.931901 0.104659 
2335.896350 0.104392 
2336.860799 0.104327 
2337.825249 0.104271 
2338.789698 0.104232 
2339.754147 0.104001 
2340.718597 0.103842 
2341.683046 0.103743 
2342.647495 0.103793 
2343.611945 0.103733 
2344.576394 0.103805 
2345.540844 0.103982 
2346.505293 0.104557 
2347.469742 0.105199 
2348.434192 0.105695 
2349.398641 0.105521 
2350.363090 0.105014 
2351.327540 0.104415 
2352.291989 0.103893 
2353.256438 0.103386 
2354.220888 0.103096 
2355.185337 0.102600 
2356.149786 0.102201 
2357.114236 0.101747 
2358.078685 0.101561 
2359.043135 0.101375 
2360.007584 0.101275 
2360.972033 0.101342 
2361.936483 0.101517 
2362.900932 0.101715 
2363.865381 0.102023 
2364.829831 0.102341 
2365.794280 0.102808 
2366.758729 0.103128 
2367.723179 0.103403 
2368.687628 0.103568 
2369.652078 0.103832 
2370.616527 0.104207 
2371.580976 0.104646 
2372.545426 0.104891 
2373.509875 0.105322 
2374.474324 0.105727 
2375.438774 0.106130 
2376.403223 0.106372 
2377.367672 0.106633 
2378.332122 0.106908 
2379.296571 0.107247 
2380.261020 0.107489 
2381.225470 0.107837 
2382.189919 0.108093 
2383.154369 0.108329 
2384.118818 0.108516 
2385.083267 0.108676 
2386.047717 0.108754 
2387.012166 0.108816 
2387.976615 0.108825 
2388.941065 0.108851 
2389.905514 0.108851 
2390.869963 0.108858 
2391.834413 0.108876 
2392.798862 0.108938 
2393.763312 0.108931 
2394.727761 0.108952 
2395.692210 0.109002 
2396.656660 0.109076 
2397.621109 0.109029 
2398.585558 0.109038 
2399.550008 0.109033 
2400.514457 0.109081 
2401.478906 0.109096 
2402.443356 0.109078 
2403.407805 0.109072 
2404.372254 0.109119 
2405.336704 0.109058 
2406.301153 0.109016 
2407.265603 0.109018 
2408.230052 0.109048 
2409.194501 0.109013 
2410.158951 0.109025 
2411.123400 0.109021 
2412.087849 0.109046 
2413.052299 0.109098 
2414.016748 0.109117 
2414.981197 0.109046 
2415.945647 0.109045 
2416.910096 0.109058 
2417.874546 0.109050 
2418.838995 0.109022 
2419.803444 0.108984 
2420.767894 0.108983 
2421.732343 0.109048 
2422.696792 0.108997 
2423.661242 0.108958 
2424.625691 0.108928 
2425.590140 0.108964 
2426.554590 0.108952 
2427.519039 0.108938 
2428.483488 0.108893 
2429.447938 0.108925 
2430.412387 0.108967 
2431.376837 0.108970 
2432.341286 0.108950 
2433.305735 0.108945 
2434.270185 0.109002 
2435.234634 0.109060 
2436.199083 0.108981 
2437.163533 0.108960 
2438.127982 0.108974 
2439.092431 0.108991 
2440.056881 0.108991 
2441.021330 0.109020 
2441.985780 0.108995 
2442.950229 0.108996 
2443.914678 0.108991 
2444.879128 0.108962 
2445.843577 0.108962 
2446.808026 0.109014 
2447.772476 0.109036 
2448.736925 0.109042 
2449.701374 0.109034 
2450.665824 0.109044 
2451.630273 0.109014 
2452.594722 0.109074 
2453.559172 0.109112 
2454.523621 0.109132 
2455.488071 0.109090 
2456.452520 0.109085 
2457.416969 0.109106 
2458.381419 0.109211 
2459.345868 0.109250 
2460.310317 0.109227 
2461.274767 0.109207 
2462.239216 0.109224 
2463.203665 0.109243 
2464.168115 0.109300 
2465.132564 0.109301 
2466.097014 0.109324 
2467.061463 0.109370 
2468.025912 0.109397 
2468.990362 0.109368 
2469.954811 0.109411 
2470.919260 0.109453 
2471.883710 0.109500 
2472.848159 0.109511 
2473.812608 0.109516 
2474.777058 0.109485 
2475.741507 0.109471 
2476.705956 0.109470 
2477.670406 0.109506 
2478.634855 0.109574 
2479.599305 0.109679 
2480.563754 0.109696 
2481.528203 0.109684 
2482.492653 0.109658 
2483.457102 0.109696 
2484.421551 0.109724 
2485.386001 0.109767 
2486.350450 0.109776 
2487.314899 0.109828 
2488.279349 0.109852 
2489.243798 0.109904 
2490.208248 0.109930 
2491.172697 0.109963 
2492.137146 0.109965 
2493.101596 0.109953 
2494.066045 0.109955 
2495.030494 0.109994 
2495.994944 0.110005 
2496.959393 0.110060 
2497.923842 0.110097 
2498.888292 0.110118 
2499.852741 0.110141 
2500.817190 0.110176 
2501.781640 0.110169 
2502.746089 0.110178 
2503.710539 0.110157 
2504.674988 0.110205 
2505.639437 0.110245 
2506.603887 0.110260 
2507.568336 0.110285 
2508.532785 0.110312 
2509.497235 0.110340 
2510.461684 0.110347 
2511.426133 0.110332 
2512.390583 0.110325 
2513.355032 0.110314 
2514.319482 0.110341 
2515.283931 0.110365 
2516.248380 0.110404 
2517.212830 0.110421 
2518.177279 0.110421 
2519.141728 0.110437 
2520.106178 0.110460 
2521.070627 0.110464 
2522.035076 0.110494 
2522.999526 0.110472 
2523.963975 0.110462 
2524.928424 0.110495 
2525.892874 0.110548 
2526.857323 0.110523 
2527.821773 0.110507 
2528.786222 0.110516 
2529.750671 0.110512 
2530.715121 0.110479 
2531.679570 0.110532 
2532.644019 0.110553 
2533.608469 0.110552 
2534.572918 0.110576 
2535.537367 0.110585 
2536.501817 0.110580 
2537.466266 0.110610 
2538.430716 0.110682 
2539.395165 0.110699 
2540.359614 0.110600 
2541.324064 0.110596 
2542.288513 0.110618 
2543.252962 0.110622 
2544.217412 0.110613 
2545.181861 0.110634 
2546.146310 0.110672 
2547.110760 0.110705 
2548.075209 0.110728 
2549.039658 0.110701 
2550.004108 0.110643 
2550.968557 0.110667 
2551.933007 0.110673 
2552.897456 0.110713 
2553.861905 0.110742 
2554.826355 0.110721 
2555.790804 0.110674 
2556.755253 0.110722 
2557.719703 0.110737 
2558.684152 0.110725 
2559.648601 0.110747 
2560.613051 0.110814 
2561.577500 0.110855 
2562.541950 0.110872 
2563.506399 0.110864 
2564.470848 0.110908 
2565.435298 0.110960 
2566.399747 0.111013 
2567.364196 0.111037 
2568.328646 0.111020 
2569.293095 0.110998 
2570.257544 0.111032 
2571.221994 0.111103 
2572.186443 0.111122 
2573.150892 0.111124 
2574.115342 0.111175 
2575.079791 0.111189 
2576.044241 0.111182 
2577.008690 0.111171 
2577.973139 0.111241 
2578.937589 0.111321 
2579.902038 0.111333 
2580.866487 0.111330 
2581.830937 0.111378 
2582.795386 0.111394 
2583.759835 0.111374 
2584.724285 0.111393 
2585.688734 0.111490 
2586.653184 0.111542 
2587.617633 0.111608 
2588.582082 0.111630 
2589.546532 0.111627 
2590.510981 0.111630 
2591.475430 0.111604 
2592.439880 0.111618 
2593.404329 0.111642 
2594.368778 0.111638 
2595.333228 0.111759 
2596.297677 0.111761 
2597.262126 0.111789 
2598.226576 0.111858 
2599.191025 0.111870 
2600.155475 0.111874 
2601.119924 0.111917 
2602.084373 0.111952 
2603.048823 0.112066 
2604.013272 0.112060 
2604.977721 0.112029 
2605.942171 0.112038 
2606.906620 0.112093 
2607.871069 0.112147 
2608.835519 0.112209 
2609.799968 0.112214 
2610.764418 0.112214 
2611.728867 0.112232 
2612.693316 0.112233 
2613.657766 0.112214 
2614.622215 0.112272 
2615.586664 0.112377 
2616.551114 0.112441 
2617.515563 0.112406 
2618.480012 0.112428 
2619.444462 0.112449 
2620.408911 0.112445 
2621.373360 0.112407 
2622.337810 0.112403 
2623.302259 0.112420 
2624.266709 0.112442 
2625.231158 0.112431 
2626.195607 0.112461 
2627.160057 0.112452 
2628.124506 0.112488 
2629.088955 0.112561 
2630.053405 0.112583 
2631.017854 0.112593 
2631.982303 0.112612 
2632.946753 0.112649 
2633.911202 0.112644 
2634.875652 0.112564 
2635.840101 0.112568 
2636.804550 0.112639 
2637.769000 0.112643 
2638.733449 0.112593 
2639.697898 0.112619 
2640.662348 0.112594 
2641.626797 0.112555 
2642.591246 0.112566 
2643.555696 0.112577 
2644.520145 0.112589 
2645.484594 0.112658 
2646.449044 0.112666 
2647.413493 0.112630 
2648.377943 0.112583 
2649.342392 0.112592 
2650.306841 0.112625 
2651.271291 0.112680 
2652.235740 0.112683 
2653.200189 0.112642 
2654.164639 0.112647 
2655.129088 0.112688 
2656.093537 0.112702 
2657.057987 0.112695 
2658.022436 0.112664 
2658.986886 0.112644 
2659.951335 0.112681 
2660.915784 0.112743 
2661.880234 0.112741 
2662.844683 0.112729 
2663.809132 0.112710 
2664.773582 0.112694 
2665.738031 0.112664 
2666.702480 0.112654 
2667.666930 0.112641 
2668.631379 0.112723 
2669.595828 0.112799 
2670.560278 0.112821 
2671.524727 0.112847 
2672.489177 0.112900 
2673.453626 0.112843 
2674.418075 0.112813 
2675.382525 0.112901 
2676.346974 0.112954 
2677.311423 0.112953 
2678.275873 0.112957 
2679.240322 0.112941 
2680.204771 0.112954 
2681.169221 0.112967 
2682.133670 0.113039 
2683.098120 0.113075 
2684.062569 0.113090 
2685.027018 0.113106 
2685.991468 0.113168 
2686.955917 0.113220 
2687.920366 0.113278 
2688.884816 0.113273 
2689.849265 0.113306 
2690.813714 0.113350 
2691.778164 0.113388 
2692.742613 0.113390 
2693.707062 0.113427 
2694.671512 0.113478 
2695.635961 0.113507 
2696.600411 0.113505 
2697.564860 0.113493 
2698.529309 0.113537 
2699.493759 0.113566 
2700.458208 0.113535 
2701.422657 0.113606 
2702.387107 0.113710 
2703.351556 0.113767 
2704.316005 0.113811 
2705.280455 0.113816 
2706.244904 0.113820 
2707.209354 0.113872 
2708.173803 0.113902 
2709.138252 0.113990 
2710.102702 0.114022 
2711.067151 0.114067 
2712.031600 0.114108 
2712.996050 0.114157 
2713.960499 0.114134 
2714.924948 0.114149 
2715.889398 0.114213 
2716.853847 0.114294 
2717.818296 0.114305 
2718.782746 0.114379 
2719.747195 0.114393 
2720.711645 0.114411 
2721.676094 0.114449 
2722.640543 0.114448 
2723.604993 0.114508 
2724.569442 0.114582 
2725.533891 0.114587 
2726.498341 0.114568 
2727.462790 0.114537 
2728.427239 0.114579 
2729.391689 0.114626 
2730.356138 0.114647 
2731.320588 0.114659 
2732.285037 0.114701 
2733.249486 0.114740 
2734.213936 0.114792 
2735.178385 0.114865 
2736.142834 0.114877 
2737.107284 0.114830 
2738.071733 0.114837 
2739.036182 0.114847 
2740.000632 0.114850 
2740.965081 0.114884 
2741.929530 0.114891 
2742.893980 0.114903 
2743.858429 0.114966 
2744.822879 0.115012 
2745.787328 0.115050 
2746.751777 0.115049 
2747.716227 0.115018 
2748.680676 0.115056 
2749.645125 0.115107 
2750.609575 0.115058 
2751.574024 0.115092 
2752.538473 0.115097 
2753.502923 0.115078 
2754.467372 0.115065 
2755.431822 0.115073 
2756.396271 0.115108 
2757.360720 0.115158 
2758.325170 0.115158 
2759.289619 0.115147 
2760.254068 0.115140 
2761.218518 0.115207 
2762.182967 0.115217 
2763.147416 0.115229 
2764.111866 0.115258 
2765.076315 0.115330 
2766.040764 0.115351 
2767.005214 0.115357 
2767.969663 0.115329 
2768.934113 0.115287 
2769.898562 0.115271 
2770.863011 0.115308 
2771.827461 0.115355 
2772.791910 0.115406 
2773.756359 0.115363 
2774.720809 0.115329 
2775.685258 0.115294 
2776.649707 0.115333 
2777.614157 0.115383 
2778.578606 0.115457 
2779.543056 0.115463 
2780.507505 0.115508 
2781.471954 0.115522 
2782.436404 0.115544 
2783.400853 0.115546 
2784.365302 0.115557 
2785.329752 0.115608 
2786.294201 0.115668 
2787.258650 0.115711 
2788.223100 0.115754 
2789.187549 0.115695 
2790.151998 0.115714 
2791.116448 0.115785 
2792.080897 0.115861 
2793.045347 0.115885 
2794.009796 0.115924 
2794.974245 0.115923 
2795.938695 0.115887 
2796.903144 0.115947 
2797.867593 0.116034 
2798.832043 0.116021 
2799.796492 0.116027 
2800.760941 0.116051 
2801.725391 0.116114 
2802.689840 0.116136 
2803.654290 0.116140 
2804.618739 0.116166 
2805.583188 0.116230 
2806.547638 0.116284 
2807.512087 0.116329 
2808.476536 0.116413 
2809.440986 0.116446 
2810.405435 0.116437 
2811.369884 0.116471 
2812.334334 0.116536 
2813.298783 0.116593 
2814.263232 0.116649 
2815.227682 0.116763 
2816.192131 0.116799 
2817.156581 0.116858 
2818.121030 0.116886 
2819.085479 0.116937 
2820.049929 0.117019 
2821.014378 0.117061 
2821.978827 0.117095 
2822.943277 0.117191 
2823.907726 0.117213 
2824.872175 0.117256 
2825.836625 0.117340 
2826.801074 0.117397 
2827.765524 0.117448 
2828.729973 0.117527 
2829.694422 0.117567 
2830.658872 0.117633 
2831.623321 0.117712 
2832.587770 0.117752 
2833.552220 0.117795 
2834.516669 0.117878 
2835.481118 0.118032 
2836.445568 0.118201 
2837.410017 0.118296 
2838.374466 0.118355 
2839.338916 0.118431 
2840.303365 0.118584 
2841.267815 0.118692 
2842.232264 0.118870 
2843.196713 0.119104 
2844.161163 0.119370 
2845.125612 0.119629 
2846.090061 0.119983 
2847.054511 0.120399 
2848.018960 0.120741 
2848.983409 0.120966 
2849.947859 0.121143 
2850.912308 0.121163 
2851.876758 0.121111 
2852.841207 0.121039 
2853.805656 0.120946 
2854.770106 0.120830 
2855.734555 0.120775 
2856.699004 0.120651 
2857.663454 0.120505 
2858.627903 0.120418 
2859.592352 0.120329 
2860.556802 0.120163 
2861.521251 0.120101 
2862.485700 0.120061 
2863.450150 0.120042 
2864.414599 0.119983 
2865.379049 0.119955 
2866.343498 0.119950 
2867.307947 0.119928 
2868.272397 0.119929 
2869.236846 0.119951 
2870.201295 0.119939 
2871.165745 0.119950 
2872.130194 0.120019 
2873.094643 0.120051 
2874.059093 0.120020 
2875.023542 0.120023 
2875.987992 0.119954 
2876.952441 0.119946 
2877.916890 0.119964 
2878.881340 0.119953 
2879.845789 0.119955 
2880.810238 0.120005 
2881.774688 0.120035 
2882.739137 0.120038 
2883.703586 0.120102 
2884.668036 0.120165 
2885.632485 0.120194 
2886.596934 0.120255 
2887.561384 0.120333 
2888.525833 0.120399 
2889.490283 0.120470 
2890.454732 0.120546 
2891.419181 0.120605 
2892.383631 0.120676 
2893.348080 0.120704 
2894.312529 0.120767 
2895.276979 0.120846 
2896.241428 0.120882 
2897.205877 0.120921 
2898.170327 0.121043 
2899.134776 0.121143 
2900.099226 0.121173 
2901.063675 0.121179 
2902.028124 0.121315 
2902.992574 0.121426 
2903.957023 0.121446 
2904.921472 0.121462 
2905.885922 0.121623 
2906.850371 0.121742 
2907.814820 0.121871 
2908.779270 0.122021 
2909.743719 0.122186 
2910.708168 0.122321 
2911.672618 0.122611 
2912.637067 0.122952 
2913.601517 0.123281 
2914.565966 0.123560 
2915.530415 0.123865 
2916.494865 0.124032 
2917.459314 0.124174 
2918.423763 0.124255 
2919.388213 0.124258 
2920.352662 0.124231 
2921.317111 0.124167 
2922.281561 0.124078 
2923.246010 0.124067 
2924.210460 0.124019 
2925.174909 0.123880 
2926.139358 0.123745 
2927.103808 0.123710 
2928.068257 0.123649 
2929.032706 0.123523 
2929.997156 0.123317 
2930.961605 0.123162 
2931.926054 0.123018 
2932.890504 0.122937 
2933.854953 0.122865 
2934.819402 0.122724 
2935.783852 0.122553 
2936.748301 0.122411 
2937.712751 0.122252 
2938.677200 0.122201 
2939.641649 0.122207 
2940.606099 0.122220 
2941.570548 0.122143 
2942.534997 0.122110 
2943.499447 0.122072 
2944.463896 0.121945 
2945.428345 0.121817 
2946.392795 0.121734 
2947.357244 0.121690 
2948.321694 0.121690 
2949.286143 0.121694 
2950.250592 0.121817 
2951.215042 0.121884 
2952.179491 0.121833 
2953.143940 0.121816 
2954.108390 0.121901 
2955.072839 0.121980 
2956.037288 0.122048 
2957.001738 0.122074 
2957.966187 0.122123 
2958.930636 0.122152 
2959.895086 0.122163 
2960.859535 0.122190 
2961.823985 0.122248 
2962.788434 0.122190 
2963.752883 0.122128 
2964.717333 0.122075 
2965.681782 0.122063 
2966.646231 0.122034 
2967.610681 0.121977 
2968.575130 0.121879 
2969.539579 0.121764 
2970.504029 0.121669 
2971.468478 0.121601 
2972.432928 0.121559 
2973.397377 0.121488 
2974.361826 0.121335 
2975.326276 0.121257 
2976.290725 0.121190 
2977.255174 0.121218 
2978.219624 0.121223 
2979.184073 0.121209 
2980.148522 0.121222 
2981.112972 0.121182 
2982.077421 0.121050 
2983.041870 0.121037 
2984.006320 0.121027 
2984.970769 0.121059 
2985.935219 0.121104 
2986.899668 0.121123 
2987.864117 0.121095 
2988.828567 0.121043 
2989.793016 0.121083 
2990.757465 0.121177 
2991.721915 0.121194 
2992.686364 0.121170 
2993.650813 0.121192 
2994.615263 0.121219 
2995.579712 0.121211 
2996.544162 0.121321 
2997.508611 0.121312 
2998.473060 0.121238 
2999.437510 0.121257 
3000.401959 0.121313 
3001.366408 0.121339 
3002.330858 0.121409 
3003.295307 0.121407 
3004.259756 0.121393 
3005.224206 0.121468 
3006.188655 0.121500 
3007.153104 0.121540 
3008.117554 0.121620 
3009.082003 0.121651 
3010.046453 0.121750 
3011.010902 0.121703 
3011.975351 0.121676 
3012.939801 0.121713 
3013.904250 0.121779 
3014.868699 0.121912 
3015.833149 0.121977 
3016.797598 0.121939 
3017.762047 0.121965 
3018.726497 0.122008 
3019.690946 0.122050 
3020.655396 0.122044 
3021.619845 0.122090 
3022.584294 0.122221 
3023.548744 0.122292 
3024.513193 0.122239 
3025.477642 0.122222 
3026.442092 0.122245 
3027.406541 0.122314 
3028.370990 0.122395 
3029.335440 0.122461 
3030.299889 0.122367 
3031.264338 0.122384 
3032.228788 0.122495 
3033.193237 0.122509 
3034.157687 0.122589 
3035.122136 0.122581 
3036.086585 0.122583 
3037.051035 0.122721 
3038.015484 0.122816 
3038.979933 0.122904 
3039.944383 0.122968 
3040.908832 0.122985 
3041.873281 0.123017 
3042.837731 0.123063 
3043.802180 0.123176 
3044.766630 0.123225 
3045.731079 0.123129 
3046.695528 0.123103 
3047.659978 0.123143 
3048.624427 0.123302 
3049.588876 0.123386 
3050.553326 0.123447 
3051.517775 0.123482 
3052.482224 0.123527 
3053.446674 0.123595 
3054.411123 0.123550 
3055.375572 0.123512 
3056.340022 0.123645 
3057.304471 0.123686 
3058.268921 0.123774 
3059.233370 0.123906 
3060.197819 0.123996 
3061.162269 0.124058 
3062.126718 0.124193 
3063.091167 0.124198 
3064.055617 0.124277 
3065.020066 0.124396 
3065.984515 0.124434 
3066.948965 0.124502 
3067.913414 0.124509 
3068.877864 0.124561 
3069.842313 0.124682 
3070.806762 0.124728 
3071.771212 0.124713 
3072.735661 0.124788 
3073.700110 0.124926 
3074.664560 0.125096 
3075.629009 0.125294 
3076.593458 0.125344 
3077.557908 0.125372 
3078.522357 0.125439 
3079.486806 0.125594 
3080.451256 0.125645 
3081.415705 0.125660 
3082.380155 0.125819 
3083.344604 0.126054 
3084.309053 0.126104 
3085.273503 0.126045 
3086.237952 0.126076 
3087.202401 0.126080 
3088.166851 0.126074 
3089.131300 0.126253 
3090.095749 0.126336 
3091.060199 0.126317 
3092.024648 0.126277 
3092.989098 0.126285 
3093.953547 0.126277 
3094.917996 0.126289 
3095.882446 0.126383 
3096.846895 0.126484 
3097.811344 0.126617 
3098.775794 0.126730 
3099.740243 0.126710 
3100.704692 0.126753 
3101.669142 0.126814 
3102.633591 0.126867 
3103.598040 0.126899 
3104.562490 0.127004 
3105.526939 0.127067 
3106.491389 0.127129 
3107.455838 0.127307 
3108.420287 0.127375 
3109.384737 0.127369 
3110.349186 0.127406 
3111.313635 0.127440 
3112.278085 0.127557 
3113.242534 0.127677 
3114.206983 0.127753 
3115.171433 0.127778 
3116.135882 0.127894 
3117.100332 0.127906 
3118.064781 0.127969 
3119.029230 0.128043 
3119.993680 0.128042 
3120.958129 0.128020 
3121.922578 0.128086 
3122.887028 0.128094 
3123.851477 0.128142 
3124.815926 0.128314 
3125.780376 0.128408 
3126.744825 0.128427 
3127.709274 0.128477 
3128.673724 0.128651 
3129.638173 0.128687 
3130.602623 0.128606 
3131.567072 0.128618 
3132.531521 0.128655 
3133.495971 0.128732 
3134.460420 0.128800 
3135.424869 0.128929 
3136.389319 0.129062 
3137.353768 0.129203 
3138.318217 0.129233 
3139.282667 0.129263 
3140.247116 0.129194 
3141.211566 0.129223 
3142.176015 0.129374 
3143.140464 0.129502 
3144.104914 0.129568 
3145.069363 0.129598 
3146.033812 0.129563 
3146.998262 0.129593 
3147.962711 0.129694 
3148.927160 0.129855 
3149.891610 0.130023 
3150.856059 0.130115 
3151.820508 0.130105 
3152.784958 0.130104 
3153.749407 0.130115 
3154.713857 0.130193 
3155.678306 0.130249 
3156.642755 0.130338 
3157.607205 0.130372 
3158.571654 0.130384 
3159.536103 0.130482 
3160.500553 0.130638 
3161.465002 0.130719 
3162.429451 0.130779 
3163.393901 0.130810 
3164.358350 0.130859 
3165.322800 0.130892 
3166.287249 0.130936 
3167.251698 0.131032 
3168.216148 0.131132 
3169.180597 0.131185 
3170.145046 0.131250 
3171.109496 0.131332 
3172.073945 0.131387 
3173.038394 0.131407 
3174.002844 0.131471 
3174.967293 0.131624 
3175.931742 0.131713 
3176.896192 0.131680 
3177.860641 0.131836 
3178.825091 0.131907 
3179.789540 0.131894 
3180.753989 0.131979 
3181.718439 0.132157 
3182.682888 0.132295 
3183.647337 0.132261 
3184.611787 0.132323 
3185.576236 0.132490 
3186.540685 0.132583 
3187.505135 0.132640 
3188.469584 0.132537 
3189.434034 0.132570 
3190.398483 0.132714 
3191.362932 0.132807 
3192.327382 0.132841 
3193.291831 0.132918 
3194.256280 0.133002 
3195.220730 0.133084 
3196.185179 0.133084 
3197.149628 0.133173 
3198.114078 0.133269 
3199.078527 0.133346 
3200.042976 0.133436 
3201.007426 0.133507 
3201.971875 0.133546 
3202.936325 0.133635 
3203.900774 0.133714 
3204.865223 0.133805 
3205.829673 0.133867 
3206.794122 0.133909 
3207.758571 0.133913 
3208.723021 0.133928 
3209.687470 0.134063 
3210.651919 0.134194 
3211.616369 0.134271 
3212.580818 0.134264 
3213.545268 0.134241 
3214.509717 0.134280 
3215.474166 0.134344 
3216.438616 0.134506 
3217.403065 0.134540 
3218.367514 0.134506 
3219.331964 0.134497 
3220.296413 0.134598 
3221.260862 0.134657 
3222.225312 0.134764 
3223.189761 0.134839 
3224.154210 0.134886 
3225.118660 0.134911 
3226.083109 0.134943 
3227.047559 0.134973 
3228.012008 0.135050 
3228.976457 0.135129 
3229.940907 0.135236 
3230.905356 0.135266 
3231.869805 0.135423 
3232.834255 0.135450 
3233.798704 0.135330 
3234.763153 0.135339 
3235.727603 0.135501 
3236.692052 0.135595 
3237.656502 0.135587 
3238.620951 0.135630 
3239.585400 0.135739 
3240.549850 0.135785 
3241.514299 0.135791 
3242.478748 0.135857 
3243.443198 0.135905 
3244.407647 0.136019 
3245.372096 0.136128 
3246.336546 0.136151 
3247.300995 0.136141 
3248.265444 0.136092 
3249.229894 0.136172 
3250.194343 0.136245 
3251.158793 0.136320 
3252.123242 0.136336 
3253.087691 0.136355 
3254.052141 0.136443 
3255.016590 0.136515 
3255.981039 0.136574 
3256.945489 0.136649 
3257.909938 0.136658 
3258.874387 0.136739 
3259.838837 0.136781 
3260.803286 0.136840 
3261.767736 0.136862 
3262.732185 0.136877 
3263.696634 0.136898 
3264.661084 0.136985 
3265.625533 0.137043 
3266.589982 0.137161 
3267.554432 0.137273 
3268.518881 0.137395 
3269.483330 0.137393 
3270.447780 0.137318 
3271.412229 0.137290 
3272.376678 0.137281 
3273.341128 0.137420 
3274.305577 0.137459 
3275.270027 0.137387 
3276.234476 0.137517 
3277.198925 0.137574 
3278.163375 0.137599 
3279.127824 0.137662 
3280.092273 0.137835 
3281.056723 0.137909 
3282.021172 0.137944 
3282.985621 0.137976 
3283.950071 0.138081 
3284.914520 0.138144 
3285.878970 0.138207 
3286.843419 0.138208 
3287.807868 0.138238 
3288.772318 0.138322 
3289.736767 0.138372 
3290.701216 0.138375 
3291.665666 0.138420 
3292.630115 0.138505 
3293.594564 0.138587 
3294.559014 0.138559 
3295.523463 0.138636 
3296.487912 0.138683 
3297.452362 0.138736 
3298.416811 0.138795 
3299.381261 0.138874 
3300.345710 0.138971 
3301.310159 0.139089 
3302.274609 0.139197 
3303.239058 0.139316 
3304.203507 0.139339 
3305.167957 0.139326 
3306.132406 0.139386 
3307.096855 0.139479 
3308.061305 0.139535 
3309.025754 0.139455 
3309.990204 0.139396 
3310.954653 0.139636 
3311.919102 0.139708 
3312.883552 0.139752 
3313.848001 0.139771 
3314.812450 0.139860 
3315.776900 0.139964 
3316.741349 0.140048 
3317.705798 0.140093 
3318.670248 0.140206 
3319.634697 0.140291 
3320.599146 0.140369 
3321.563596 0.140426 
3322.528045 0.140500 
3323.492495 0.140569 
3324.456944 0.140669 
3325.421393 0.140696 
3326.385843 0.140736 
3327.350292 0.140814 
3328.314741 0.140898 
3329.279191 0.140905 
3330.243640 0.141032 
3331.208089 0.141099 
3332.172539 0.141152 
3333.136988 0.141234 
3334.101438 0.141341 
3335.065887 0.141337 
3336.030336 0.141395 
3336.994786 0.141559 
3337.959235 0.141563 
3338.923684 0.141520 
3339.888134 0.141627 
3340.852583 0.141814 
3341.817032 0.141944 
3342.781482 0.141990 
3343.745931 0.141986 
3344.710380 0.142050 
3345.674830 0.142138 
3346.639279 0.142183 
3347.603729 0.142341 
3348.568178 0.142434 
3349.532627 0.142434 
3350.497077 0.142362 
3351.461526 0.142340 
3352.425975 0.142368 
3353.390425 0.142467 
3354.354874 0.142492 
3355.319323 0.142594 
3356.283773 0.142759 
3357.248222 0.142847 
3358.212672 0.142865 
3359.177121 0.142908 
3360.141570 0.142894 
3361.106020 0.142959 
3362.070469 0.143017 
3363.034918 0.143050 
3363.999368 0.143173 
3364.963817 0.143272 
3365.928266 0.143297 
3366.892716 0.143323 
3367.857165 0.143426 
3368.821614 0.143421 
3369.786064 0.143367 
3370.750513 0.143424 
3371.714963 0.143483 
3372.679412 0.143554 
3373.643861 0.143659 
3374.608311 0.143797 
3375.572760 0.143875 
3376.537209 0.143834 
3377.501659 0.143846 
3378.466108 0.143938 
3379.430557 0.143989 
3380.395007 0.144014 
3381.359456 0.144001 
3382.323906 0.144043 
3383.288355 0.144091 
3384.252804 0.144162 
3385.217254 0.144172 
3386.181703 0.144254 
3387.146152 0.144367 
3388.110602 0.144438 
3389.075051 0.144468 
3390.039500 0.144549 
3391.003950 0.144483 
3391.968399 0.144330 
3392.932848 0.144346 
3393.897298 0.144421 
3394.861747 0.144502 
3395.826197 0.144494 
3396.790646 0.144708 
3397.755095 0.144745 
3398.719545 0.144713 
3399.683994 0.144754 
3400.648443 0.144717 
3401.612893 0.144726 
3402.577342 0.144733 
3403.541791 0.144840 
3404.506241 0.144827 
3405.470690 0.144813 
3406.435140 0.144921 
3407.399589 0.145017 
3408.364038 0.144927 
3409.328488 0.144800 
3410.292937 0.144869 
3411.257386 0.145004 
3412.221836 0.144980 
3413.186285 0.144917 
3414.150734 0.144854 
3415.115184 0.144834 
3416.079633 0.144954 
3417.044082 0.145044 
3418.008532 0.145038 
3418.972981 0.144919 
3419.937431 0.144873 
3420.901880 0.144789 
3421.866329 0.144821 
3422.830779 0.144931 
3423.795228 0.144981 
3424.759677 0.145084 
3425.724127 0.145047 
3426.688576 0.145038 
3427.653025 0.145038 
3428.617475 0.145100 
3429.581924 0.145115 
3430.546374 0.145066 
3431.510823 0.144994 
3432.475272 0.145035 
3433.439722 0.145150 
3434.404171 0.145118 
3435.368620 0.145081 
3436.333070 0.145099 
3437.297519 0.145041 
3438.261968 0.144985 
3439.226418 0.144987 
3440.190867 0.144999 
3441.155316 0.144901 
3442.119766 0.144989 
3443.084215 0.144979 
3444.048665 0.144911 
3445.013114 0.144859 
3445.977563 0.144552 
3446.942013 0.144739 
3447.906462 0.144568 
3448.870911 0.144483 
3449.835361 0.144725 
3450.799810 0.144795 
3451.764259 0.144724 
3452.728709 0.144598 
3453.693158 0.144528 
3454.657608 0.144502 
3455.622057 0.144455 
3456.586506 0.144345 
3457.550956 0.144409 
3458.515405 0.144475 
3459.479854 0.144338 
3460.444304 0.144155 
3461.408753 0.144059 
3462.373202 0.144159 
3463.337652 0.144211 
3464.302101 0.144189 
3465.266550 0.144156 
3466.231000 0.144022 
3467.195449 0.143911 
3468.159899 0.143868 
3469.124348 0.143880 
3470.088797 0.143768 
3471.053247 0.143713 
3472.017696 0.143660 
3472.982145 0.143640 
3473.946595 0.143574 
3474.911044 0.143535 
3475.875493 0.143358 
3476.839943 0.143374 
3477.804392 0.143401 
3478.768842 0.143232 
3479.733291 0.142981 
3480.697740 0.142780 
3481.662190 0.142772 
3482.626639 0.142925 
3483.591088 0.142798 
3484.555538 0.142844 
3485.519987 0.142820 
3486.484436 0.142647 
3487.448886 0.142433 
3488.413335 0.142458 
3489.377784 0.142227 
3490.342234 0.142277 
3491.306683 0.142214 
3492.271133 0.142081 
3493.235582 0.142020 
3494.200031 0.141877 
3495.164481 0.141646 
3496.128930 0.141637 
3497.093379 0.141570 
3498.057829 0.141491 
3499.022278 0.141446 
3499.986727 0.141356 
3500.951177 0.141169 
3501.915626 0.140813 
3502.880076 0.140582 
3503.844525 0.140583 
3504.808974 0.140704 
3505.773424 0.140807 
3506.737873 0.140828 
3507.702322 0.140502 
3508.666772 0.140250 
3509.631221 0.140420 
3510.595670 0.140132 
3511.560120 0.140321 
3512.524569 0.140248 
3513.489018 0.140054 
3514.453468 0.139858 
3515.417917 0.139866 
3516.382367 0.139807 
3517.346816 0.139695 
3518.311265 0.139477 
3519.275715 0.139418 
3520.240164 0.139283 
3521.204613 0.139167 
3522.169063 0.138965 
3523.133512 0.138891 
3524.097961 0.138348 
3525.062411 0.138361 
3526.026860 0.138278 
3526.991310 0.138318 
3527.955759 0.138076 
3528.920208 0.138257 
3529.884658 0.138221 
3530.849107 0.138335 
3531.813556 0.138262 
3532.778006 0.138226 
3533.742455 0.138261 
3534.706904 0.137967 
3535.671354 0.137734 
3536.635803 0.137708 
3537.600252 0.137419 
3538.564702 0.137657 
3539.529151 0.137669 
3540.493601 0.137612 
3541.458050 0.137330 
3542.422499 0.137131 
3543.386949 0.136688 
3544.351398 0.136619 
3545.315847 0.136295 
3546.280297 0.135934 
3547.244746 0.136556 
3548.209195 0.136498 
3549.173645 0.136529 
3550.138094 0.136343 
3551.102544 0.135956 
3552.066993 0.136170 
3553.031442 0.135861 
3553.995892 0.135989 
3554.960341 0.135959 
3555.924790 0.135956 
3556.889240 0.136053 
3557.853689 0.135909 
3558.818138 0.135471 
3559.782588 0.135630 
3560.747037 0.135226 
3561.711486 0.134781 
3562.675936 0.134855 
3563.640385 0.134872 
3564.604835 0.133941 
3565.569284 0.134019 
3566.533733 0.133473 
3567.498183 0.133109 
3568.462632 0.134493 
3569.427081 0.133724 
3570.391531 0.134373 
3571.355980 0.134589 
3572.320429 0.134469 
3573.284879 0.134372 
3574.249328 0.134394 
3575.213778 0.134168 
3576.178227 0.134010 
3577.142676 0.134111 
3578.107126 0.133759 
3579.071575 0.133773 
3580.036024 0.133788 
3581.000474 0.133409 
3581.964923 0.133203 
3582.929372 0.133290 
3583.893822 0.133277 
3584.858271 0.132512 
3585.822720 0.132159 
3586.787170 0.132118 
3587.751619 0.131042 
3588.716069 0.132602 
3589.680518 0.132207 
3590.644967 0.132458 
3591.609417 0.132259 
3592.573866 0.132291 
3593.538315 0.131850 
3594.502765 0.131174 
3595.467214 0.132034 
3596.431663 0.131483 
3597.396113 0.131447 
3598.360562 0.131722 
3599.325012 0.130927 
3600.289461 0.131094 
3601.253910 0.131283 
3602.218360 0.130982 
3603.182809 0.131236 
3604.147258 0.131203 
3605.111708 0.130760 
3606.076157 0.130431 
3607.040606 0.130861 
3608.005056 0.129371 
3608.969505 0.130669 
3609.933954 0.130627 
3610.898404 0.129266 
3611.862853 0.130183 
3612.827303 0.130276 
3613.791752 0.128907 
3614.756201 0.129810 
3615.720651 0.128989 
3616.685100 0.128781 
3617.649549 0.129517 
3618.613999 0.128226 
3619.578448 0.129015 
3620.542897 0.128738 
3621.507347 0.128720 
3622.471796 0.128948 
3623.436246 0.129196 
3624.400695 0.128743 
3625.365144 0.128706 
3626.329594 0.128259 
3627.294043 0.127122 
3628.258492 0.127396 
3629.222942 0.127572 
3630.187391 0.126776 
3631.151840 0.127098 
3632.116290 0.127403 
3633.080739 0.127851 
3634.045188 0.128275 
3635.009638 0.127500 
3635.974087 0.127580 
3636.938537 0.127587 
3637.902986 0.127793 
3638.867435 0.127655 
3639.831885 0.127511 
3640.796334 0.127326 
3641.760783 0.127274 
3642.725233 0.127217 
3643.689682 0.126786 
3644.654131 0.126527 
3645.618581 0.125731 
3646.583030 0.125950 
3647.547480 0.124750 
3648.511929 0.123372 
3649.476378 0.124346 
3650.440828 0.124009 
3651.405277 0.125304 
3652.369726 0.125020 
3653.334176 0.125776 
3654.298625 0.125470 
3655.263074 0.125334 
3656.227524 0.126659 
3657.191973 0.125674 
3658.156422 0.125298 
3659.120872 0.125793 
3660.085321 0.125832 
3661.049771 0.125649 
3662.014220 0.125564 
3662.978669 0.125645 
3663.943119 0.125439 
3664.907568 0.125334 
3665.872017 0.125187 
3666.836467 0.124553 
3667.800916 0.124302 
3668.765365 0.124440 
3669.729815 0.122684 
3670.694264 0.124788 
3671.658714 0.123977 
3672.623163 0.123528 
3673.587612 0.123455 
3674.552062 0.123762 
3675.516511 0.123899 
3676.480960 0.123181 
3677.445410 0.122923 
3678.409859 0.123534 
3679.374308 0.124606 
3680.338758 0.124318 
3681.303207 0.124190 
3682.267656 0.124517 
3683.232106 0.124379 
3684.196555 0.124535 
3685.161005 0.124340 
3686.125454 0.123948 
3687.089903 0.123312 
3688.054353 0.124673 
3689.018802 0.123060 
3689.983251 0.121588 
3690.947701 0.123999 
3691.912150 0.123643 
3692.876599 0.123529 
3693.841049 0.124425 
3694.805498 0.124485 
3695.769948 0.124340 
3696.734397 0.124274 
3697.698846 0.124294 
3698.663296 0.124464 
3699.627745 0.124197 
3700.592194 0.123820 
3701.556644 0.125005 
3702.521093 0.124293 
3703.485542 0.123830 
3704.449992 0.124345 
3705.414441 0.124409 
3706.378890 0.124443 
3707.343340 0.124078 
3708.307789 0.123928 
3709.272239 0.124583 
3710.236688 0.122532 
3711.201137 0.122298 
3712.165587 0.124973 
3713.130036 0.123420 
3714.094485 0.123666 
3715.058935 0.124607 
3716.023384 0.124477 
3716.987833 0.124350 
3717.952283 0.124262 
3718.916732 0.124742 
3719.881182 0.123773 
3720.845631 0.123161 
3721.810080 0.124202 
3722.774530 0.123907 
3723.738979 0.122608 
3724.703428 0.123221 
3725.667878 0.122951 
3726.632327 0.123405 
3727.596776 0.123177 
3728.561226 0.123332 
3729.525675 0.123533 
3730.490124 0.123130 
3731.454574 0.123751 
3732.419023 0.123926 
3733.383473 0.120775 
3734.347922 0.122589 
3735.312371 0.122477 
3736.276821 0.121521 
3737.241270 0.121982 
3738.205719 0.122865 
3739.170169 0.122730 
3740.134618 0.122796 
3741.099067 0.123897 
3742.063517 0.122621 
3743.027966 0.121825 
3743.992416 0.124303 
3744.956865 0.124920 
3745.921314 0.121260 
3746.885764 0.122241 
3747.850213 0.122208 
3748.814662 0.123248 
3749.779112 0.123335 
3750.743561 0.120040 
3751.708010 0.122789 
3752.672460 0.123573 
3753.636909 0.122576 
3754.601358 0.122961 
3755.565808 0.123412 
3756.530257 0.124303 
3757.494707 0.123040 
3758.459156 0.122579 
3759.423605 0.124044 
3760.388055 0.123430 
3761.352504 0.123199 
3762.316953 0.124022 
3763.281403 0.124056 
3764.245852 0.123484 
3765.210301 0.124204 
3766.174751 0.124243 
3767.139200 0.123226 
3768.103650 0.123290 
3769.068099 0.123790 
3770.032548 0.124668 
3770.996998 0.123120 
3771.961447 0.123524 
3772.925896 0.123966 
3773.890346 0.124224 
3774.854795 0.124210 
3775.819244 0.124272 
3776.783694 0.124310 
3777.748143 0.124057 
3778.712592 0.124073 
3779.677042 0.124731 
3780.641491 0.123505 
3781.605941 0.123940 
3782.570390 0.124148 
3783.534839 0.123957 
3784.499289 0.124269 
3785.463738 0.123932 
3786.428187 0.123799 
3787.392637 0.124349 
3788.357086 0.124508 
3789.321535 0.124504 
3790.285985 0.124339 
3791.250434 0.124379 
3792.214884 0.124445 
3793.179333 0.124556 
3794.143782 0.124294 
3795.108232 0.123910 
3796.072681 0.124580 
3797.037130 0.124220 
3798.001580 0.123408 
3798.966029 0.123492 
3799.930478 0.122991 
3800.894928 0.124391 
3801.859377 0.123909 
3802.823826 0.123072 
3803.788276 0.123566 
3804.752725 0.123653 
3805.717175 0.123565 
3806.681624 0.125118 
3807.646073 0.124277 
3808.610523 0.123456 
3809.574972 0.124345 
3810.539421 0.124479 
3811.503871 0.124481 
3812.468320 0.124522 
3813.432769 0.124518 
3814.397219 0.123720 
3815.361668 0.124476 
3816.326118 0.125308 
3817.290567 0.122897 
3818.255016 0.123528 
3819.219466 0.123607 
3820.183915 0.123719 
3821.148364 0.124329 
3822.112814 0.123149 
3823.077263 0.123185 
3824.041712 0.124112 
3825.006162 0.123961 
3825.970611 0.124349 
3826.935060 0.124851 
3827.899510 0.124367 
3828.863959 0.124460 
3829.828409 0.124115 
3830.792858 0.124394 
3831.757307 0.125506 
3832.721757 0.123856 
3833.686206 0.123790 
3834.650655 0.125560 
3835.615105 0.124273 
3836.579554 0.122517 
3837.544003 0.124946 
3838.508453 0.123142 
3839.472902 0.122451 
3840.437352 0.124196 
3841.401801 0.123946 
3842.366250 0.123394 
3843.330700 0.125336 
3844.295149 0.125395 
3845.259598 0.124693 
3846.224048 0.125022 
3847.188497 0.124984 
3848.152946 0.124892 
3849.117396 0.125160 
3850.081845 0.124349 
3851.046294 0.123970 
3852.010744 0.124675 
3852.975193 0.121331 
3853.939643 0.124683 
3854.904092 0.123413 
3855.868541 0.122355 
3856.832991 0.124548 
3857.797440 0.124906 
3858.761889 0.124676 
3859.726339 0.124876 
3860.690788 0.124741 
3861.655237 0.125498 
3862.619687 0.124306 
3863.584136 0.123834 
3864.548586 0.125374 
3865.513035 0.125043 
3866.477484 0.124010 
3867.441934 0.124373 
3868.406383 0.124311 
3869.370832 0.125258 
3870.335282 0.124292 
3871.299731 0.123368 
3872.264180 0.123554 
3873.228630 0.124350 
3874.193079 0.125763 
3875.157528 0.124344 
3876.121978 0.124656 
3877.086427 0.125278 
3878.050877 0.124970 
3879.015326 0.124462 
3879.979775 0.125800 
3880.944225 0.125196 
3881.908674 0.123745 
3882.873123 0.125048 
3883.837573 0.124795 
3884.802022 0.124408 
3885.766471 0.126153 
3886.730921 0.124367 
3887.695370 0.124579 
3888.659820 0.125304 
3889.624269 0.124753 
3890.588718 0.125105 
3891.553168 0.125893 
3892.517617 0.124038 
3893.482066 0.124673 
3894.446516 0.125344 
3895.410965 0.125403 
3896.375414 0.125375 
3897.339864 0.125147 
3898.304313 0.125070 
3899.268762 0.126072 
3900.233212 0.123703 
3901.197661 0.124399 
3902.162111 0.125131 
3903.126560 0.123056 
3904.091009 0.125042 
3905.055459 0.124370 
3906.019908 0.124740 
3906.984357 0.125034 
3907.948807 0.125466 
3908.913256 0.125758 
3909.877705 0.125731 
3910.842155 0.125694 
3911.806604 0.125750 
3912.771054 0.125828 
3913.735503 0.125881 
3914.699952 0.125649 
3915.664402 0.125334 
3916.628851 0.125777 
3917.593300 0.125474 
3918.557750 0.124471 
3919.522199 0.125423 
3920.486648 0.125642 
3921.451098 0.125057 
3922.415547 0.125371 
3923.379996 0.125435 
3924.344446 0.125700 
3925.308895 0.125707 
3926.273345 0.125317 
3927.237794 0.125724 
3928.202243 0.126006 
3929.166693 0.126120 
3930.131142 0.125849 
3931.095591 0.125310 
3932.060041 0.125946 
3933.024490 0.125596 
3933.988939 0.125529 
3934.953389 0.125909 
3935.917838 0.125978 
3936.882288 0.125920 
3937.846737 0.126055 
3938.811186 0.126194 
3939.775636 0.126089 
3940.740085 0.125807 
3941.704534 0.125861 
3942.668984 0.126536 
3943.633433 0.125731 
3944.597882 0.126026 
3945.562332 0.126201 
3946.526781 0.126128 
3947.491230 0.126331 
3948.455680 0.125699 
3949.420129 0.125870 
3950.384579 0.126216 
3951.349028 0.125851 
3952.313477 0.126303 
3953.277927 0.126407 
3954.242376 0.126260 
3955.206825 0.126252 
3956.171275 0.126287 
3957.135724 0.126344 
3958.100173 0.126373 
3959.064623 0.126492 
3960.029072 0.126417 
3960.993522 0.126382 
3961.957971 0.126527 
3962.922420 0.126275 
3963.886870 0.126468 
3964.851319 0.126496 
3965.815768 0.126519 
3966.780218 0.126564 
3967.744667 0.126563 
3968.709116 0.126656 
3969.673566 0.126561 
3970.638015 0.126351 
3971.602464 0.126559 
3972.566914 0.126625 
3973.531363 0.126601 
3974.495813 0.126456 
3975.460262 0.126494 
3976.424711 0.126521 
3977.389161 0.126441 
3978.353610 0.126585 
3979.318059 0.126735 
3980.282509 0.126746 
3981.246958 0.126629 
3982.211407 0.126561 
3983.175857 0.126586 
3984.140306 0.126598 
3985.104756 0.126647 
3986.069205 0.126754 
3987.033654 0.126784 
3987.998104 0.126636 
3988.962553 0.126619 
3989.927002 0.126640 
3990.891452 0.126573 
3991.855901 0.126435 
3992.820350 0.126586 
3993.784800 0.126674 
3994.749249 0.126827 
3995.713698 0.126729 
3996.678148 0.126626 
3997.642597 0.126627 
3998.607047 0.126625 
3999.571496 0.126643 
4000.535945 0.126748 