##YUNITS=Abs
399.282035 0.215671 
400.246484 0.212738 
401.210934 0.176362 
402.175383 0.158734 
403.139832 0.153928 
404.104282 0.153281 
405.068731 0.153570 
406.033181 0.146496 
406.997630 0.140914 
407.962079 0.139692 
408.926529 0.143478 
409.890978 0.143662 
410.855427 0.136557 
411.819877 0.132377 
412.784326 0.130950 
413.748775 0.132983 
414.713225 0.133767 
415.677674 0.131285 
416.642124 0.137432 
417.606573 0.162054 
418.571022 0.188213 
419.535472 0.156080 
420.499921 0.130350 
421.464370 0.132239 
422.428820 0.147792 
423.393269 0.151775 
424.357718 0.145958 
425.322168 0.151982 
426.286617 0.144296 
427.251066 0.140285 
428.215516 0.143497 
429.179965 0.149944 
430.144415 0.156133 
431.108864 0.161924 
432.073313 0.166522 
433.037763 0.169318 
434.002212 0.174804 
434.966661 0.179485 
435.931111 0.184602 
436.895560 0.181714 
437.860009 0.167851 
438.824459 0.159570 
439.788908 0.147157 
440.753358 0.138623 
441.717807 0.136310 
442.682256 0.132766 
443.646706 0.131864 
444.611155 0.125405 
445.575604 0.122467 
446.540054 0.126596 
447.504503 0.119248 
448.468952 0.110692 
449.433402 0.107514 
450.397851 0.107403 
451.362300 0.108145 
452.326750 0.112749 
453.291199 0.110720 
454.255649 0.099876 
455.220098 0.096463 
456.184547 0.098164 
457.148997 0.106579 
458.113446 0.107249 
459.077895 0.097068 
460.042345 0.095315 
461.006794 0.103612 
461.971243 0.103048 
462.935693 0.094973 
463.900142 0.092944 
464.864592 0.090892 
465.829041 0.090491 
466.793490 0.094656 
467.757940 0.108551 
468.722389 0.108600 
469.686838 0.096892 
470.651288 0.094711 
471.615737 0.100744 
472.580186 0.109324 
473.544636 0.098305 
474.509085 0.092535 
475.473534 0.095928 
476.437984 0.099520 
477.402433 0.096732 
478.366883 0.093389 
479.331332 0.090684 
480.295781 0.093256 
481.260231 0.095484 
482.224680 0.093826 
483.189129 0.095604 
484.153579 0.098035 
485.118028 0.098272 
486.082477 0.099936 
487.046927 0.095899 
488.011376 0.092944 
488.975826 0.093688 
489.940275 0.095169 
490.904724 0.100831 
491.869174 0.107398 
492.833623 0.100622 
493.798072 0.096592 
494.762522 0.096279 
495.726971 0.094995 
496.691420 0.095013 
497.655870 0.094792 
498.620319 0.094282 
499.584768 0.093474 
500.549218 0.093622 
501.513667 0.099173 
502.478117 0.100373 
503.442566 0.092051 
504.407015 0.089508 
505.371465 0.085938 
506.335914 0.085150 
507.300363 0.083694 
508.264813 0.078477 
509.229262 0.076835 
510.193711 0.079706 
511.158161 0.077471 
512.122610 0.073301 
513.087060 0.071861 
514.051509 0.072123 
515.015958 0.072413 
515.980408 0.073819 
516.944857 0.080055 
517.909306 0.077779 
518.873756 0.076331 
519.838205 0.076908 
520.802654 0.069465 
521.767104 0.065964 
522.731553 0.065135 
523.696002 0.065405 
524.660452 0.067186 
525.624901 0.072286 
526.589351 0.072620 
527.553800 0.068836 
528.518249 0.068307 
529.482699 0.069147 
530.447148 0.069693 
531.411597 0.070214 
532.376047 0.072394 
533.340496 0.074798 
534.304945 0.074762 
535.269395 0.072436 
536.233844 0.072907 
537.198294 0.073862 
538.162743 0.072961 
539.127192 0.073084 
540.091642 0.072776 
541.056091 0.072355 
542.020540 0.072621 
542.984990 0.073026 
543.949439 0.073420 
544.913888 0.073891 
545.878338 0.074293 
546.842787 0.074356 
547.807236 0.075094 
548.771686 0.074513 
549.736135 0.078228 
550.700585 0.079142 
551.665034 0.076655 
552.629483 0.076753 
553.593933 0.078094 
554.558382 0.081334 
555.522831 0.084072 
556.487281 0.086957 
557.451730 0.090919 
558.416179 0.096010 
559.380629 0.100944 
560.345078 0.106204 
561.309528 0.111906 
562.273977 0.118748 
563.238426 0.126781 
564.202876 0.135058 
565.167325 0.143325 
566.131774 0.151861 
567.096224 0.159784 
568.060673 0.164894 
569.025122 0.169835 
569.989572 0.171771 
570.954021 0.171032 
571.918470 0.167645 
572.882920 0.160683 
573.847369 0.153245 
574.811819 0.146629 
575.776268 0.143351 
576.740717 0.132725 
577.705167 0.119796 
578.669616 0.111764 
579.634065 0.107827 
580.598515 0.106917 
581.562964 0.098964 
582.527413 0.091761 
583.491863 0.088921 
584.456312 0.088208 
585.420762 0.085068 
586.385211 0.081250 
587.349660 0.080571 
588.314110 0.080084 
589.278559 0.078593 
590.243008 0.077439 
591.207458 0.080855 
592.171907 0.082130 
593.136356 0.076913 
594.100806 0.076009 
595.065255 0.076652 
596.029704 0.075600 
596.994154 0.075334 
597.958603 0.075846 
598.923053 0.077412 
599.887502 0.081848 
600.851951 0.080470 
601.816401 0.077081 
602.780850 0.076932 
603.745299 0.077410 
604.709749 0.077883 
605.674198 0.076942 
606.638647 0.076129 
607.603097 0.075380 
608.567546 0.074884 
609.531996 0.074415 
610.496445 0.073968 
611.460894 0.073515 
612.425344 0.073258 
613.389793 0.073099 
614.354242 0.073001 
615.318692 0.073761 
616.283141 0.075009 
617.247590 0.075340 
618.212040 0.074627 
619.176489 0.073953 
620.140938 0.075626 
621.105388 0.076160 
622.069837 0.075365 
623.034287 0.075657 
623.998736 0.077180 
624.963185 0.080282 
625.927635 0.081006 
626.892084 0.079482 
627.856533 0.079480 
628.820983 0.080013 
629.785432 0.080551 
630.749881 0.080531 
631.714331 0.080212 
632.678780 0.079584 
633.643230 0.077468 
634.607679 0.077182 
635.572128 0.078408 
636.536578 0.074862 
637.501027 0.072901 
638.465476 0.072482 
639.429926 0.074156 
640.394375 0.074318 
641.358824 0.072983 
642.323274 0.073468 
643.287723 0.073746 
644.252172 0.073173 
645.216622 0.073533 
646.181071 0.073659 
647.145521 0.072992 
648.109970 0.073339 
649.074419 0.073956 
650.038869 0.073114 
651.003318 0.073619 
651.967767 0.074181 
652.932217 0.073239 
653.896666 0.072746 
654.861115 0.072147 
655.825565 0.072556 
656.790014 0.073429 
657.754464 0.072718 
658.718913 0.074160 
659.683362 0.075351 
660.647812 0.074535 
661.612261 0.074698 
662.576710 0.075047 
663.541160 0.076030 
664.505609 0.077215 
665.470058 0.077816 
666.434508 0.076442 
667.398957 0.073203 
668.363406 0.094834 
669.327856 0.096942 
670.292305 0.091612 
671.256755 0.090143 
672.221204 0.091790 
673.185653 0.095130 
674.150103 0.100702 
675.114552 0.105949 
676.079001 0.111164 
677.043451 0.114682 
678.007900 0.118166 
678.972349 0.120982 
679.936799 0.123900 
680.901248 0.127790 
681.865698 0.132952 
682.830147 0.140197 
683.794596 0.149871 
684.759046 0.162820 
685.723495 0.179415 
686.687944 0.201064 
687.652394 0.228641 
688.616843 0.260944 
689.581292 0.294125 
690.545742 0.325106 
691.510191 0.352163 
692.474640 0.368205 
693.439090 0.367917 
694.403539 0.349198 
695.367989 0.318882 
696.332438 0.284198 
697.296887 0.251566 
698.261337 0.221591 
699.225786 0.196198 
700.190235 0.176779 
701.154685 0.162231 
702.119134 0.150959 
703.083583 0.142893 
704.048033 0.137050 
705.012482 0.132884 
705.976932 0.129041 
706.941381 0.125734 
707.905830 0.123875 
708.870280 0.122766 
709.834729 0.122652 
710.799178 0.123083 
711.763628 0.124092 
712.728077 0.125908 
713.692526 0.128110 
714.656976 0.130209 
715.621425 0.132746 
716.585874 0.136052 
717.550324 0.140279 
718.514773 0.145647 
719.479223 0.152218 
720.443672 0.159234 
721.408121 0.164903 
722.372571 0.171719 
723.337020 0.180663 
724.301469 0.191200 
725.265919 0.203493 
726.230368 0.217891 
727.194817 0.234532 
728.159267 0.253624 
729.123716 0.275779 
730.088166 0.301077 
731.052615 0.329818 
732.017064 0.362829 
732.981514 0.400816 
733.945963 0.444954 
734.910412 0.496083 
735.874862 0.555628 
736.839311 0.625088 
737.803760 0.706057 
738.768210 0.799414 
739.732659 0.905075 
740.697108 1.021211 
741.661558 1.146525 
742.626007 1.277352 
743.590457 1.406143 
744.554906 1.521523 
745.519355 1.612341 
746.483805 1.685291 
747.448254 1.733914 
748.412703 1.754832 
749.377153 1.767872 
750.341602 1.779024 
751.306051 1.795169 
752.270501 1.802321 
753.234950 1.802759 
754.199400 1.816360 
755.163849 1.830783 
756.128298 1.835127 
757.092748 1.839408 
758.057197 1.846555 
759.021646 1.844544 
759.986096 1.843397 
760.950545 1.843590 
761.914994 1.837563 
762.879444 1.831488 
763.843893 1.827360 
764.808342 1.813206 
765.772792 1.805762 
766.737241 1.797425 
767.701691 1.791224 
768.666140 1.791376 
769.630589 1.781449 
770.595039 1.768763 
771.559488 1.769717 
772.523937 1.778934 
773.488387 1.782861 
774.452836 1.772779 
775.417285 1.770095 
776.381735 1.774512 
777.346184 1.784238 
778.310634 1.783966 
779.275083 1.778645 
780.239532 1.783033 
781.203982 1.793065 
782.168431 1.796691 
783.132880 1.798986 
784.097330 1.794983 
785.061779 1.794492 
786.026228 1.791341 
786.990678 1.786007 
787.955127 1.783870 
788.919576 1.790327 
789.884026 1.800377 
790.848475 1.809418 
791.812925 1.821801 
792.777374 1.847835 
793.741823 1.867351 
794.706273 1.863014 
795.670722 1.846699 
796.635171 1.823222 
797.599621 1.790388 
798.564070 1.756214 
799.528519 1.727217 
800.492969 1.708870 
801.457418 1.686619 
802.421868 1.661606 
803.386317 1.619167 
804.350766 1.537446 
805.315216 1.409834 
806.279665 1.253899 
807.244114 1.101732 
808.208564 0.966966 
809.173013 0.848061 
810.137462 0.742433 
811.101912 0.650404 
812.066361 0.573148 
813.030810 0.510828 
813.995260 0.461683 
814.959709 0.422391 
815.924159 0.389762 
816.888608 0.361711 
817.853057 0.336196 
818.817507 0.312007 
819.781956 0.288965 
820.746405 0.267534 
821.710855 0.247799 
822.675304 0.229784 
823.639753 0.213685 
824.604203 0.200001 
825.568652 0.188538 
826.533102 0.179236 
827.497551 0.171649 
828.462000 0.165534 
829.426450 0.160767 
830.390899 0.157198 
831.355348 0.154241 
832.319798 0.151902 
833.284247 0.149953 
834.248696 0.148363 
835.213146 0.146858 
836.177595 0.145509 
837.142044 0.144309 
838.106494 0.143419 
839.070943 0.142932 
840.035393 0.142779 
840.999842 0.142762 
841.964291 0.143545 
842.928741 0.145067 
843.893190 0.147134 
844.857639 0.149442 
845.822089 0.152018 
846.786538 0.153937 
847.750987 0.153667 
848.715437 0.150103 
849.679886 0.143422 
850.644336 0.134976 
851.608785 0.126795 
852.573234 0.119740 
853.537684 0.114006 
854.502133 0.109550 
855.466582 0.106122 
856.431032 0.103574 
857.395481 0.101918 
858.359930 0.100923 
859.324380 0.100442 
860.288829 0.100247 
861.253278 0.100394 
862.217728 0.100634 
863.182177 0.101157 
864.146627 0.101900 
865.111076 0.102804 
866.075525 0.103750 
867.039975 0.104980 
868.004424 0.106323 
868.968873 0.107718 
869.933323 0.109016 
870.897772 0.110284 
871.862221 0.111493 
872.826671 0.112926 
873.791120 0.114593 
874.755570 0.116370 
875.720019 0.118098 
876.684468 0.119898 
877.648918 0.121625 
878.613367 0.123359 
879.577816 0.125193 
880.542266 0.127188 
881.506715 0.129234 
882.471164 0.131817 
883.435614 0.134890 
884.400063 0.138279 
885.364512 0.142056 
886.328962 0.146528 
887.293411 0.151677 
888.257861 0.157540 
889.222310 0.164256 
890.186759 0.172024 
891.151209 0.180581 
892.115658 0.189341 
893.080107 0.197904 
894.044557 0.205865 
895.009006 0.212641 
895.973455 0.218073 
896.937905 0.222591 
897.902354 0.227617 
898.866804 0.234384 
899.831253 0.244239 
900.795702 0.257710 
901.760152 0.275113 
902.724601 0.295964 
903.689050 0.318232 
904.653500 0.338988 
905.617949 0.355880 
906.582398 0.367518 
907.546848 0.374829 
908.511297 0.380728 
909.475746 0.388497 
910.440196 0.400536 
911.404645 0.418723 
912.369095 0.443417 
913.333544 0.474111 
914.297993 0.509738 
915.262443 0.548172 
916.226892 0.585321 
917.191341 0.615700 
918.155791 0.632803 
919.120240 0.629896 
920.084689 0.605091 
921.049139 0.562369 
922.013588 0.509661 
922.978038 0.455207 
923.942487 0.404751 
924.906936 0.361338 
925.871386 0.325506 
926.835835 0.296696 
927.800284 0.274034 
928.764734 0.256370 
929.729183 0.242755 
930.693632 0.232101 
931.658082 0.223690 
932.622531 0.217125 
933.586980 0.211678 
934.551430 0.206068 
935.515879 0.200343 
936.480329 0.195740 
937.444778 0.192157 
938.409227 0.189097 
939.373677 0.186136 
940.338126 0.183450 
941.302575 0.181000 
942.267025 0.178657 
943.231474 0.176445 
944.195923 0.174244 
945.160373 0.171902 
946.124822 0.169581 
947.089272 0.167273 
948.053721 0.164980 
949.018170 0.162609 
949.982620 0.160334 
950.947069 0.158050 
951.911518 0.155758 
952.875968 0.153441 
953.840417 0.151174 
954.804866 0.149041 
955.769316 0.147048 
956.733765 0.144993 
957.698214 0.143056 
958.662664 0.141278 
959.627113 0.139630 
960.591563 0.137974 
961.556012 0.136511 
962.520461 0.135176 
963.484911 0.134002 
964.449360 0.132953 
965.413809 0.132066 
966.378259 0.131362 
967.342708 0.130886 
968.307157 0.130560 
969.271607 0.130456 
970.236056 0.130408 
971.200506 0.130425 
972.164955 0.130522 
973.129404 0.130779 
974.093854 0.131097 
975.058303 0.131333 
976.022752 0.131381 
976.987202 0.131499 
977.951651 0.131488 
978.916100 0.131325 
979.880550 0.130918 
980.844999 0.130455 
981.809448 0.129931 
982.773898 0.129326 
983.738347 0.128492 
984.702797 0.127679 
985.667246 0.126970 
986.631695 0.126346 
987.596145 0.125726 
988.560594 0.125322 
989.525043 0.125295 
990.489493 0.125831 
991.453942 0.126567 
992.418391 0.127571 
993.382841 0.129070 
994.347290 0.130935 
995.311740 0.132769 
996.276189 0.134433 
997.240638 0.135916 
998.205088 0.137569 
999.169537 0.139444 
1000.133986 0.141466 
1001.098436 0.143698 
1002.062885 0.146612 
1003.027334 0.150117 
1003.991784 0.153965 
1004.956233 0.158063 
1005.920682 0.162238 
1006.885132 0.166295 
1007.849581 0.170437 
1008.814031 0.174763 
1009.778480 0.180023 
1010.742929 0.186851 
1011.707379 0.195433 
1012.671828 0.205192 
1013.636277 0.214502 
1014.600727 0.220638 
1015.565176 0.221130 
1016.529625 0.215158 
1017.494075 0.204382 
1018.458524 0.191335 
1019.422974 0.178285 
1020.387423 0.166221 
1021.351872 0.155295 
1022.316322 0.145562 
1023.280771 0.137195 
1024.245220 0.130027 
1025.209670 0.123801 
1026.174119 0.118267 
1027.138568 0.113650 
1028.103018 0.109754 
1029.067467 0.106494 
1030.031916 0.103611 
1030.996366 0.101088 
1031.960815 0.099073 
1032.925265 0.097566 
1033.889714 0.096232 
1034.854163 0.095046 
1035.818613 0.094042 
1036.783062 0.093329 
1037.747511 0.092709 
1038.711961 0.092205 
1039.676410 0.091711 
1040.640859 0.091325 
1041.605309 0.090935 
1042.569758 0.090466 
1043.534208 0.089967 
1044.498657 0.089612 
1045.463106 0.089347 
1046.427556 0.089200 
1047.392005 0.089047 
1048.356454 0.089072 
1049.320904 0.089298 
1050.285353 0.089631 
1051.249802 0.089948 
1052.214252 0.090544 
1053.178701 0.091339 
1054.143150 0.092360 
1055.107600 0.093457 
1056.072049 0.094680 
1057.036499 0.096155 
1058.000948 0.097918 
1058.965397 0.099794 
1059.929847 0.101934 
1060.894296 0.104321 
1061.858745 0.107058 
1062.823195 0.110046 
1063.787644 0.113364 
1064.752093 0.116902 
1065.716543 0.120785 
1066.680992 0.124671 
1067.645442 0.128421 
1068.609891 0.132239 
1069.574340 0.136220 
1070.538790 0.140414 
1071.503239 0.145106 
1072.467688 0.150514 
1073.432138 0.156722 
1074.396587 0.163909 
1075.361036 0.172622 
1076.325486 0.183503 
1077.289935 0.196573 
1078.254384 0.211345 
1079.218834 0.227346 
1080.183283 0.242284 
1081.147733 0.250565 
1082.112182 0.245214 
1083.076631 0.225514 
1084.041081 0.199123 
1085.005530 0.174615 
1085.969979 0.155347 
1086.934429 0.141165 
1087.898878 0.130629 
1088.863327 0.122631 
1089.827777 0.116347 
1090.792226 0.111320 
1091.756676 0.107088 
1092.721125 0.103598 
1093.685574 0.100868 
1094.650024 0.098752 
1095.614473 0.096989 
1096.578922 0.095708 
1097.543372 0.094783 
1098.507821 0.094340 
1099.472270 0.094131 
1100.436720 0.094120 
1101.401169 0.094274 
1102.365618 0.094793 
1103.330068 0.095501 
1104.294517 0.096533 
1105.258967 0.097772 
1106.223416 0.099328 
1107.187865 0.101043 
1108.152315 0.102930 
1109.116764 0.104941 
1110.081213 0.107247 
1111.045663 0.109900 
1112.010112 0.112641 
1112.974561 0.115248 
1113.939011 0.118027 
1114.903460 0.121020 
1115.867910 0.124021 
1116.832359 0.126581 
1117.796808 0.128502 
1118.761258 0.129387 
1119.725707 0.128991 
1120.690156 0.127015 
1121.654606 0.123528 
1122.619055 0.118982 
1123.583504 0.114265 
1124.547954 0.109482 
1125.512403 0.104999 
1126.476852 0.101005 
1127.441302 0.097716 
1128.405751 0.095005 
1129.370201 0.092710 
1130.334650 0.090610 
1131.299099 0.088924 
1132.263549 0.087628 
1133.227998 0.086703 
1134.192447 0.085876 
1135.156897 0.085472 
1136.121346 0.085121 
1137.085795 0.084572 
1138.050245 0.084125 
1139.014694 0.083750 
1139.979144 0.083378 
1140.943593 0.082895 
1141.908042 0.082150 
1142.872492 0.081483 
1143.836941 0.080924 
1144.801390 0.080585 
1145.765840 0.080249 
1146.730289 0.079933 
1147.694738 0.079642 
1148.659188 0.079529 
1149.623637 0.079348 
1150.588086 0.079159 
1151.552536 0.078922 
1152.516985 0.078677 
1153.481435 0.078317 
1154.445884 0.078091 
1155.410333 0.077919 
1156.374783 0.077922 
1157.339232 0.077982 
1158.303681 0.078127 
1159.268131 0.078384 
1160.232580 0.078744 
1161.197029 0.079142 
1162.161479 0.079638 
1163.125928 0.080055 
1164.090378 0.080138 
1165.054827 0.079829 
1166.019276 0.079765 
1166.983726 0.080004 
1167.948175 0.080376 
1168.912624 0.080674 
1169.877074 0.081070 
1170.841523 0.081379 
1171.805972 0.081743 
1172.770422 0.082147 
1173.734871 0.082903 
1174.699320 0.083444 
1175.663770 0.083305 
1176.628219 0.083467 
1177.592669 0.084040 
1178.557118 0.084661 
1179.521567 0.085315 
1180.486017 0.085756 
1181.450466 0.085992 
1182.414915 0.086095 
1183.379365 0.086311 
1184.343814 0.086734 
1185.308263 0.087355 
1186.272713 0.088281 
1187.237162 0.089224 
1188.201612 0.089477 
1189.166061 0.090114 
1190.130510 0.090959 
1191.094960 0.091848 
1192.059409 0.092714 
1193.023858 0.093741 
1193.988308 0.094814 
1194.952757 0.095904 
1195.917206 0.096914 
1196.881656 0.098194 
1197.846105 0.099698 
1198.810554 0.101059 
1199.775004 0.102129 
1200.739453 0.103486 
1201.703903 0.105058 
1202.668352 0.106800 
1203.632801 0.108509 
1204.597251 0.110278 
1205.561700 0.112112 
1206.526149 0.114163 
1207.490599 0.116280 
1208.455048 0.118529 
1209.419497 0.120926 
1210.383947 0.123630 
1211.348396 0.126766 
1212.312846 0.130096 
1213.277295 0.132578 
1214.241744 0.135432 
1215.206194 0.138879 
1216.170643 0.142670 
1217.135092 0.146574 
1218.099542 0.151017 
1219.063991 0.155577 
1220.028440 0.160343 
1220.992890 0.165695 
1221.957339 0.171838 
1222.921788 0.178757 
1223.886238 0.186595 
1224.850687 0.195631 
1225.815137 0.205170 
1226.779586 0.215181 
1227.744035 0.226984 
1228.708485 0.240212 
1229.672934 0.254940 
1230.637383 0.271156 
1231.601833 0.288955 
1232.566282 0.307912 
1233.530731 0.327890 
1234.495181 0.348277 
1235.459630 0.368553 
1236.424080 0.387650 
1237.388529 0.404156 
1238.352978 0.416673 
1239.317428 0.423818 
1240.281877 0.423865 
1241.246326 0.416561 
1242.210776 0.402485 
1243.175225 0.383324 
1244.139674 0.360506 
1245.104124 0.335856 
1246.068573 0.311936 
1247.033022 0.290214 
1247.997472 0.270914 
1248.961921 0.254295 
1249.926371 0.240096 
1250.890820 0.228270 
1251.855269 0.218365 
1252.819719 0.209997 
1253.784168 0.202578 
1254.748617 0.195854 
1255.713067 0.189595 
1256.677516 0.183647 
1257.641965 0.177882 
1258.606415 0.172438 
1259.570864 0.167841 
1260.535314 0.163508 
1261.499763 0.157639 
1262.464212 0.152652 
1263.428662 0.148784 
1264.393111 0.145417 
1265.357560 0.142894 
1266.322010 0.141327 
1267.286459 0.139380 
1268.250908 0.138437 
1269.215358 0.138544 
1270.179807 0.138784 
1271.144256 0.138630 
1272.108706 0.139612 
1273.073155 0.139665 
1274.037605 0.140457 
1275.002054 0.142219 
1275.966503 0.144680 
1276.930953 0.147473 
1277.895402 0.150655 
1278.859851 0.154393 
1279.824301 0.159142 
1280.788750 0.163371 
1281.753199 0.167406 
1282.717649 0.171957 
1283.682098 0.177122 
1284.646548 0.182352 
1285.610997 0.187387 
1286.575446 0.193065 
1287.539896 0.199475 
1288.504345 0.201935 
1289.468794 0.201388 
1290.433244 0.201027 
1291.397693 0.198427 
1292.362142 0.193834 
1293.326592 0.188518 
1294.291041 0.181760 
1295.255490 0.174545 
1296.219940 0.167646 
1297.184389 0.159404 
1298.148839 0.149976 
1299.113288 0.142073 
1300.077737 0.134964 
1301.042187 0.128874 
1302.006636 0.123404 
1302.971085 0.118781 
1303.935535 0.114693 
1304.899984 0.111786 
1305.864433 0.109263 
1306.828883 0.107554 
1307.793332 0.107303 
1308.757782 0.106385 
1309.722231 0.104416 
1310.686680 0.104278 
1311.651130 0.106902 
1312.615579 0.112023 
1313.580028 0.112606 
1314.544478 0.113487 
1315.508927 0.114323 
1316.473376 0.118923 
1317.437826 0.124160 
1318.402275 0.128302 
1319.366724 0.134575 
1320.331174 0.137891 
1321.295623 0.141232 
1322.260073 0.144440 
1323.224522 0.149270 
1324.188971 0.152256 
1325.153421 0.154183 
1326.117870 0.155936 
1327.082319 0.157257 
1328.046769 0.157820 
1329.011218 0.157853 
1329.975667 0.157066 
1330.940117 0.154531 
1331.904566 0.151546 
1332.869016 0.148942 
1333.833465 0.146521 
1334.797914 0.144417 
1335.762364 0.145224 
1336.726813 0.148021 
1337.691262 0.147291 
1338.655712 0.151972 
1339.620161 0.155707 
1340.584610 0.146703 
1341.549060 0.130741 
1342.513509 0.122747 
1343.477958 0.119594 
1344.442408 0.116364 
1345.406857 0.113096 
1346.371307 0.109791 
1347.335756 0.106776 
1348.300205 0.104417 
1349.264655 0.102592 
1350.229104 0.099574 
1351.193553 0.097032 
1352.158003 0.095248 
1353.122452 0.093650 
1354.086901 0.094029 
1355.051351 0.095028 
1356.015800 0.091196 
1356.980250 0.089673 
1357.944699 0.090511 
1358.909148 0.089276 
1359.873598 0.088814 
1360.838047 0.094225 
1361.802496 0.097490 
1362.766946 0.103235 
1363.731395 0.100326 
1364.695844 0.090172 
1365.660294 0.088285 
1366.624743 0.088853 
1367.589192 0.091414 
1368.553642 0.096459 
1369.518091 0.096979 
1370.482541 0.095294 
1371.446990 0.097293 
1372.411439 0.100801 
1373.375889 0.107539 
1374.340338 0.113343 
1375.304787 0.112232 
1376.269237 0.110978 
1377.233686 0.115474 
1378.198135 0.123807 
1379.162585 0.128870 
1380.127034 0.134214 
1381.091484 0.140853 
1382.055933 0.151183 
1383.020382 0.161053 
1383.984832 0.167025 
1384.949281 0.166791 
1385.913730 0.164687 
1386.878180 0.162032 
1387.842629 0.148588 
1388.807078 0.131906 
1389.771528 0.123248 
1390.735977 0.119877 
1391.700426 0.116126 
1392.664876 0.113247 
1393.629325 0.115201 
1394.593775 0.123233 
1395.558224 0.125153 
1396.522673 0.122284 
1397.487123 0.125947 
1398.451572 0.129938 
1399.416021 0.131715 
1400.380471 0.132214 
1401.344920 0.134613 
1402.309369 0.142126 
1403.273819 0.151829 
1404.238268 0.166022 
1405.202718 0.186896 
1406.167167 0.200823 
1407.131616 0.215796 
1408.096066 0.237642 
1409.060515 0.258792 
1410.024964 0.276015 
1410.989414 0.284978 
1411.953863 0.288295 
1412.918312 0.285521 
1413.882762 0.284560 
1414.847211 0.284480 
1415.811660 0.284448 
1416.776110 0.279860 
1417.740559 0.268061 
1418.705009 0.254934 
1419.669458 0.239416 
1420.633907 0.222985 
1421.598357 0.216050 
1422.562806 0.214018 
1423.527255 0.220294 
1424.491705 0.222209 
1425.456154 0.213568 
1426.420603 0.208907 
1427.385053 0.205736 
1428.349502 0.201558 
1429.313952 0.194952 
1430.278401 0.186771 
1431.242850 0.177958 
1432.207300 0.172656 
1433.171749 0.168119 
1434.136198 0.159304 
1435.100648 0.154856 
1436.065097 0.157531 
1437.029546 0.154028 
1437.993996 0.141870 
1438.958445 0.135307 
1439.922894 0.132454 
1440.887344 0.130872 
1441.851793 0.129573 
1442.816243 0.128223 
1443.780692 0.128499 
1444.745141 0.130300 
1445.709591 0.132159 
1446.674040 0.134064 
1447.638489 0.141513 
1448.602939 0.146935 
1449.567388 0.145065 
1450.531837 0.145838 
1451.496287 0.150100 
1452.460736 0.152384 
1453.425186 0.149169 
1454.389635 0.153031 
1455.354084 0.160458 
1456.318534 0.164518 
1457.282983 0.175984 
1458.247432 0.184952 
1459.211882 0.198863 
1460.176331 0.208539 
1461.140780 0.217762 
1462.105230 0.231623 
1463.069679 0.248803 
1464.034128 0.266019 
1464.998578 0.282875 
1465.963027 0.279070 
1466.927477 0.255160 
1467.891926 0.224454 
1468.856375 0.194078 
1469.820825 0.171715 
1470.785274 0.157791 
1471.749723 0.151108 
1472.714173 0.141915 
1473.678622 0.135515 
1474.643071 0.125343 
1475.607521 0.120526 
1476.571970 0.120757 
1477.536420 0.111437 
1478.500869 0.104934 
1479.465318 0.102495 
1480.429768 0.102752 
1481.394217 0.104828 
1482.358666 0.100538 
1483.323116 0.096454 
1484.287565 0.095064 
1485.252014 0.096710 
1486.216464 0.099414 
1487.180913 0.097371 
1488.145362 0.099120 
1489.109812 0.108819 
1490.074261 0.112679 
1491.038711 0.102095 
1492.003160 0.094392 
1492.967609 0.090168 
1493.932059 0.089531 
1494.896508 0.089097 
1495.860957 0.090979 
1496.825407 0.094698 
1497.789856 0.090874 
1498.754305 0.091009 
1499.718755 0.094332 
1500.683204 0.095146 
1501.647654 0.098869 
1502.612103 0.096279 
1503.576552 0.091860 
1504.541002 0.088429 
1505.505451 0.085690 
1506.469900 0.101960 
1507.434350 0.137308 
1508.398799 0.129764 
1509.363248 0.123632 
1510.327698 0.119569 
1511.292147 0.109875 
1512.256596 0.110393 
1513.221046 0.106525 
1514.185495 0.104523 
1515.149945 0.112661 
1516.114394 0.117395 
1517.078843 0.118315 
1518.043293 0.111024 
1519.007742 0.106579 
1519.972191 0.109549 
1520.936641 0.117357 
1521.901090 0.112137 
1522.865539 0.109732 
1523.829989 0.111654 
1524.794438 0.115495 
1525.758888 0.119456 
1526.723337 0.119773 
1527.687786 0.122570 
1528.652236 0.118758 
1529.616685 0.115193 
1530.581134 0.116583 
1531.545584 0.124328 
1532.510033 0.122731 
1533.474482 0.121169 
1534.438932 0.130276 
1535.403381 0.132380 
1536.367830 0.129313 
1537.332280 0.125442 
1538.296729 0.122944 
1539.261179 0.120623 
1540.225628 0.129001 
1541.190077 0.131440 
1542.154527 0.138269 
1543.118976 0.152039 
1544.083425 0.158827 
1545.047875 0.165140 
1546.012324 0.158189 
1546.976773 0.148872 
1547.941223 0.147498 
1548.905672 0.152202 
1549.870122 0.165960 
1550.834571 0.160872 
1551.799020 0.149932 
1552.763470 0.147425 
1553.727919 0.148475 
1554.692368 0.153343 
1555.656818 0.147703 
1556.621267 0.139807 
1557.585716 0.130636 
1558.550166 0.130607 
1559.514615 0.135476 
1560.479064 0.137744 
1561.443514 0.133754 
1562.407963 0.130421 
1563.372413 0.127375 
1564.336862 0.124165 
1565.301311 0.124348 
1566.265761 0.123595 
1567.230210 0.120942 
1568.194659 0.117795 
1569.159109 0.114518 
1570.123558 0.116518 
1571.088007 0.116450 
1572.052457 0.115503 
1573.016906 0.114899 
1573.981356 0.113011 
1574.945805 0.107934 
1575.910254 0.102064 
1576.874704 0.112160 
1577.839153 0.114460 
1578.803602 0.112998 
1579.768052 0.112147 
1580.732501 0.111917 
1581.696950 0.111723 
1582.661400 0.111897 
1583.625849 0.111434 
1584.590298 0.110326 
1585.554748 0.109319 
1586.519197 0.108542 
1587.483647 0.107621 
1588.448096 0.106679 
1589.412545 0.106395 
1590.376995 0.105649 
1591.341444 0.103828 
1592.305893 0.102270 
1593.270343 0.100258 
1594.234792 0.099367 
1595.199241 0.098585 
1596.163691 0.097257 
1597.128140 0.095301 
1598.092590 0.093114 
1599.057039 0.091774 
1600.021488 0.090393 
1600.985938 0.089759 
1601.950387 0.089496 
1602.914836 0.089151 
1603.879286 0.087450 
1604.843735 0.085431 
1605.808184 0.084716 
1606.772634 0.085321 
1607.737083 0.084710 
1608.701532 0.082813 
1609.665982 0.083198 
1610.630431 0.082083 
1611.594881 0.081045 
1612.559330 0.080719 
1613.523779 0.079821 
1614.488229 0.078326 
1615.452678 0.073720 
1616.417127 0.067707 
1617.381577 0.075292 
1618.346026 0.078053 
1619.310475 0.079165 
1620.274925 0.080172 
1621.239374 0.080203 
1622.203824 0.078252 
1623.168273 0.075846 
1624.132722 0.078133 
1625.097172 0.079229 
1626.061621 0.078638 
1627.026070 0.076059 
1627.990520 0.076433 
1628.954969 0.079256 
1629.919418 0.079437 
1630.883868 0.079907 
1631.848317 0.080134 
1632.812766 0.080094 
1633.777216 0.077351 
1634.741665 0.071062 
1635.706115 0.076227 
1636.670564 0.081480 
1637.635013 0.083943 
1638.599463 0.086120 
1639.563912 0.085515 
1640.528361 0.086676 
1641.492811 0.086726 
1642.457260 0.087886 
1643.421709 0.087500 
1644.386159 0.086018 
1645.350608 0.083190 
1646.315058 0.086726 
1647.279507 0.090240 
1648.243956 0.092659 
1649.208406 0.093291 
1650.172855 0.092316 
1651.137304 0.088071 
1652.101754 0.079323 
1653.066203 0.076471 
1654.030652 0.101146 
1654.995102 0.103942 
1655.959551 0.101933 
1656.924000 0.102516 
1657.888450 0.102778 
1658.852899 0.102200 
1659.817349 0.103327 
1660.781798 0.105467 
1661.746247 0.105327 
1662.710697 0.104105 
1663.675146 0.108685 
1664.639595 0.109534 
1665.604045 0.111014 
1666.568494 0.112067 
1667.532943 0.114819 
1668.497393 0.117423 
1669.461842 0.119166 
1670.426292 0.118704 
1671.390741 0.122276 
1672.355190 0.126971 
1673.319640 0.126554 
1674.284089 0.124810 
1675.248538 0.131600 
1676.212988 0.141669 
1677.177437 0.141547 
1678.141886 0.144871 
1679.106336 0.152551 
1680.070785 0.168469 
1681.035234 0.173397 
1681.999684 0.168801 
1682.964133 0.170871 
1683.928583 0.182849 
1684.893032 0.198483 
1685.857481 0.202781 
1686.821931 0.208333 
1687.786380 0.222072 
1688.750829 0.233862 
1689.715279 0.236641 
1690.679728 0.243053 
1691.644177 0.247990 
1692.608627 0.253917 
1693.573076 0.260501 
1694.537526 0.264150 
1695.501975 0.271212 
1696.466424 0.296645 
1697.430874 0.304669 
1698.395323 0.311950 
1699.359772 0.315969 
1700.324222 0.350100 
1701.288671 0.390332 
1702.253120 0.403467 
1703.217570 0.424738 
1704.182019 0.459338 
1705.146468 0.503215 
1706.110918 0.545776 
1707.075367 0.614646 
1708.039817 0.673407 
1709.004266 0.733521 
1709.968715 0.814394 
1710.933165 0.902115 
1711.897614 0.980389 
1712.862063 1.055330 
1713.826513 1.128773 
1714.790962 1.186199 
1715.755411 1.221929 
1716.719861 1.230371 
1717.684310 1.216485 
1718.648760 1.110050 
1719.613209 1.038114 
1720.577658 0.962863 
1721.542108 0.873032 
1722.506557 0.781515 
1723.471006 0.690274 
1724.435456 0.599419 
1725.399905 0.529798 
1726.364354 0.468389 
1727.328804 0.416246 
1728.293253 0.374122 
1729.257702 0.347038 
1730.222152 0.317673 
1731.186601 0.284778 
1732.151051 0.265440 
1733.115500 0.253621 
1734.079949 0.239378 
1735.044399 0.215606 
1736.008848 0.203350 
1736.973297 0.196538 
1737.937747 0.189982 
1738.902196 0.182039 
1739.866645 0.176019 
1740.831095 0.172965 
1741.795544 0.170912 
1742.759994 0.175269 
1743.724443 0.181355 
1744.688892 0.175642 
1745.653342 0.170510 
1746.617791 0.170896 
1747.582240 0.172100 
1748.546690 0.173460 
1749.511139 0.175141 
1750.475588 0.174492 
1751.440038 0.179281 
1752.404487 0.173413 
1753.368936 0.166495 
1754.333386 0.163559 
1755.297835 0.162266 
1756.262285 0.165026 
1757.226734 0.168568 
1758.191183 0.166325 
1759.155633 0.162641 
1760.120082 0.159747 
1761.084531 0.160103 
1762.048981 0.164287 
1763.013430 0.161250 
1763.977879 0.159248 
1764.942329 0.160126 
1765.906778 0.162501 
1766.871228 0.166211 
1767.835677 0.176415 
1768.800126 0.182063 
1769.764576 0.178797 
1770.729025 0.179896 
1771.693474 0.185152 
1772.657924 0.195810 
1773.622373 0.210056 
1774.586822 0.218112 
1775.551272 0.232730 
1776.515721 0.244859 
1777.480170 0.254848 
1778.444620 0.271777 
1779.409069 0.289754 
1780.373519 0.309520 
1781.337968 0.337276 
1782.302417 0.359982 
1783.266867 0.387115 
1784.231316 0.422768 
1785.195765 0.469844 
1786.160215 0.507723 
1787.124664 0.544049 
1788.089113 0.586246 
1789.053563 0.625000 
1790.018012 0.659203 
1790.982462 0.689276 
1791.946911 0.706078 
1792.911360 0.707987 
1793.875810 0.703970 
1794.840259 0.693954 
1795.804708 0.676185 
1796.769158 0.636231 
1797.733607 0.592543 
1798.698056 0.551250 
1799.662506 0.504211 
1800.626955 0.462337 
1801.591404 0.434355 
1802.555854 0.398212 
1803.520303 0.364510 
1804.484753 0.339848 
1805.449202 0.321847 
1806.413651 0.307626 
1807.378101 0.300198 
1808.342550 0.291325 
1809.306999 0.283013 
1810.271449 0.280040 
1811.235898 0.281918 
1812.200347 0.283207 
1813.164797 0.283063 
1814.129246 0.282977 
1815.093696 0.287457 
1816.058145 0.292380 
1817.022594 0.300473 
1817.987044 0.304386 
1818.951493 0.303698 
1819.915942 0.303028 
1820.880392 0.303102 
1821.844841 0.302247 
1822.809290 0.301764 
1823.773740 0.297529 
1824.738189 0.297509 
1825.702638 0.296321 
1826.667088 0.287748 
1827.631537 0.280960 
1828.595987 0.277197 
1829.560436 0.274010 
1830.524885 0.269337 
1831.489335 0.262154 
1832.453784 0.259445 
1833.418233 0.258360 
1834.382683 0.255803 
1835.347132 0.254027 
1836.311581 0.256237 
1837.276031 0.259389 
1838.240480 0.258789 
1839.204930 0.256533 
1840.169379 0.255222 
1841.133828 0.253229 
1842.098278 0.251629 
1843.062727 0.243931 
1844.027176 0.234743 
1844.991626 0.222878 
1845.956075 0.209735 
1846.920524 0.197230 
1847.884974 0.188298 
1848.849423 0.173521 
1849.813872 0.159633 
1850.778322 0.149211 
1851.742771 0.141575 
1852.707221 0.134564 
1853.671670 0.128749 
1854.636119 0.123356 
1855.600569 0.119084 
1856.565018 0.115067 
1857.529467 0.112745 
1858.493917 0.111287 
1859.458366 0.108488 
1860.422815 0.105836 
1861.387265 0.105245 
1862.351714 0.101946 
1863.316164 0.099258 
1864.280613 0.097852 
1865.245062 0.096528 
1866.209512 0.096751 
1867.173961 0.097320 
1868.138410 0.098257 
1869.102860 0.099502 
1870.067309 0.098350 
1871.031758 0.095324 
1871.996208 0.090951 
1872.960657 0.088800 
1873.925106 0.088010 
1874.889556 0.087649 
1875.854005 0.087010 
1876.818455 0.086659 
1877.782904 0.086205 
1878.747353 0.086927 
1879.711803 0.086871 
1880.676252 0.085419 
1881.640701 0.084521 
1882.605151 0.084357 
1883.569600 0.084240 
1884.534049 0.085007 
1885.498499 0.084982 
1886.462948 0.083932 
1887.427398 0.083375 
1888.391847 0.083783 
1889.356296 0.087433 
1890.320746 0.087871 
1891.285195 0.084116 
1892.249644 0.083547 
1893.214094 0.083657 
1894.178543 0.084742 
1895.142992 0.087063 
1896.107442 0.086095 
1897.071891 0.083839 
1898.036340 0.083666 
1899.000790 0.083052 
1899.965239 0.083012 
1900.929689 0.083044 
1901.894138 0.083539 
1902.858587 0.082711 
1903.823037 0.082484 
1904.787486 0.082154 
1905.751935 0.081928 
1906.716385 0.082103 
1907.680834 0.084369 
1908.645283 0.084606 
1909.609733 0.085147 
1910.574182 0.085112 
1911.538632 0.082485 
1912.503081 0.081772 
1913.467530 0.082013 
1914.431980 0.082567 
1915.396429 0.082915 
1916.360878 0.082813 
1917.325328 0.084271 
1918.289777 0.088156 
1919.254226 0.086433 
1920.218676 0.084495 
1921.183125 0.085781 
1922.147574 0.090933 
1923.112024 0.094856 
1924.076473 0.089782 
1925.040923 0.086336 
1926.005372 0.086040 
1926.969821 0.086398 
1927.934271 0.086543 
1928.898720 0.086570 
1929.863169 0.086286 
1930.827619 0.086133 
1931.792068 0.085910 
1932.756517 0.086312 
1933.720967 0.085626 
1934.685416 0.084176 
1935.649866 0.083103 
1936.614315 0.082477 
1937.578764 0.081778 
1938.543214 0.081172 
1939.507663 0.080419 
1940.472112 0.080436 
1941.436562 0.082127 
1942.401011 0.087069 
1943.365460 0.084877 
1944.329910 0.079462 
1945.294359 0.078942 
1946.258808 0.078888 
1947.223258 0.077878 
1948.187707 0.077339 
1949.152157 0.077686 
1950.116606 0.077408 
1951.081055 0.076592 
1952.045505 0.076175 
1953.009954 0.075996 
1953.974403 0.076340 
1954.938853 0.077306 
1955.903302 0.077011 
1956.867751 0.077006 
1957.832201 0.079730 
1958.796650 0.081197 
1959.761100 0.078328 
1960.725549 0.076324 
1961.689998 0.075891 
1962.654448 0.075123 
1963.618897 0.074843 
1964.583346 0.074855 
1965.547796 0.076099 
1966.512245 0.078864 
1967.476694 0.080729 
1968.441144 0.077643 
1969.405593 0.074931 
1970.370042 0.074629 
1971.334492 0.074477 
1972.298941 0.074406 
1973.263391 0.074405 
1974.227840 0.074362 
1975.192289 0.074245 
1976.156739 0.074208 
1977.121188 0.074211 
1978.085637 0.074168 
1979.050087 0.074040 
1980.014536 0.073948 
1980.978985 0.073952 
1981.943435 0.073985 
1982.907884 0.073878 
1983.872334 0.073778 
1984.836783 0.073700 
1985.801232 0.073721 
1986.765682 0.073875 
1987.730131 0.075772 
1988.694580 0.077301 
1989.659030 0.075051 
1990.623479 0.074364 
1991.587928 0.078589 
1992.552378 0.081417 
1993.516827 0.076763 
1994.481276 0.074216 
1995.445726 0.073924 
1996.410175 0.073990 
1997.374625 0.073985 
1998.339074 0.074261 
1999.303523 0.074404 
2000.267973 0.074235 
2001.232422 0.074119 
2002.196871 0.074261 
2003.161321 0.074269 
2004.125770 0.074269 
2005.090219 0.074273 
2006.054669 0.074386 
2007.019118 0.074773 
2007.983568 0.075125 
2008.948017 0.074776 
2009.912466 0.074527 
2010.876916 0.074437 
2011.841365 0.074511 
2012.805814 0.074554 
2013.770264 0.074564 
2014.734713 0.074664 
2015.699162 0.075754 
2016.663612 0.078937 
2017.628061 0.079396 
2018.592510 0.078012 
2019.556960 0.076626 
2020.521409 0.075179 
2021.485859 0.075020 
2022.450308 0.075452 
2023.414757 0.075833 
2024.379207 0.075163 
2025.343656 0.074995 
2026.308105 0.075104 
2027.272555 0.075514 
2028.237004 0.076091 
2029.201453 0.076054 
2030.165903 0.074987 
2031.130352 0.074547 
2032.094802 0.074302 
2033.059251 0.074263 
2034.023700 0.074064 
2034.988150 0.073921 
2035.952599 0.073704 
2036.917048 0.073757 
2037.881498 0.073587 
2038.845947 0.073372 
2039.810396 0.073431 
2040.774846 0.075304 
2041.739295 0.076099 
2042.703744 0.073953 
2043.668194 0.073176 
2044.632643 0.073163 
2045.597093 0.072969 
2046.561542 0.073031 
2047.525991 0.072792 
2048.490441 0.072647 
2049.454890 0.072569 
2050.419339 0.072555 
2051.383789 0.072451 
2052.348238 0.072389 
2053.312687 0.072325 
2054.277137 0.072328 
2055.241586 0.072284 
2056.206036 0.072245 
2057.170485 0.072135 
2058.134934 0.072089 
2059.099384 0.072082 
2060.063833 0.072377 
2061.028282 0.072411 
2061.992732 0.072151 
2062.957181 0.072012 
2063.921630 0.073122 
2064.886080 0.075507 
2065.850529 0.075014 
2066.814978 0.072845 
2067.779428 0.072208 
2068.743877 0.072275 
2069.708327 0.072306 
2070.672776 0.072188 
2071.637225 0.072262 
2072.601675 0.072435 
2073.566124 0.072699 
2074.530573 0.072585 
2075.495023 0.072397 
2076.459472 0.072381 
2077.423921 0.072710 
2078.388371 0.072795 
2079.352820 0.072509 
2080.317270 0.072267 
2081.281719 0.072488 
2082.246168 0.072570 
2083.210618 0.072227 
2084.175067 0.071926 
2085.139516 0.071943 
2086.103966 0.072175 
2087.068415 0.072330 
2088.032864 0.071913 
2088.997314 0.072058 
2089.961763 0.073379 
2090.926212 0.072958 
2091.890662 0.071377 
2092.855111 0.071096 
2093.819561 0.071233 
2094.784010 0.071637 
2095.748459 0.071272 
2096.712909 0.071013 
2097.677358 0.071079 
2098.641807 0.071539 
2099.606257 0.071559 
2100.570706 0.071233 
2101.535155 0.071107 
2102.499605 0.071505 
2103.464054 0.071819 
2104.428504 0.071463 
2105.392953 0.071252 
2106.357402 0.071599 
2107.321852 0.072085 
2108.286301 0.071845 
2109.250750 0.071458 
2110.215200 0.071653 
2111.179649 0.072219 
2112.144098 0.072270 
2113.108548 0.071878 
2114.072997 0.072382 
2115.037446 0.073398 
2116.001896 0.073266 
2116.966345 0.072371 
2117.930795 0.072265 
2118.895244 0.072729 
2119.859693 0.073249 
2120.824143 0.072920 
2121.788592 0.072805 
2122.753041 0.073216 
2123.717491 0.073855 
2124.681940 0.073687 
2125.646389 0.073485 
2126.610839 0.073727 
2127.575288 0.074318 
2128.539738 0.074226 
2129.504187 0.074045 
2130.468636 0.074244 
2131.433086 0.074720 
2132.397535 0.074707 
2133.361984 0.074534 
2134.326434 0.074638 
2135.290883 0.075246 
2136.255332 0.075643 
2137.219782 0.075189 
2138.184231 0.074971 
2139.148680 0.075366 
2140.113130 0.075352 
2141.077579 0.075073 
2142.042029 0.075062 
2143.006478 0.075174 
2143.970927 0.075286 
2144.935377 0.075429 
2145.899826 0.075547 
2146.864275 0.075736 
2147.828725 0.075826 
2148.793174 0.075757 
2149.757623 0.075895 
2150.722073 0.076259 
2151.686522 0.076335 
2152.650972 0.076320 
2153.615421 0.076541 
2154.579870 0.076887 
2155.544320 0.076789 
2156.508769 0.076632 
2157.473218 0.076914 
2158.437668 0.077251 
2159.402117 0.077054 
2160.366566 0.077019 
2161.331016 0.077670 
2162.295465 0.077916 
2163.259914 0.077254 
2164.224364 0.077122 
2165.188813 0.077620 
2166.153263 0.077652 
2167.117712 0.077067 
2168.082161 0.077214 
2169.046611 0.077738 
2170.011060 0.077478 
2170.975509 0.076943 
2171.939959 0.077322 
2172.904408 0.077729 
2173.868857 0.077289 
2174.833307 0.077024 
2175.797756 0.077637 
2176.762206 0.077784 
2177.726655 0.077237 
2178.691104 0.077275 
2179.655554 0.077820 
2180.620003 0.077625 
2181.584452 0.077275 
2182.548902 0.077619 
2183.513351 0.077872 
2184.477800 0.077463 
2185.442250 0.077470 
2186.406699 0.077957 
2187.371148 0.077803 
2188.335598 0.077286 
2189.300047 0.077549 
2190.264497 0.077711 
2191.228946 0.077242 
2192.193395 0.076994 
2193.157845 0.077188 
2194.122294 0.076878 
2195.086743 0.076368 
2196.051193 0.076329 
2197.015642 0.076286 
2197.980091 0.075815 
2198.944541 0.075624 
2199.908990 0.075643 
2200.873440 0.075346 
2201.837889 0.075013 
2202.802338 0.075038 
2203.766788 0.074909 
2204.731237 0.074704 
2205.695686 0.074737 
2206.660136 0.074695 
2207.624585 0.074448 
2208.589034 0.074417 
2209.553484 0.074491 
2210.517933 0.074391 
2211.482382 0.074296 
2212.446832 0.074325 
2213.411281 0.074247 
2214.375731 0.074217 
2215.340180 0.074286 
2216.304629 0.074310 
2217.269079 0.074294 
2218.233528 0.074470 
2219.197977 0.074614 
2220.162427 0.074635 
2221.126876 0.074753 
2222.091325 0.074948 
2223.055775 0.075065 
2224.020224 0.075207 
2224.984674 0.075372 
2225.949123 0.075539 
2226.913572 0.075709 
2227.878022 0.075888 
2228.842471 0.075965 
2229.806920 0.076079 
2230.771370 0.076229 
2231.735819 0.076276 
2232.700268 0.076318 
2233.664718 0.076363 
2234.629167 0.076375 
2235.593616 0.076429 
2236.558066 0.076406 
2237.522515 0.076448 
2238.486965 0.076501 
2239.451414 0.076574 
2240.415863 0.076566 
2241.380313 0.076621 
2242.344762 0.076685 
2243.309211 0.076802 
2244.273661 0.076850 
2245.238110 0.076913 
2246.202559 0.077027 
2247.167009 0.077144 
2248.131458 0.077232 
2249.095908 0.077295 
2250.060357 0.077509 
2251.024806 0.077637 
2251.989256 0.077832 
2252.953705 0.077944 
2253.918154 0.078095 
2254.882604 0.078261 
2255.847053 0.078493 
2256.811502 0.078601 
2257.775952 0.078754 
2258.740401 0.078879 
2259.704850 0.079061 
2260.669300 0.079148 
2261.633749 0.079250 
2262.598199 0.079334 
2263.562648 0.079457 
2264.527097 0.079525 
2265.491547 0.079611 
2266.455996 0.079632 
2267.420445 0.079706 
2268.384895 0.079728 
2269.349344 0.079798 
2270.313793 0.079869 
2271.278243 0.080038 
2272.242692 0.080236 
2273.207142 0.080329 
2274.171591 0.080489 
2275.136040 0.080739 
2276.100490 0.080897 
2277.064939 0.081207 
2278.029388 0.081430 
2278.993838 0.081629 
2279.958287 0.082009 
2280.922736 0.082272 
2281.887186 0.082690 
2282.851635 0.082999 
2283.816084 0.083209 
2284.780534 0.083613 
2285.744983 0.083629 
2286.709433 0.084031 
2287.673882 0.084211 
2288.638331 0.084452 
2289.602781 0.085050 
2290.567230 0.085061 
2291.531679 0.085929 
2292.496129 0.085902 
2293.460578 0.086745 
2294.425027 0.087239 
2295.389477 0.087453 
2296.353926 0.088722 
2297.318376 0.088541 
2298.282825 0.090120 
2299.247274 0.089899 
2300.211724 0.091179 
2301.176173 0.091794 
2302.140622 0.091869 
2303.105072 0.093221 
2304.069521 0.092967 
2305.033970 0.095142 
2305.998420 0.094718 
2306.962869 0.096844 
2307.927318 0.096211 
2308.891768 0.097404 
2309.856217 0.097503 
2310.820667 0.097600 
2311.785116 0.098130 
2312.749565 0.096601 
2313.714015 0.097202 
2314.678464 0.094426 
2315.642913 0.094935 
2316.607363 0.093358 
2317.571812 0.094468 
2318.536261 0.093567 
2319.500711 0.094647 
2320.465160 0.093114 
2321.429610 0.093813 
2322.394059 0.092079 
2323.358508 0.091983 
2324.322958 0.089582 
2325.287407 0.087466 
2326.251856 0.085365 
2327.216306 0.084484 
2328.180755 0.083556 
2329.145204 0.083030 
2330.109654 0.082340 
2331.074103 0.081347 
2332.038552 0.079667 
2333.003002 0.077772 
2333.967451 0.075749 
2334.931901 0.073858 
2335.896350 0.073406 
2336.860799 0.073337 
2337.825249 0.072361 
2338.789698 0.072318 
2339.754147 0.073215 
2340.718597 0.073214 
2341.683046 0.073561 
2342.647495 0.074955 
2343.611945 0.077602 
2344.576394 0.080664 
2345.540844 0.083253 
2346.505293 0.085520 
2347.469742 0.087599 
2348.434192 0.091365 
2349.398641 0.091554 
2350.363090 0.089158 
2351.327540 0.086172 
2352.291989 0.082217 
2353.256438 0.078658 
2354.220888 0.077641 
2355.185337 0.076503 
2356.149786 0.073337 
2357.114236 0.071277 
2358.078685 0.071048 
2359.043135 0.071038 
2360.007584 0.069724 
2360.972033 0.069608 
2361.936483 0.069772 
2362.900932 0.070441 
2363.865381 0.071436 
2364.829831 0.072974 
2365.794280 0.074124 
2366.758729 0.075951 
2367.723179 0.077963 
2368.687628 0.080169 
2369.652078 0.082093 
2370.616527 0.084219 
2371.580976 0.086312 
2372.545426 0.088350 
2373.509875 0.090239 
2374.474324 0.092027 
2375.438774 0.093681 
2376.403223 0.095120 
2377.367672 0.096245 
2378.332122 0.096899 
2379.296571 0.097162 
2380.261020 0.096785 
2381.225470 0.095804 
2382.189919 0.094579 
2383.154369 0.093151 
2384.118818 0.091639 
2385.083267 0.090232 
2386.047717 0.089103 
2387.012166 0.088226 
2387.976615 0.087634 
2388.941065 0.087198 
2389.905514 0.086987 
2390.869963 0.086891 
2391.834413 0.086918 
2392.798862 0.086966 
2393.763312 0.087039 
2394.727761 0.087125 
2395.692210 0.087271 
2396.656660 0.087396 
2397.621109 0.087526 
2398.585558 0.087636 
2399.550008 0.087815 
2400.514457 0.087971 
2401.478906 0.088107 
2402.443356 0.088237 
2403.407805 0.088443 
2404.372254 0.088640 
2405.336704 0.088819 
2406.301153 0.088961 
2407.265603 0.089176 
2408.230052 0.089426 
2409.194501 0.089678 
2410.158951 0.089874 
2411.123400 0.090071 
2412.087849 0.090308 
2413.052299 0.090566 
2414.016748 0.090793 
2414.981197 0.090997 
2415.945647 0.091207 
2416.910096 0.091466 
2417.874546 0.091669 
2418.838995 0.091850 
2419.803444 0.092020 
2420.767894 0.092245 
2421.732343 0.092479 
2422.696792 0.092641 
2423.661242 0.092807 
2424.625691 0.093048 
2425.590140 0.093262 
2426.554590 0.093371 
2427.519039 0.093408 
2428.483488 0.093548 
2429.447938 0.093718 
2430.412387 0.093865 
2431.376837 0.093984 
2432.341286 0.094151 
2433.305735 0.094318 
2434.270185 0.094468 
2435.234634 0.094635 
2436.199083 0.094829 
2437.163533 0.095013 
2438.127982 0.095241 
2439.092431 0.095507 
2440.056881 0.095794 
2441.021330 0.096133 
2441.985780 0.096453 
2442.950229 0.096686 
2443.914678 0.096946 
2444.879128 0.097257 
2445.843577 0.097569 
2446.808026 0.097865 
2447.772476 0.098176 
2448.736925 0.098492 
2449.701374 0.098808 
2450.665824 0.099045 
2451.630273 0.099257 
2452.594722 0.099522 
2453.559172 0.099843 
2454.523621 0.100217 
2455.488071 0.100543 
2456.452520 0.100740 
2457.416969 0.101038 
2458.381419 0.101316 
2459.345868 0.101471 
2460.310317 0.101623 
2461.274767 0.101700 
2462.239216 0.101770 
2463.203665 0.101838 
2464.168115 0.101868 
2465.132564 0.101855 
2466.097014 0.101801 
2467.061463 0.101730 
2468.025912 0.101644 
2468.990362 0.101561 
2469.954811 0.101524 
2470.919260 0.101525 
2471.883710 0.101480 
2472.848159 0.101413 
2473.812608 0.101412 
2474.777058 0.101456 
2475.741507 0.101469 
2476.705956 0.101481 
2477.670406 0.101548 
2478.634855 0.101690 
2479.599305 0.101889 
2480.563754 0.102038 
2481.528203 0.102135 
2482.492653 0.102282 
2483.457102 0.102464 
2484.421551 0.102641 
2485.386001 0.102807 
2486.350450 0.103057 
2487.314899 0.103340 
2488.279349 0.103570 
2489.243798 0.103823 
2490.208248 0.104100 
2491.172697 0.104426 
2492.137146 0.104740 
2493.101596 0.104965 
2494.066045 0.105216 
2495.030494 0.105488 
2495.994944 0.105827 
2496.959393 0.106129 
2497.923842 0.106370 
2498.888292 0.106639 
2499.852741 0.106937 
2500.817190 0.107251 
2501.781640 0.107570 
2502.746089 0.107908 
2503.710539 0.108299 
2504.674988 0.108689 
2505.639437 0.109007 
2506.603887 0.109270 
2507.568336 0.109641 
2508.532785 0.110058 
2509.497235 0.110447 
2510.461684 0.110854 
2511.426133 0.111274 
2512.390583 0.111712 
2513.355032 0.112125 
2514.319482 0.112480 
2515.283931 0.112930 
2516.248380 0.113443 
2517.212830 0.113882 
2518.177279 0.114321 
2519.141728 0.114831 
2520.106178 0.115346 
2521.070627 0.115816 
2522.035076 0.116276 
2522.999526 0.116780 
2523.963975 0.117210 
2524.928424 0.117719 
2525.892874 0.118271 
2526.857323 0.118818 
2527.821773 0.119283 
2528.786222 0.119831 
2529.750671 0.120399 
2530.715121 0.121019 
2531.679570 0.121626 
2532.644019 0.122287 
2533.608469 0.122946 
2534.572918 0.123660 
2535.537367 0.124390 
2536.501817 0.125146 
2537.466266 0.125949 
2538.430716 0.126770 
2539.395165 0.127595 
2540.359614 0.128434 
2541.324064 0.129295 
2542.288513 0.130122 
2543.252962 0.130996 
2544.217412 0.131867 
2545.181861 0.132829 
2546.146310 0.133717 
2547.110760 0.134595 
2548.075209 0.135381 
2549.039658 0.136254 
2550.004108 0.137094 
2550.968557 0.137874 
2551.933007 0.138497 
2552.897456 0.139184 
2553.861905 0.139801 
2554.826355 0.140407 
2555.790804 0.140896 
2556.755253 0.141368 
2557.719703 0.141745 
2558.684152 0.142070 
2559.648601 0.142187 
2560.613051 0.142296 
2561.577500 0.142374 
2562.541950 0.142450 
2563.506399 0.142425 
2564.470848 0.142294 
2565.435298 0.142093 
2566.399747 0.141938 
2567.364196 0.141700 
2568.328646 0.141464 
2569.293095 0.141114 
2570.257544 0.140781 
2571.221994 0.140436 
2572.186443 0.140099 
2573.150892 0.139696 
2574.115342 0.139332 
2575.079791 0.138909 
2576.044241 0.138499 
2577.008690 0.138064 
2577.973139 0.137718 
2578.937589 0.137371 
2579.902038 0.137067 
2580.866487 0.136767 
2581.830937 0.136539 
2582.795386 0.136240 
2583.759835 0.135977 
2584.724285 0.135715 
2585.688734 0.135593 
2586.653184 0.135485 
2587.617633 0.135410 
2588.582082 0.135325 
2589.546532 0.135355 
2590.510981 0.135373 
2591.475430 0.135391 
2592.439880 0.135434 
2593.404329 0.135592 
2594.368778 0.135701 
2595.333228 0.135862 
2596.297677 0.136054 
2597.262126 0.136297 
2598.226576 0.136454 
2599.191025 0.136647 
2600.155475 0.136815 
2601.119924 0.137017 
2602.084373 0.137119 
2603.048823 0.137302 
2604.013272 0.137409 
2604.977721 0.137574 
2605.942171 0.137707 
2606.906620 0.137809 
2607.871069 0.137895 
2608.835519 0.138074 
2609.799968 0.138227 
2610.764418 0.138474 
2611.728867 0.138811 
2612.693316 0.139194 
2613.657766 0.139539 
2614.622215 0.140049 
2615.586664 0.140581 
2616.551114 0.141226 
2617.515563 0.141929 
2618.480012 0.142781 
2619.444462 0.143692 
2620.408911 0.144647 
2621.373360 0.145570 
2622.337810 0.146625 
2623.302259 0.147680 
2624.266709 0.148774 
2625.231158 0.149874 
2626.195607 0.151027 
2627.160057 0.152129 
2628.124506 0.153276 
2629.088955 0.154345 
2630.053405 0.155440 
2631.017854 0.156478 
2631.982303 0.157525 
2632.946753 0.158369 
2633.911202 0.159176 
2634.875652 0.159832 
2635.840101 0.160457 
2636.804550 0.161054 
2637.769000 0.161480 
2638.733449 0.161779 
2639.697898 0.162159 
2640.662348 0.162346 
2641.626797 0.162477 
2642.591246 0.162525 
2643.555696 0.162684 
2644.520145 0.162813 
2645.484594 0.162912 
2646.449044 0.162951 
2647.413493 0.163108 
2648.377943 0.163215 
2649.342392 0.163455 
2650.306841 0.163561 
2651.271291 0.163667 
2652.235740 0.163864 
2653.200189 0.164125 
2654.164639 0.164218 
2655.129088 0.164297 
2656.093537 0.164337 
2657.057987 0.164504 
2658.022436 0.164666 
2658.986886 0.164776 
2659.951335 0.164834 
2660.915784 0.164964 
2661.880234 0.164951 
2662.844683 0.164980 
2663.809132 0.164954 
2664.773582 0.164893 
2665.738031 0.164715 
2666.702480 0.164550 
2667.666930 0.164258 
2668.631379 0.163968 
2669.595828 0.163568 
2670.560278 0.163166 
2671.524727 0.162752 
2672.489177 0.162475 
2673.453626 0.162175 
2674.418075 0.161907 
2675.382525 0.161616 
2676.346974 0.161417 
2677.311423 0.161214 
2678.275873 0.161031 
2679.240322 0.160820 
2680.204771 0.160630 
2681.169221 0.160427 
2682.133670 0.160383 
2683.098120 0.160219 
2684.062569 0.160083 
2685.027018 0.159885 
2685.991468 0.159741 
2686.955917 0.159570 
2687.920366 0.159304 
2688.884816 0.159002 
2689.849265 0.158858 
2690.813714 0.158568 
2691.778164 0.158272 
2692.742613 0.157934 
2693.707062 0.157617 
2694.671512 0.157256 
2695.635961 0.156880 
2696.600411 0.156447 
2697.564860 0.156051 
2698.529309 0.155648 
2699.493759 0.155375 
2700.458208 0.154975 
2701.422657 0.154614 
2702.387107 0.154284 
2703.351556 0.153972 
2704.316005 0.153632 
2705.280455 0.153387 
2706.244904 0.153157 
2707.209354 0.153007 
2708.173803 0.152818 
2709.138252 0.152637 
2710.102702 0.152461 
2711.067151 0.152386 
2712.031600 0.152263 
2712.996050 0.152197 
2713.960499 0.152219 
2714.924948 0.152304 
2715.889398 0.152335 
2716.853847 0.152408 
2717.818296 0.152493 
2718.782746 0.152712 
2719.747195 0.152938 
2720.711645 0.153171 
2721.676094 0.153281 
2722.640543 0.153496 
2723.604993 0.153847 
2724.569442 0.154200 
2725.533891 0.154415 
2726.498341 0.154675 
2727.462790 0.155064 
2728.427239 0.155558 
2729.391689 0.155973 
2730.356138 0.156419 
2731.320588 0.156802 
2732.285037 0.157232 
2733.249486 0.157701 
2734.213936 0.158182 
2735.178385 0.158612 
2736.142834 0.159087 
2737.107284 0.159482 
2738.071733 0.159932 
2739.036182 0.160360 
2740.000632 0.160829 
2740.965081 0.161193 
2741.929530 0.161534 
2742.893980 0.161804 
2743.858429 0.162129 
2744.822879 0.162394 
2745.787328 0.162632 
2746.751777 0.162707 
2747.716227 0.162713 
2748.680676 0.162650 
2749.645125 0.162508 
2750.609575 0.162234 
2751.574024 0.162068 
2752.538473 0.161727 
2753.502923 0.161340 
2754.467372 0.161053 
2755.431822 0.160917 
2756.396271 0.160777 
2757.360720 0.160679 
2758.325170 0.160520 
2759.289619 0.160482 
2760.254068 0.160461 
2761.218518 0.160523 
2762.182967 0.160555 
2763.147416 0.160607 
2764.111866 0.160627 
2765.076315 0.160691 
2766.040764 0.160700 
2767.005214 0.160761 
2767.969663 0.160793 
2768.934113 0.160860 
2769.898562 0.160893 
2770.863011 0.160941 
2771.827461 0.161011 
2772.791910 0.161087 
2773.756359 0.161127 
2774.720809 0.161196 
2775.685258 0.161253 
2776.649707 0.161434 
2777.614157 0.161589 
2778.578606 0.161789 
2779.543056 0.161911 
2780.507505 0.162144 
2781.471954 0.162415 
2782.436404 0.162677 
2783.400853 0.162867 
2784.365302 0.163126 
2785.329752 0.163378 
2786.294201 0.163652 
2787.258650 0.163914 
2788.223100 0.164098 
2789.187549 0.164222 
2790.151998 0.164510 
2791.116448 0.164712 
2792.080897 0.164909 
2793.045347 0.165138 
2794.009796 0.165474 
2794.974245 0.165719 
2795.938695 0.166030 
2796.903144 0.166397 
2797.867593 0.166734 
2798.832043 0.166997 
2799.796492 0.167326 
2800.760941 0.167683 
2801.725391 0.168191 
2802.689840 0.168617 
2803.654290 0.169080 
2804.618739 0.169545 
2805.583188 0.170008 
2806.547638 0.170395 
2807.512087 0.170829 
2808.476536 0.171229 
2809.440986 0.171645 
2810.405435 0.171943 
2811.369884 0.172289 
2812.334334 0.172587 
2813.298783 0.172996 
2814.263232 0.173381 
2815.227682 0.173805 
2816.192131 0.174279 
2817.156581 0.174850 
2818.121030 0.175348 
2819.085479 0.175917 
2820.049929 0.176504 
2821.014378 0.177107 
2821.978827 0.177556 
2822.943277 0.178060 
2823.907726 0.178516 
2824.872175 0.179051 
2825.836625 0.179573 
2826.801074 0.180115 
2827.765524 0.180560 
2828.729973 0.181115 
2829.694422 0.181629 
2830.658872 0.182201 
2831.623321 0.182639 
2832.587770 0.183027 
2833.552220 0.183436 
2834.516669 0.183877 
2835.481118 0.184212 
2836.445568 0.184689 
2837.410017 0.185182 
2838.374466 0.185675 
2839.338916 0.186032 
2840.303365 0.186448 
2841.267815 0.186822 
2842.232264 0.187268 
2843.196713 0.187632 
2844.161163 0.187903 
2845.125612 0.188167 
2846.090061 0.188600 
2847.054511 0.188978 
2848.018960 0.189435 
2848.983409 0.189963 
2849.947859 0.190611 
2850.912308 0.191189 
2851.876758 0.191804 
2852.841207 0.192331 
2853.805656 0.192980 
2854.770106 0.193741 
2855.734555 0.194591 
2856.699004 0.195304 
2857.663454 0.196208 
2858.627903 0.197202 
2859.592352 0.198082 
2860.556802 0.198906 
2861.521251 0.199998 
2862.485700 0.201082 
2863.450150 0.202307 
2864.414599 0.203591 
2865.379049 0.205031 
2866.343498 0.206400 
2867.307947 0.207946 
2868.272397 0.209574 
2869.236846 0.211458 
2870.201295 0.213352 
2871.165745 0.215432 
2872.130194 0.217581 
2873.094643 0.219897 
2874.059093 0.222306 
2875.023542 0.225232 
2875.987992 0.228445 
2876.952441 0.231885 
2877.916890 0.235317 
2878.881340 0.238893 
2879.845789 0.242413 
2880.810238 0.245757 
2881.774688 0.248466 
2882.739137 0.250617 
2883.703586 0.252113 
2884.668036 0.253057 
2885.632485 0.253215 
2886.596934 0.252982 
2887.561384 0.252352 
2888.525833 0.251566 
2889.490283 0.250573 
2890.454732 0.249677 
2891.419181 0.248748 
2892.383631 0.247913 
2893.348080 0.247106 
2894.312529 0.246440 
2895.276979 0.245719 
2896.241428 0.245293 
2897.205877 0.245130 
2898.170327 0.245183 
2899.134776 0.245159 
2900.099226 0.245420 
2901.063675 0.245745 
2902.028124 0.246332 
2902.992574 0.247108 
2903.957023 0.248107 
2904.921472 0.249080 
2905.885922 0.250078 
2906.850371 0.250856 
2907.814820 0.251720 
2908.779270 0.252670 
2909.743719 0.253838 
2910.708168 0.255104 
2911.672618 0.256852 
2912.637067 0.258677 
2913.601517 0.260606 
2914.565966 0.262681 
2915.530415 0.264890 
2916.494865 0.266892 
2917.459314 0.269064 
2918.423763 0.271078 
2919.388213 0.273030 
2920.352662 0.274659 
2921.317111 0.276191 
2922.281561 0.277400 
2923.246010 0.278410 
2924.210460 0.279098 
2925.174909 0.279779 
2926.139358 0.280071 
2927.103808 0.280249 
2928.068257 0.280405 
2929.032706 0.280753 
2929.997156 0.280976 
2930.961605 0.281319 
2931.926054 0.281742 
2932.890504 0.282725 
2933.854953 0.283861 
2934.819402 0.285204 
2935.783852 0.286877 
2936.748301 0.289321 
2937.712751 0.292371 
2938.677200 0.296381 
2939.641649 0.301311 
2940.606099 0.307584 
2941.570548 0.315034 
2942.534997 0.323372 
2943.499447 0.331700 
2944.463896 0.339073 
2945.428345 0.343086 
2946.392795 0.342070 
2947.357244 0.335793 
2948.321694 0.326434 
2949.286143 0.315831 
2950.250592 0.305856 
2951.215042 0.297144 
2952.179491 0.290155 
2953.143940 0.284967 
2954.108390 0.281572 
2955.072839 0.279064 
2956.037288 0.277471 
2957.001738 0.276442 
2957.966187 0.276017 
2958.930636 0.276077 
2959.895086 0.276660 
2960.859535 0.277326 
2961.823985 0.278224 
2962.788434 0.279055 
2963.752883 0.280235 
2964.717333 0.281468 
2965.681782 0.283078 
2966.646231 0.284533 
2967.610681 0.286099 
2968.575130 0.287805 
2969.539579 0.290003 
2970.504029 0.292312 
2971.468478 0.294911 
2972.432928 0.297891 
2973.397377 0.301628 
2974.361826 0.305560 
2975.326276 0.310089 
2976.290725 0.315124 
2977.255174 0.320875 
2978.219624 0.327044 
2979.184073 0.333963 
2980.148522 0.341541 
2981.112972 0.349367 
2982.077421 0.356823 
2983.041870 0.364443 
2984.006320 0.371164 
2984.970769 0.377188 
2985.935219 0.381839 
2986.899668 0.385382 
2987.864117 0.387078 
2988.828567 0.386634 
2989.793016 0.383890 
2990.757465 0.379560 
2991.721915 0.373304 
2992.686364 0.366107 
2993.650813 0.358181 
2994.615263 0.349753 
2995.579712 0.340421 
2996.544162 0.331128 
2997.508611 0.322158 
2998.473060 0.313891 
2999.437510 0.306130 
3000.401959 0.299093 
3001.366408 0.292587 
3002.330858 0.286992 
3003.295307 0.282027 
3004.259756 0.278040 
3005.224206 0.274318 
3006.188655 0.270758 
3007.153104 0.267653 
3008.117554 0.265348 
3009.082003 0.263356 
3010.046453 0.261702 
3011.010902 0.260113 
3011.975351 0.259194 
3012.939801 0.258354 
3013.904250 0.256917 
3014.868699 0.255724 
3015.833149 0.255084 
3016.797598 0.253965 
3017.762047 0.253131 
3018.726497 0.252784 
3019.690946 0.252484 
3020.655396 0.252069 
3021.619845 0.251864 
3022.584294 0.251606 
3023.548744 0.250936 
3024.513193 0.250072 
3025.477642 0.249751 
3026.442092 0.249550 
3027.406541 0.249179 
3028.370990 0.248740 
3029.335440 0.248331 
3030.299889 0.248118 
3031.264338 0.248476 
3032.228788 0.248259 
3033.193237 0.247429 
3034.157687 0.247068 
3035.122136 0.246913 
3036.086585 0.246620 
3037.051035 0.246547 
3038.015484 0.246279 
3038.979933 0.246004 
3039.944383 0.245760 
3040.908832 0.245701 
3041.873281 0.245454 
3042.837731 0.245176 
3043.802180 0.244955 
3044.766630 0.244805 
3045.731079 0.244477 
3046.695528 0.244282 
3047.659978 0.244021 
3048.624427 0.244080 
3049.588876 0.243760 
3050.553326 0.243118 
3051.517775 0.242597 
3052.482224 0.242356 
3053.446674 0.241926 
3054.411123 0.241380 
3055.375572 0.241018 
3056.340022 0.240999 
3057.304471 0.240176 
3058.268921 0.239304 
3059.233370 0.238934 
3060.197819 0.238643 
3061.162269 0.238044 
3062.126718 0.237507 
3063.091167 0.236872 
3064.055617 0.236741 
3065.020066 0.236589 
3065.984515 0.235795 
3066.948965 0.235217 
3067.913414 0.234851 
3068.877864 0.234597 
3069.842313 0.234509 
3070.806762 0.234138 
3071.771212 0.233829 
3072.735661 0.233570 
3073.700110 0.233443 
3074.664560 0.233213 
3075.629009 0.232882 
3076.593458 0.232434 
3077.557908 0.232396 
3078.522357 0.232410 
3079.486806 0.232465 
3080.451256 0.232353 
3081.415705 0.232236 
3082.380155 0.232203 
3083.344604 0.231958 
3084.309053 0.231461 
3085.273503 0.231097 
3086.237952 0.230925 
3087.202401 0.231039 
3088.166851 0.230961 
3089.131300 0.230771 
3090.095749 0.230473 
3091.060199 0.230266 
3092.024648 0.230066 
3092.989098 0.229899 
3093.953547 0.229690 
3094.917996 0.229290 
3095.882446 0.229183 
3096.846895 0.229216 
3097.811344 0.228753 
3098.775794 0.228416 
3099.740243 0.228053 
3100.704692 0.227545 
3101.669142 0.227121 
3102.633591 0.226728 
3103.598040 0.226229 
3104.562490 0.225735 
3105.526939 0.225335 
3106.491389 0.225166 
3107.455838 0.224946 
3108.420287 0.224497 
3109.384737 0.223957 
3110.349186 0.223708 
3111.313635 0.223359 
3112.278085 0.223150 
3113.242534 0.222584 
3114.206983 0.222028 
3115.171433 0.221699 
3116.135882 0.221677 
3117.100332 0.221243 
3118.064781 0.220942 
3119.029230 0.220868 
3119.993680 0.220143 
3120.958129 0.219229 
3121.922578 0.218977 
3122.887028 0.218972 
3123.851477 0.218402 
3124.815926 0.217741 
3125.780376 0.217275 
3126.744825 0.216848 
3127.709274 0.216389 
3128.673724 0.215672 
3129.638173 0.214978 
3130.602623 0.214363 
3131.567072 0.213818 
3132.531521 0.213246 
3133.495971 0.213013 
3134.460420 0.212350 
3135.424869 0.211739 
3136.389319 0.211176 
3137.353768 0.210510 
3138.318217 0.209741 
3139.282667 0.209047 
3140.247116 0.208312 
3141.211566 0.207778 
3142.176015 0.207193 
3143.140464 0.206524 
3144.104914 0.205716 
3145.069363 0.204998 
3146.033812 0.204237 
3146.998262 0.203530 
3147.962711 0.202806 
3148.927160 0.202125 
3149.891610 0.201420 
3150.856059 0.200705 
3151.820508 0.199793 
3152.784958 0.198969 
3153.749407 0.198228 
3154.713857 0.197600 
3155.678306 0.196974 
3156.642755 0.196340 
3157.607205 0.195585 
3158.571654 0.194915 
3159.536103 0.194224 
3160.500553 0.193633 
3161.465002 0.192998 
3162.429451 0.192383 
3163.393901 0.191725 
3164.358350 0.191138 
3165.322800 0.190554 
3166.287249 0.190043 
3167.251698 0.189476 
3168.216148 0.188963 
3169.180597 0.188414 
3170.145046 0.187997 
3171.109496 0.187350 
3172.073945 0.186789 
3173.038394 0.186267 
3174.002844 0.185794 
3174.967293 0.185278 
3175.931742 0.184772 
3176.896192 0.184094 
3177.860641 0.183629 
3178.825091 0.183291 
3179.789540 0.182684 
3180.753989 0.182085 
3181.718439 0.181553 
3182.682888 0.180977 
3183.647337 0.180348 
3184.611787 0.179822 
3185.576236 0.179513 
3186.540685 0.178940 
3187.505135 0.178406 
3188.469584 0.177874 
3189.434034 0.177388 
3190.398483 0.177055 
3191.362932 0.176778 
3192.327382 0.176301 
3193.291831 0.175750 
3194.256280 0.175269 
3195.220730 0.174808 
3196.185179 0.174320 
3197.149628 0.173907 
3198.114078 0.173598 
3199.078527 0.173022 
3200.042976 0.172428 
3201.007426 0.171965 
3201.971875 0.171388 
3202.936325 0.170892 
3203.900774 0.170361 
3204.865223 0.169824 
3205.829673 0.169279 
3206.794122 0.168736 
3207.758571 0.168197 
3208.723021 0.167743 
3209.687470 0.167463 
3210.651919 0.167064 
3211.616369 0.166356 
3212.580818 0.165681 
3213.545268 0.164985 
3214.509717 0.164681 
3215.474166 0.164288 
3216.438616 0.163818 
3217.403065 0.163219 
3218.367514 0.162600 
3219.331964 0.162207 
3220.296413 0.161918 
3221.260862 0.161208 
3222.225312 0.160584 
3223.189761 0.160019 
3224.154210 0.159416 
3225.118660 0.158928 
3226.083109 0.158578 
3227.047559 0.158241 
3228.012008 0.157890 
3228.976457 0.157143 
3229.940907 0.156680 
3230.905356 0.156259 
3231.869805 0.155556 
3232.834255 0.154831 
3233.798704 0.154131 
3234.763153 0.153444 
3235.727603 0.152947 
3236.692052 0.152604 
3237.656502 0.152159 
3238.620951 0.151484 
3239.585400 0.151078 
3240.549850 0.150663 
3241.514299 0.150068 
3242.478748 0.149508 
3243.443198 0.148942 
3244.407647 0.148504 
3245.372096 0.148352 
3246.336546 0.147691 
3247.300995 0.146953 
3248.265444 0.146437 
3249.229894 0.146041 
3250.194343 0.145656 
3251.158793 0.145216 
3252.123242 0.144700 
3253.087691 0.144200 
3254.052141 0.143987 
3255.016590 0.143529 
3255.981039 0.142698 
3256.945489 0.142343 
3257.909938 0.141967 
3258.874387 0.141389 
3259.838837 0.140771 
3260.803286 0.140316 
3261.767736 0.139689 
3262.732185 0.139247 
3263.696634 0.138826 
3264.661084 0.138407 
3265.625533 0.138021 
3266.589982 0.137559 
3267.554432 0.137029 
3268.518881 0.136654 
3269.483330 0.136275 
3270.447780 0.135923 
3271.412229 0.135472 
3272.376678 0.134938 
3273.341128 0.134625 
3274.305577 0.134441 
3275.270027 0.133848 
3276.234476 0.133738 
3277.198925 0.133417 
3278.163375 0.132663 
3279.127824 0.132103 
3280.092273 0.131589 
3281.056723 0.131024 
3282.021172 0.130670 
3282.985621 0.130748 
3283.950071 0.130681 
3284.914520 0.129839 
3285.878970 0.128974 
3286.843419 0.128450 
3287.807868 0.128087 
3288.772318 0.127868 
3289.736767 0.127612 
3290.701216 0.127234 
3291.665666 0.126965 
3292.630115 0.126505 
3293.594564 0.126070 
3294.559014 0.125423 
3295.523463 0.124860 
3296.487912 0.124412 
3297.452362 0.124383 
3298.416811 0.124228 
3299.381261 0.123634 
3300.345710 0.123098 
3301.310159 0.122610 
3302.274609 0.122250 
3303.239058 0.122045 
3304.203507 0.121537 
3305.167957 0.121012 
3306.132406 0.120585 
3307.096855 0.120271 
3308.061305 0.120241 
3309.025754 0.120321 
3309.990204 0.120079 
3310.954653 0.119621 
3311.919102 0.118788 
3312.883552 0.118307 
3313.848001 0.118004 
3314.812450 0.117489 
3315.776900 0.117042 
3316.741349 0.116815 
3317.705798 0.116538 
3318.670248 0.116095 
3319.634697 0.115627 
3320.599146 0.115310 
3321.563596 0.114987 
3322.528045 0.114747 
3323.492495 0.114614 
3324.456944 0.114543 
3325.421393 0.114230 
3326.385843 0.114055 
3327.350292 0.113954 
3328.314741 0.113502 
3329.279191 0.113065 
3330.243640 0.112794 
3331.208089 0.112409 
3332.172539 0.112088 
3333.136988 0.111938 
3334.101438 0.112279 
3335.065887 0.112445 
3336.030336 0.112235 
3336.994786 0.112501 
3337.959235 0.111459 
3338.923684 0.110315 
3339.888134 0.110159 
3340.852583 0.110007 
3341.817032 0.109882 
3342.781482 0.109534 
3343.745931 0.109029 
3344.710380 0.108740 
3345.674830 0.108723 
3346.639279 0.108673 
3347.603729 0.108695 
3348.568178 0.108699 
3349.532627 0.108506 
3350.497077 0.108176 
3351.461526 0.107949 
3352.425975 0.107680 
3353.390425 0.107545 
3354.354874 0.107628 
3355.319323 0.108102 
3356.283773 0.108288 
3357.248222 0.107709 
3358.212672 0.107061 
3359.177121 0.106869 
3360.141570 0.106764 
3361.106020 0.106803 
3362.070469 0.107131 
3363.034918 0.106332 
3363.999368 0.105631 
3364.963817 0.105623 
3365.928266 0.105633 
3366.892716 0.105736 
3367.857165 0.105945 
3368.821614 0.105465 
3369.786064 0.104624 
3370.750513 0.103900 
3371.714963 0.103485 
3372.679412 0.103306 
3373.643861 0.103121 
3374.608311 0.102959 
3375.572760 0.102755 
3376.537209 0.102421 
3377.501659 0.102180 
3378.466108 0.102200 
3379.430557 0.102016 
3380.395007 0.101564 
3381.359456 0.101065 
3382.323906 0.100968 
3383.288355 0.101207 
3384.252804 0.101440 
3385.217254 0.101155 
3386.181703 0.100547 
3387.146152 0.100145 
3388.110602 0.099972 
3389.075051 0.100002 
3390.039500 0.100026 
3391.003950 0.100162 
3391.968399 0.100952 
3392.932848 0.102029 
3393.897298 0.100836 
3394.861747 0.099263 
3395.826197 0.099080 
3396.790646 0.100186 
3397.755095 0.100836 
3398.719545 0.099697 
3399.683994 0.099173 
3400.648443 0.099351 
3401.612893 0.099274 
3402.577342 0.098618 
3403.541791 0.098434 
3404.506241 0.098255 
3405.470690 0.097956 
3406.435140 0.097882 
3407.399589 0.098029 
3408.364038 0.098046 
3409.328488 0.097919 
3410.292937 0.097741 
3411.257386 0.097813 
3412.221836 0.097998 
3413.186285 0.098013 
3414.150734 0.097728 
3415.115184 0.097253 
3416.079633 0.097068 
3417.044082 0.096847 
3418.008532 0.096723 
3418.972981 0.097351 
3419.937431 0.098971 
3420.901880 0.099752 
3421.866329 0.098794 
3422.830779 0.098183 
3423.795228 0.097408 
3424.759677 0.096571 
3425.724127 0.096253 
3426.688576 0.096545 
3427.653025 0.096947 
3428.617475 0.096968 
3429.581924 0.096718 
3430.546374 0.096766 
3431.510823 0.096829 
3432.475272 0.096770 
3433.439722 0.096877 
3434.404171 0.096774 
3435.368620 0.096718 
3436.333070 0.097041 
3437.297519 0.096879 
3438.261968 0.096438 
3439.226418 0.095894 
3440.190867 0.095298 
3441.155316 0.095253 
3442.119766 0.096530 
3443.084215 0.097429 
3444.048665 0.096104 
3445.013114 0.096020 
3445.977563 0.096741 
3446.942013 0.099255 
3447.906462 0.099467 
3448.870911 0.096142 
3449.835361 0.094658 
3450.799810 0.094298 
3451.764259 0.094312 
3452.728709 0.094263 
3453.693158 0.094193 
3454.657608 0.094081 
3455.622057 0.094455 
3456.586506 0.094606 
3457.550956 0.094587 
3458.515405 0.095180 
3459.479854 0.095407 
3460.444304 0.095331 
3461.408753 0.095332 
3462.373202 0.095634 
3463.337652 0.095583 
3464.302101 0.094310 
3465.266550 0.094073 
3466.231000 0.094832 
3467.195449 0.095716 
3468.159899 0.094403 
3469.124348 0.093325 
3470.088797 0.093368 
3471.053247 0.093567 
3472.017696 0.093044 
3472.982145 0.092760 
3473.946595 0.093058 
3474.911044 0.093901 
3475.875493 0.093333 
3476.839943 0.092345 
3477.804392 0.092177 
3478.768842 0.092606 
3479.733291 0.094188 
3480.697740 0.096111 
3481.662190 0.095768 
3482.626639 0.095500 
3483.591088 0.093881 
3484.555538 0.092988 
3485.519987 0.093329 
3486.484436 0.093036 
3487.448886 0.093423 
3488.413335 0.094878 
3489.377784 0.093147 
3490.342234 0.091999 
3491.306683 0.092294 
3492.271133 0.091781 
3493.235582 0.091296 
3494.200031 0.091568 
3495.164481 0.092444 
3496.128930 0.093301 
3497.093379 0.093106 
3498.057829 0.091706 
3499.022278 0.091644 
3499.986727 0.093049 
3500.951177 0.095434 
3501.915626 0.099445 
3502.880076 0.100907 
3503.844525 0.098813 
3504.808974 0.095432 
3505.773424 0.092815 
3506.737873 0.091396 
3507.702322 0.091489 
3508.666772 0.094783 
3509.631221 0.099517 
3510.595670 0.096874 
3511.560120 0.093388 
3512.524569 0.092419 
3513.489018 0.092034 
3514.453468 0.091761 
3515.417917 0.091588 
3516.382367 0.091899 
3517.346816 0.092999 
3518.311265 0.093457 
3519.275715 0.093664 
3520.240164 0.093238 
3521.204613 0.093114 
3522.169063 0.095963 
3523.133512 0.103310 
3524.097961 0.106047 
3525.062411 0.103197 
3526.026860 0.100734 
3526.991310 0.100734 
3527.955759 0.101232 
3528.920208 0.100115 
3529.884658 0.098752 
3530.849107 0.098280 
3531.813556 0.098237 
3532.778006 0.096430 
3533.742455 0.095907 
3534.706904 0.096747 
3535.671354 0.100915 
3536.635803 0.105298 
3537.600252 0.101174 
3538.564702 0.097114 
3539.529151 0.096894 
3540.493601 0.096872 
3541.458050 0.096802 
3542.422499 0.097568 
3543.386949 0.100325 
3544.351398 0.105156 
3545.315847 0.111834 
3546.280297 0.111747 
3547.244746 0.110057 
3548.209195 0.103815 
3549.173645 0.098034 
3550.138094 0.097031 
3551.102544 0.097378 
3552.066993 0.101093 
3553.031442 0.103559 
3553.995892 0.102600 
3554.960341 0.099092 
3555.924790 0.096137 
3556.889240 0.096036 
3557.853689 0.096580 
3558.818138 0.097426 
3559.782588 0.101259 
3560.747037 0.103179 
3561.711486 0.100159 
3562.675936 0.098945 
3563.640385 0.098762 
3564.604835 0.100899 
3565.569284 0.109831 
3566.533733 0.122941 
3567.498183 0.120615 
3568.462632 0.116654 
3569.427081 0.105695 
3570.391531 0.099927 
3571.355980 0.098137 
3572.320429 0.095651 
3573.284879 0.095340 
3574.249328 0.095590 
3575.213778 0.095606 
3576.178227 0.094783 
3577.142676 0.095545 
3578.107126 0.095237 
3579.071575 0.095548 
3580.036024 0.098676 
3581.000474 0.098340 
3581.964923 0.095653 
3582.929372 0.095433 
3583.893822 0.096316 
3584.858271 0.096566 
3585.822720 0.099179 
3586.787170 0.110745 
3587.751619 0.114272 
3588.716069 0.111046 
3589.680518 0.103243 
3590.644967 0.095956 
3591.609417 0.094049 
3592.573866 0.095501 
3593.538315 0.099649 
3594.502765 0.098614 
3595.467214 0.102109 
3596.431663 0.101133 
3597.396113 0.095424 
3598.360562 0.095699 
3599.325012 0.096263 
3600.289461 0.094621 
3601.253910 0.096121 
3602.218360 0.096013 
3603.182809 0.095465 
3604.147258 0.093496 
3605.111708 0.092340 
3606.076157 0.093033 
3607.040606 0.100122 
3608.005056 0.100862 
3608.969505 0.099790 
3609.933954 0.102462 
3610.898404 0.095568 
3611.862853 0.094158 
3612.827303 0.100725 
3613.791752 0.100393 
3614.756201 0.100544 
3615.720651 0.098041 
3616.685100 0.092129 
3617.649549 0.095385 
3618.613999 0.096926 
3619.578448 0.097051 
3620.542897 0.098451 
3621.507347 0.095056 
3622.471796 0.091552 
3623.436246 0.089953 
3624.400695 0.089506 
3625.365144 0.089831 
3626.329594 0.092209 
3627.294043 0.089758 
3628.258492 0.090732 
3629.222942 0.104543 
3630.187391 0.103723 
3631.151840 0.095551 
3632.116290 0.091005 
3633.080739 0.090293 
3634.045188 0.093971 
3635.009638 0.092557 
3635.974087 0.089543 
3636.938537 0.088418 
3637.902986 0.088611 
3638.867435 0.089289 
3639.831885 0.089107 
3640.796334 0.089733 
3641.760783 0.092007 
3642.725233 0.093852 
3643.689682 0.091393 
3644.654131 0.089303 
3645.618581 0.089039 
3646.583030 0.091574 
3647.547480 0.097866 
3648.511929 0.094298 
3649.476378 0.094001 
3650.440828 0.096030 
3651.405277 0.097896 
3652.369726 0.093950 
3653.334176 0.090380 
3654.298625 0.088590 
3655.263074 0.086032 
3656.227524 0.090470 
3657.191973 0.093976 
3658.156422 0.090065 
3659.120872 0.089318 
3660.085321 0.089986 
3661.049771 0.089515 
3662.014220 0.088703 
3662.978669 0.088710 
3663.943119 0.088748 
3664.907568 0.089093 
3665.872017 0.089222 
3666.836467 0.088222 
3667.800916 0.085663 
3668.765365 0.087498 
3669.729815 0.088776 
3670.694264 0.091931 
3671.658714 0.093668 
3672.623163 0.088961 
3673.587612 0.085635 
3674.552062 0.082928 
3675.516511 0.088073 
3676.480960 0.095023 
3677.445410 0.093590 
3678.409859 0.089587 
3679.374308 0.089798 
3680.338758 0.091379 
3681.303207 0.089828 
3682.267656 0.089069 
3683.232106 0.088928 
3684.196555 0.089481 
3685.161005 0.089744 
3686.125454 0.088433 
3687.089903 0.084803 
3688.054353 0.082483 
3689.018802 0.088939 
3689.983251 0.086199 
3690.947701 0.087959 
3691.912150 0.092142 
3692.876599 0.090150 
3693.841049 0.090081 
3694.805498 0.090000 
3695.769948 0.089868 
3696.734397 0.091086 
3697.698846 0.090423 
3698.663296 0.089900 
3699.627745 0.089990 
3700.592194 0.087719 
3701.556644 0.089774 
3702.521093 0.093029 
3703.485542 0.089737 
3704.449992 0.088706 
3705.414441 0.089861 
3706.378890 0.090726 
3707.343340 0.089045 
3708.307789 0.085144 
3709.272239 0.085490 
3710.236688 0.089873 
3711.201137 0.087839 
3712.165587 0.092777 
3713.130036 0.097275 
3714.094485 0.094476 
3715.058935 0.095582 
3716.023384 0.093231 
3716.987833 0.089799 
3717.952283 0.088784 
3718.916732 0.092790 
3719.881182 0.094094 
3720.845631 0.089491 
3721.810080 0.091786 
3722.774530 0.100983 
3723.738979 0.098371 
3724.703428 0.097810 
3725.667878 0.100779 
3726.632327 0.102160 
3727.596776 0.100749 
3728.561226 0.094123 
3729.525675 0.090483 
3730.490124 0.087549 
3731.454574 0.082980 
3732.419023 0.086804 
3733.383473 0.089455 
3734.347922 0.096075 
3735.312371 0.114916 
3736.276821 0.109138 
3737.241270 0.100334 
3738.205719 0.094775 
3739.170169 0.094210 
3740.134618 0.092407 
3741.099067 0.094787 
3742.063517 0.093383 
3743.027966 0.086433 
3743.992416 0.084133 
3744.956865 0.104021 
3745.921314 0.097631 
3746.885764 0.092611 
3747.850213 0.088652 
3748.814662 0.082012 
3749.779112 0.087284 
3750.743561 0.086861 
3751.708010 0.084883 
3752.672460 0.095988 
3753.636909 0.095205 
3754.601358 0.091533 
3755.565808 0.087987 
3756.530257 0.089971 
3757.494707 0.092240 
3758.459156 0.090961 
3759.423605 0.092461 
3760.388055 0.092905 
3761.352504 0.089668 
3762.316953 0.089545 
3763.281403 0.089899 
3764.245852 0.089330 
3765.210301 0.090187 
3766.174751 0.095099 
3767.139200 0.093021 
3768.103650 0.089231 
3769.068099 0.085993 
3770.032548 0.090113 
3770.996998 0.093243 
3771.961447 0.091713 
3772.925896 0.090584 
3773.890346 0.090225 
3774.854795 0.089992 
3775.819244 0.089782 
3776.783694 0.089501 
3777.748143 0.088372 
3778.712592 0.085975 
3779.677042 0.089613 
3780.641491 0.091878 
3781.605941 0.090715 
3782.570390 0.090629 
3783.534839 0.089370 
3784.499289 0.090836 
3785.463738 0.093720 
3786.428187 0.093418 
3787.392637 0.091932 
3788.357086 0.090813 
3789.321535 0.090861 
3790.285985 0.090387 
3791.250434 0.089699 
3792.214884 0.089624 
3793.179333 0.089814 
3794.143782 0.089402 
3795.108232 0.087023 
3796.072681 0.086140 
3797.037130 0.091643 
3798.001580 0.093398 
3798.966029 0.090600 
3799.930478 0.084507 
3800.894928 0.080466 
3801.859377 0.086281 
3802.823826 0.090947 
3803.788276 0.090925 
3804.752725 0.088460 
3805.717175 0.083853 
3806.681624 0.082851 
3807.646073 0.089899 
3808.610523 0.089660 
3809.574972 0.089301 
3810.539421 0.089750 
3811.503871 0.089659 
3812.468320 0.089557 
3813.432769 0.088960 
3814.397219 0.085679 
3815.361668 0.081097 
3816.326118 0.087753 
3817.290567 0.091053 
3818.255016 0.089721 
3819.219466 0.087500 
3820.183915 0.082367 
3821.148364 0.084307 
3822.112814 0.092740 
3823.077263 0.092324 
3824.041712 0.091180 
3825.006162 0.089806 
3825.970611 0.088400 
3826.935060 0.090863 
3827.899510 0.092115 
3828.863959 0.090880 
3829.828409 0.088846 
3830.792858 0.085808 
3831.757307 0.088928 
3832.721757 0.091104 
3833.686206 0.087371 
3834.650655 0.087686 
3835.615105 0.090897 
3836.579554 0.085018 
3837.544003 0.083929 
3838.508453 0.092464 
3839.472902 0.092745 
3840.437352 0.095893 
3841.401801 0.096665 
3842.366250 0.091322 
3843.330700 0.091186 
3844.295149 0.096033 
3845.259598 0.093295 
3846.224048 0.091308 
3847.188497 0.090822 
3848.152946 0.090844 
3849.117396 0.092436 
3850.081845 0.092848 
3851.046294 0.087656 
3852.010744 0.087528 
3852.975193 0.086993 
3853.939643 0.090393 
3854.904092 0.100406 
3855.868541 0.093937 
3856.832991 0.095397 
3857.797440 0.098474 
3858.761889 0.094030 
3859.726339 0.091300 
3860.690788 0.090212 
3861.655237 0.093753 
3862.619687 0.096104 
3863.584136 0.091712 
3864.548586 0.093819 
3865.513035 0.100655 
3866.477484 0.096956 
3867.441934 0.092308 
3868.406383 0.089959 
3869.370832 0.093507 
3870.335282 0.105074 
3871.299731 0.102997 
3872.264180 0.096687 
3873.228630 0.092606 
3874.193079 0.098334 
3875.157528 0.098073 
3876.121978 0.093210 
3877.086427 0.092521 
3878.050877 0.092200 
3879.015326 0.090920 
3879.979775 0.096724 
3880.944225 0.107141 
3881.908674 0.100273 
3882.873123 0.097102 
3883.837573 0.098548 
3884.802022 0.095664 
3885.766471 0.101389 
3886.730921 0.102581 
3887.695370 0.095182 
3888.659820 0.092971 
3889.624269 0.091657 
3890.588718 0.091999 
3891.553168 0.100056 
3892.517617 0.100255 
3893.482066 0.097688 
3894.446516 0.098826 
3895.410965 0.096031 
3896.375414 0.094030 
3897.339864 0.094608 
3898.304313 0.096970 
3899.268762 0.103506 
3900.233212 0.102745 
3901.197661 0.099536 
3902.162111 0.108968 
3903.126560 0.104139 
3904.091009 0.102517 
3905.055459 0.107437 
3906.019908 0.105527 
3906.984357 0.099797 
3907.948807 0.094599 
3908.913256 0.093467 
3909.877705 0.093282 
3910.842155 0.093340 
3911.806604 0.093330 
3912.771054 0.093692 
3913.735503 0.093986 
3914.699952 0.094213 
3915.664402 0.096177 
3916.628851 0.103266 
3917.593300 0.106234 
3918.557750 0.098992 
3919.522199 0.097596 
3920.486648 0.101342 
3921.451098 0.097424 
3922.415547 0.095067 
3923.379996 0.098721 
3924.344446 0.104134 
3925.308895 0.104521 
3926.273345 0.098649 
3927.237794 0.094722 
3928.202243 0.094625 
3929.166693 0.095623 
3930.131142 0.099101 
3931.095591 0.101431 
3932.060041 0.105542 
3933.024490 0.106799 
3933.988939 0.100794 
3934.953389 0.097000 
3935.917838 0.094676 
3936.882288 0.094408 
3937.846737 0.095762 
3938.811186 0.096883 
3939.775636 0.095807 
3940.740085 0.095159 
3941.704534 0.097101 
3942.668984 0.105104 
3943.633433 0.106125 
3944.597882 0.099998 
3945.562332 0.096576 
3946.526781 0.097408 
3947.491230 0.103728 
3948.455680 0.104835 
3949.420129 0.102419 
3950.384579 0.102595 
3951.349028 0.098094 
3952.313477 0.095027 
3953.277927 0.095235 
3954.242376 0.095114 
3955.206825 0.095465 
3956.171275 0.096599 
3957.135724 0.097753 
3958.100173 0.097292 
3959.064623 0.096617 
3960.029072 0.096485 
3960.993522 0.097807 
3961.957971 0.101234 
3962.922420 0.099564 
3963.886870 0.096110 
3964.851319 0.095695 
3965.815768 0.094856 
3966.780218 0.094374 
3967.744667 0.094827 
3968.709116 0.096931 
3969.673566 0.097754 
3970.638015 0.095892 
3971.602464 0.095711 
3972.566914 0.096594 
3973.531363 0.095986 
3974.495813 0.096817 
3975.460262 0.099109 
3976.424711 0.099256 
3977.389161 0.096276 
3978.353610 0.094541 
3979.318059 0.094888 
3980.282509 0.095531 
3981.246958 0.095594 
3982.211407 0.095775 
3983.175857 0.095287 
3984.140306 0.094718 
3985.104756 0.094904 
3986.069205 0.095008 
3987.033654 0.094689 
3987.998104 0.094818 
3988.962553 0.095929 
3989.927002 0.098154 
3990.891452 0.099069 
3991.855901 0.097230 
3992.820350 0.095886 
3993.784800 0.095793 
3994.749249 0.096620 
3995.713698 0.096861 
3996.678148 0.095596 
3997.642597 0.095303 
3998.607047 0.095391 
3999.571496 0.095512 
4000.535945 0.095507 