##YUNITS=Abs
399.282035 0.129996 
400.246484 0.124669 
401.210934 0.123866 
402.175383 0.125210 
403.139832 0.122195 
404.104282 0.114989 
405.068731 0.110695 
406.033181 0.113490 
406.997630 0.115373 
407.962079 0.116628 
408.926529 0.114280 
409.890978 0.107778 
410.855427 0.104037 
411.819877 0.107617 
412.784326 0.109344 
413.748775 0.107997 
414.713225 0.105889 
415.677674 0.105045 
416.642124 0.105637 
417.606573 0.102339 
418.571022 0.095798 
419.535472 0.099365 
420.499921 0.096457 
421.464370 0.093800 
422.428820 0.094059 
423.393269 0.092504 
424.357718 0.091115 
425.322168 0.092338 
426.286617 0.091629 
427.251066 0.088971 
428.215516 0.088499 
429.179965 0.089164 
430.144415 0.091730 
431.108864 0.093118 
432.073313 0.091405 
433.037763 0.089581 
434.002212 0.089038 
434.966661 0.089041 
435.931111 0.091156 
436.895560 0.091326 
437.860009 0.089212 
438.824459 0.089486 
439.788908 0.089866 
440.753358 0.090425 
441.717807 0.090166 
442.682256 0.092645 
443.646706 0.093678 
444.611155 0.090486 
445.575604 0.089441 
446.540054 0.090415 
447.504503 0.090352 
448.468952 0.088695 
449.433402 0.088146 
450.397851 0.086626 
451.362300 0.086029 
452.326750 0.086508 
453.291199 0.085840 
454.255649 0.083954 
455.220098 0.083129 
456.184547 0.082570 
457.148997 0.081930 
458.113446 0.080998 
459.077895 0.080544 
460.042345 0.081372 
461.006794 0.081729 
461.971243 0.080360 
462.935693 0.079982 
463.900142 0.080685 
464.864592 0.080109 
465.829041 0.080035 
466.793490 0.080983 
467.757940 0.082055 
468.722389 0.082227 
469.686838 0.081893 
470.651288 0.082169 
471.615737 0.081576 
472.580186 0.080348 
473.544636 0.081152 
474.509085 0.081850 
475.473534 0.080983 
476.437984 0.080662 
477.402433 0.080475 
478.366883 0.080020 
479.331332 0.079145 
480.295781 0.078721 
481.260231 0.078785 
482.224680 0.078111 
483.189129 0.076303 
484.153579 0.074207 
485.118028 0.073533 
486.082477 0.073810 
487.046927 0.072245 
488.011376 0.070262 
488.975826 0.069425 
489.940275 0.068858 
490.904724 0.068340 
491.869174 0.068369 
492.833623 0.066998 
493.798072 0.066105 
494.762522 0.065914 
495.726971 0.065092 
496.691420 0.064069 
497.655870 0.063492 
498.620319 0.062663 
499.584768 0.061477 
500.549218 0.061229 
501.513667 0.061495 
502.478117 0.060716 
503.442566 0.060700 
504.407015 0.061246 
505.371465 0.060790 
506.335914 0.060170 
507.300363 0.059863 
508.264813 0.059622 
509.229262 0.059801 
510.193711 0.060198 
511.158161 0.059819 
512.122610 0.059266 
513.087060 0.059666 
514.051509 0.060141 
515.015958 0.060289 
515.980408 0.059845 
516.944857 0.060063 
517.909306 0.060302 
518.873756 0.060385 
519.838205 0.059981 
520.802654 0.059198 
521.767104 0.059492 
522.731553 0.059806 
523.696002 0.060105 
524.660452 0.060418 
525.624901 0.060895 
526.589351 0.062182 
527.553800 0.062345 
528.518249 0.062148 
529.482699 0.062515 
530.447148 0.064816 
531.411597 0.069111 
532.376047 0.069569 
533.340496 0.068404 
534.304945 0.066681 
535.269395 0.062849 
536.233844 0.062328 
537.198294 0.062639 
538.162743 0.061678 
539.127192 0.061896 
540.091642 0.061149 
541.056091 0.060504 
542.020540 0.060204 
542.984990 0.060515 
543.949439 0.060712 
544.913888 0.060323 
545.878338 0.060203 
546.842787 0.060528 
547.807236 0.060836 
548.771686 0.060394 
549.736135 0.060219 
550.700585 0.060633 
551.665034 0.060419 
552.629483 0.060148 
553.593933 0.060063 
554.558382 0.060257 
555.522831 0.060543 
556.487281 0.060606 
557.451730 0.060606 
558.416179 0.060800 
559.380629 0.061354 
560.345078 0.061492 
561.309528 0.061442 
562.273977 0.061398 
563.238426 0.061434 
564.202876 0.061392 
565.167325 0.061492 
566.131774 0.061763 
567.096224 0.062060 
568.060673 0.062316 
569.025122 0.062042 
569.989572 0.061857 
570.954021 0.062298 
571.918470 0.062595 
572.882920 0.062447 
573.847369 0.062131 
574.811819 0.062016 
575.776268 0.062563 
576.740717 0.062496 
577.705167 0.061891 
578.669616 0.061626 
579.634065 0.061765 
580.598515 0.062236 
581.562964 0.061976 
582.527413 0.061541 
583.491863 0.061754 
584.456312 0.062294 
585.420762 0.062378 
586.385211 0.062422 
587.349660 0.063209 
588.314110 0.063716 
589.278559 0.063010 
590.243008 0.062687 
591.207458 0.063056 
592.171907 0.063306 
593.136356 0.063128 
594.100806 0.062975 
595.065255 0.063075 
596.029704 0.063355 
596.994154 0.063543 
597.958603 0.063670 
598.923053 0.063761 
599.887502 0.064305 
600.851951 0.064364 
601.816401 0.064348 
602.780850 0.064403 
603.745299 0.064353 
604.709749 0.064557 
605.674198 0.064759 
606.638647 0.064786 
607.603097 0.064954 
608.567546 0.065634 
609.531996 0.065818 
610.496445 0.065583 
611.460894 0.065761 
612.425344 0.066179 
613.389793 0.066459 
614.354242 0.066623 
615.318692 0.066959 
616.283141 0.067304 
617.247590 0.067856 
618.212040 0.068593 
619.176489 0.069452 
620.140938 0.070462 
621.105388 0.071237 
622.069837 0.071728 
623.034287 0.072437 
623.998736 0.073404 
624.963185 0.074449 
625.927635 0.074928 
626.892084 0.075178 
627.856533 0.075880 
628.820983 0.076730 
629.785432 0.077251 
630.749881 0.077122 
631.714331 0.076115 
632.678780 0.073871 
633.643230 0.070993 
634.607679 0.068989 
635.572128 0.067817 
636.536578 0.066774 
637.501027 0.066141 
638.465476 0.065741 
639.429926 0.065234 
640.394375 0.064941 
641.358824 0.064888 
642.323274 0.064999 
643.287723 0.064801 
644.252172 0.064543 
645.216622 0.064641 
646.181071 0.064710 
647.145521 0.064673 
648.109970 0.064450 
649.074419 0.064242 
650.038869 0.064356 
651.003318 0.064446 
651.967767 0.064365 
652.932217 0.064608 
653.896666 0.064980 
654.861115 0.065130 
655.825565 0.065430 
656.790014 0.065739 
657.754464 0.066128 
658.718913 0.066707 
659.683362 0.066936 
660.647812 0.066931 
661.612261 0.067434 
662.576710 0.067864 
663.541160 0.068250 
664.505609 0.068561 
665.470058 0.068951 
666.434508 0.068457 
667.398957 0.065068 
668.363406 0.061898 
669.327856 0.067023 
670.292305 0.069177 
671.256755 0.069738 
672.221204 0.069539 
673.185653 0.069357 
674.150103 0.069776 
675.114552 0.070078 
676.079001 0.070342 
677.043451 0.070551 
678.007900 0.070850 
678.972349 0.070981 
679.936799 0.071299 
680.901248 0.071771 
681.865698 0.072483 
682.830147 0.072949 
683.794596 0.073174 
684.759046 0.073434 
685.723495 0.073919 
686.687944 0.074610 
687.652394 0.075496 
688.616843 0.076299 
689.581292 0.077071 
690.545742 0.077898 
691.510191 0.078674 
692.474640 0.079388 
693.439090 0.080056 
694.403539 0.080951 
695.367989 0.081871 
696.332438 0.082976 
697.296887 0.084119 
698.261337 0.085163 
699.225786 0.086185 
700.190235 0.087386 
701.154685 0.088676 
702.119134 0.090206 
703.083583 0.092042 
704.048033 0.093952 
705.012482 0.095813 
705.976932 0.097873 
706.941381 0.100078 
707.905830 0.102552 
708.870280 0.105412 
709.834729 0.108452 
710.799178 0.111466 
711.763628 0.115086 
712.728077 0.119142 
713.692526 0.123422 
714.656976 0.127901 
715.621425 0.132852 
716.585874 0.138250 
717.550324 0.144173 
718.514773 0.150794 
719.479223 0.157686 
720.443672 0.165064 
721.408121 0.173367 
722.372571 0.182206 
723.337020 0.192239 
724.301469 0.203376 
725.265919 0.216064 
726.230368 0.230624 
727.194817 0.247690 
728.159267 0.267724 
729.123716 0.290862 
730.088166 0.317819 
731.052615 0.349421 
732.017064 0.386374 
732.981514 0.429588 
733.945963 0.480029 
734.910412 0.538781 
735.874862 0.607474 
736.839311 0.687976 
737.803760 0.782684 
738.768210 0.894033 
739.732659 1.026240 
740.697108 1.184818 
741.661558 1.372610 
742.626007 1.597197 
743.590457 1.868495 
744.554906 2.225236 
745.519355 2.448456 
746.483805 2.366281 
747.448254 2.253647 
748.412703 2.222383 
749.377153 2.203481 
750.341602 2.196103 
751.306051 2.178837 
752.270501 2.173163 
753.234950 2.161083 
754.199400 2.160253 
755.163849 2.160289 
756.128298 2.171260 
757.092748 2.161236 
758.057197 2.167778 
759.021646 2.174816 
759.986096 2.176596 
760.950545 2.156281 
761.914994 2.169218 
762.879444 2.166837 
763.843893 2.168739 
764.808342 2.174094 
765.772792 2.177946 
766.737241 2.166396 
767.701691 2.163330 
768.666140 2.153170 
769.630589 2.176105 
770.595039 2.173753 
771.559488 2.174364 
772.523937 2.172723 
773.488387 2.181896 
774.452836 2.183124 
775.417285 2.197950 
776.381735 2.194855 
777.346184 2.188326 
778.310634 2.179511 
779.275083 2.185682 
780.239532 2.175289 
781.203982 2.169453 
782.168431 2.166382 
783.132880 2.173484 
784.097330 2.173890 
785.061779 2.181446 
786.026228 2.184004 
786.990678 2.192515 
787.955127 2.180457 
788.919576 2.178342 
789.884026 2.172747 
790.848475 2.185856 
791.812925 2.187570 
792.777374 2.187972 
793.741823 2.163209 
794.706273 2.171702 
795.670722 2.180286 
796.635171 2.179020 
797.599621 2.172400 
798.564070 2.178432 
799.528519 2.165838 
800.492969 2.171611 
801.457418 2.194292 
802.421868 2.237655 
803.386317 2.376535 
804.350766 2.299202 
805.315216 1.794692 
806.279665 1.461131 
807.244114 1.214408 
808.208564 1.024408 
809.173013 0.879050 
810.137462 0.770294 
811.101912 0.685517 
812.066361 0.614783 
813.030810 0.551283 
813.995260 0.493181 
814.959709 0.440481 
815.924159 0.394541 
816.888608 0.356310 
817.853057 0.326023 
818.817507 0.302338 
819.781956 0.284087 
820.746405 0.269655 
821.710855 0.257741 
822.675304 0.247376 
823.639753 0.237641 
824.604203 0.227871 
825.568652 0.218188 
826.533102 0.208571 
827.497551 0.198599 
828.462000 0.188490 
829.426450 0.178713 
830.390899 0.169565 
831.355348 0.160955 
832.319798 0.152815 
833.284247 0.145482 
834.248696 0.139086 
835.213146 0.133701 
836.177595 0.128980 
837.142044 0.125062 
838.106494 0.122137 
839.070943 0.119765 
840.035393 0.117660 
840.999842 0.115887 
841.964291 0.114579 
842.928741 0.113653 
843.893190 0.112779 
844.857639 0.111545 
845.822089 0.109961 
846.786538 0.108750 
847.750987 0.107986 
848.715437 0.107237 
849.679886 0.106514 
850.644336 0.106069 
851.608785 0.105796 
852.573234 0.105433 
853.537684 0.104808 
854.502133 0.104185 
855.466582 0.103558 
856.431032 0.102763 
857.395481 0.101902 
858.359930 0.101066 
859.324380 0.100278 
860.288829 0.099490 
861.253278 0.098487 
862.217728 0.097338 
863.182177 0.096514 
864.146627 0.095952 
865.111076 0.095097 
866.075525 0.094051 
867.039975 0.093307 
868.004424 0.092712 
868.968873 0.092016 
869.933323 0.091190 
870.897772 0.090306 
871.862221 0.089593 
872.826671 0.088925 
873.791120 0.088124 
874.755570 0.087296 
875.720019 0.086592 
876.684468 0.085936 
877.648918 0.085001 
878.613367 0.083946 
879.577816 0.083122 
880.542266 0.082549 
881.506715 0.082033 
882.471164 0.081422 
883.435614 0.080799 
884.400063 0.080390 
885.364512 0.080185 
886.328962 0.079987 
887.293411 0.079777 
888.257861 0.079609 
889.222310 0.079571 
890.186759 0.079430 
891.151209 0.079317 
892.115658 0.079446 
893.080107 0.079478 
894.044557 0.079449 
895.009006 0.079477 
895.973455 0.079552 
896.937905 0.079614 
897.902354 0.079651 
898.866804 0.079672 
899.831253 0.079732 
900.795702 0.079912 
901.760152 0.080226 
902.724601 0.080605 
903.689050 0.080669 
904.653500 0.080493 
905.617949 0.080501 
906.582398 0.080576 
907.546848 0.080578 
908.511297 0.080573 
909.475746 0.080571 
910.440196 0.080504 
911.404645 0.080436 
912.369095 0.080427 
913.333544 0.080425 
914.297993 0.080430 
915.262443 0.080569 
916.226892 0.080758 
917.191341 0.081048 
918.155791 0.081375 
919.120240 0.081549 
920.084689 0.081803 
921.049139 0.082130 
922.013588 0.082214 
922.978038 0.082167 
923.942487 0.081990 
924.906936 0.081770 
925.871386 0.081813 
926.835835 0.081935 
927.800284 0.082134 
928.764734 0.082594 
929.729183 0.083378 
930.693632 0.084108 
931.658082 0.084658 
932.622531 0.085424 
933.586980 0.086156 
934.551430 0.085486 
935.515879 0.083788 
936.480329 0.082668 
937.444778 0.082200 
938.409227 0.081975 
939.373677 0.081792 
940.338126 0.081498 
941.302575 0.081323 
942.267025 0.081304 
943.231474 0.081303 
944.195923 0.081197 
945.160373 0.081137 
946.124822 0.081284 
947.089272 0.081497 
948.053721 0.081581 
949.018170 0.081637 
949.982620 0.081903 
950.947069 0.082320 
951.911518 0.082655 
952.875968 0.082977 
953.840417 0.083399 
954.804866 0.083970 
955.769316 0.084646 
956.733765 0.085261 
957.698214 0.085965 
958.662664 0.086952 
959.627113 0.087994 
960.591563 0.088872 
961.556012 0.089922 
962.520461 0.091277 
963.484911 0.092631 
964.449360 0.094069 
965.413809 0.095501 
966.378259 0.097060 
967.342708 0.098875 
968.307157 0.100671 
969.271607 0.102291 
970.236056 0.103997 
971.200506 0.105843 
972.164955 0.107683 
973.129404 0.109318 
974.093854 0.110825 
975.058303 0.112194 
976.022752 0.113454 
976.987202 0.114304 
977.951651 0.114828 
978.916100 0.115185 
979.880550 0.115400 
980.844999 0.115252 
981.809448 0.114746 
982.773898 0.114102 
983.738347 0.113525 
984.702797 0.112764 
985.667246 0.111782 
986.631695 0.110916 
987.596145 0.110288 
988.560594 0.109833 
989.525043 0.109563 
990.489493 0.109447 
991.453942 0.109599 
992.418391 0.109986 
993.382841 0.110554 
994.347290 0.111314 
995.311740 0.112289 
996.276189 0.113445 
997.240638 0.114762 
998.205088 0.116136 
999.169537 0.117581 
1000.133986 0.119005 
1001.098436 0.120325 
1002.062885 0.121487 
1003.027334 0.122559 
1003.991784 0.123360 
1004.956233 0.123868 
1005.920682 0.124071 
1006.885132 0.123963 
1007.849581 0.123597 
1008.814031 0.122913 
1009.778480 0.121939 
1010.742929 0.120749 
1011.707379 0.119409 
1012.671828 0.118011 
1013.636277 0.116424 
1014.600727 0.114652 
1015.565176 0.112811 
1016.529625 0.111020 
1017.494075 0.109160 
1018.458524 0.107180 
1019.422974 0.105152 
1020.387423 0.103352 
1021.351872 0.101635 
1022.316322 0.099904 
1023.280771 0.098323 
1024.245220 0.097066 
1025.209670 0.096068 
1026.174119 0.095007 
1027.138568 0.093928 
1028.103018 0.093146 
1029.067467 0.092620 
1030.031916 0.092083 
1030.996366 0.091372 
1031.960815 0.090876 
1032.925265 0.090664 
1033.889714 0.090334 
1034.854163 0.089840 
1035.818613 0.089487 
1036.783062 0.089331 
1037.747511 0.089203 
1038.711961 0.088957 
1039.676410 0.088674 
1040.640859 0.088525 
1041.605309 0.088555 
1042.569758 0.088542 
1043.534208 0.088524 
1044.498657 0.088604 
1045.463106 0.088897 
1046.427556 0.089176 
1047.392005 0.089268 
1048.356454 0.089323 
1049.320904 0.089618 
1050.285353 0.089975 
1051.249802 0.090219 
1052.214252 0.090421 
1053.178701 0.090714 
1054.143150 0.091139 
1055.107600 0.091524 
1056.072049 0.091733 
1057.036499 0.092104 
1058.000948 0.092660 
1058.965397 0.093183 
1059.929847 0.093540 
1060.894296 0.093747 
1061.858745 0.094039 
1062.823195 0.094405 
1063.787644 0.094642 
1064.752093 0.094729 
1065.716543 0.094846 
1066.680992 0.094995 
1067.645442 0.095029 
1068.609891 0.094917 
1069.574340 0.094723 
1070.538790 0.094571 
1071.503239 0.094369 
1072.467688 0.093983 
1073.432138 0.093605 
1074.396587 0.093337 
1075.361036 0.092980 
1076.325486 0.092509 
1077.289935 0.092029 
1078.254384 0.091629 
1079.218834 0.091372 
1080.183283 0.091042 
1081.147733 0.090536 
1082.112182 0.090090 
1083.076631 0.089775 
1084.041081 0.089502 
1085.005530 0.089294 
1085.969979 0.089185 
1086.934429 0.089100 
1087.898878 0.089122 
1088.863327 0.089128 
1089.827777 0.089047 
1090.792226 0.089060 
1091.756676 0.089198 
1092.721125 0.089323 
1093.685574 0.089437 
1094.650024 0.089624 
1095.614473 0.089890 
1096.578922 0.090123 
1097.543372 0.090286 
1098.507821 0.090498 
1099.472270 0.090811 
1100.436720 0.091094 
1101.401169 0.091317 
1102.365618 0.091560 
1103.330068 0.091845 
1104.294517 0.092207 
1105.258967 0.092448 
1106.223416 0.092597 
1107.187865 0.092769 
1108.152315 0.092933 
1109.116764 0.093020 
1110.081213 0.092968 
1111.045663 0.092929 
1112.010112 0.092965 
1112.974561 0.092799 
1113.939011 0.092415 
1114.903460 0.092005 
1115.867910 0.091574 
1116.832359 0.091061 
1117.796808 0.090441 
1118.761258 0.089780 
1119.725707 0.089206 
1120.690156 0.088627 
1121.654606 0.088095 
1122.619055 0.087666 
1123.583504 0.087373 
1124.547954 0.087079 
1125.512403 0.086688 
1126.476852 0.086269 
1127.441302 0.085983 
1128.405751 0.085869 
1129.370201 0.085650 
1130.334650 0.085163 
1131.299099 0.084638 
1132.263549 0.084365 
1133.227998 0.084157 
1134.192447 0.083871 
1135.156897 0.083566 
1136.121346 0.083340 
1137.085795 0.083203 
1138.050245 0.082964 
1139.014694 0.082628 
1139.979144 0.082583 
1140.943593 0.082730 
1141.908042 0.082742 
1142.872492 0.082664 
1143.836941 0.082676 
1144.801390 0.082906 
1145.765840 0.083128 
1146.730289 0.083167 
1147.694738 0.083295 
1148.659188 0.083625 
1149.623637 0.083887 
1150.588086 0.083950 
1151.552536 0.083782 
1152.516985 0.083647 
1153.481435 0.083685 
1154.445884 0.083626 
1155.410333 0.083515 
1156.374783 0.083496 
1157.339232 0.083579 
1158.303681 0.083687 
1159.268131 0.083704 
1160.232580 0.083669 
1161.197029 0.083821 
1162.161479 0.084087 
1163.125928 0.084323 
1164.090378 0.084406 
1165.054827 0.084247 
1166.019276 0.083819 
1166.983726 0.083441 
1167.948175 0.083176 
1168.912624 0.083088 
1169.877074 0.083147 
1170.841523 0.083181 
1171.805972 0.083077 
1172.770422 0.082983 
1173.734871 0.082989 
1174.699320 0.083000 
1175.663770 0.082966 
1176.628219 0.082969 
1177.592669 0.083128 
1178.557118 0.083501 
1179.521567 0.083949 
1180.486017 0.084378 
1181.450466 0.084542 
1182.414915 0.084309 
1183.379365 0.084121 
1184.343814 0.084125 
1185.308263 0.084270 
1186.272713 0.084664 
1187.237162 0.085074 
1188.201612 0.085389 
1189.166061 0.085808 
1190.130510 0.086421 
1191.094960 0.087043 
1192.059409 0.087664 
1193.023858 0.088319 
1193.988308 0.089093 
1194.952757 0.089987 
1195.917206 0.090823 
1196.881656 0.091610 
1197.846105 0.092476 
1198.810554 0.093433 
1199.775004 0.094371 
1200.739453 0.095221 
1201.703903 0.096128 
1202.668352 0.097137 
1203.632801 0.098114 
1204.597251 0.098953 
1205.561700 0.099717 
1206.526149 0.100636 
1207.490599 0.101621 
1208.455048 0.102466 
1209.419497 0.103152 
1210.383947 0.103872 
1211.348396 0.104673 
1212.312846 0.105313 
1213.277295 0.105713 
1214.241744 0.106093 
1215.206194 0.106587 
1216.170643 0.107036 
1217.135092 0.107300 
1218.099542 0.107242 
1219.063991 0.107026 
1220.028440 0.106740 
1220.992890 0.106353 
1221.957339 0.105855 
1222.921788 0.105343 
1223.886238 0.104913 
1224.850687 0.104425 
1225.815137 0.103607 
1226.779586 0.102735 
1227.744035 0.102099 
1228.708485 0.101589 
1229.672934 0.101139 
1230.637383 0.100915 
1231.601833 0.100960 
1232.566282 0.101172 
1233.530731 0.101417 
1234.495181 0.101732 
1235.459630 0.102279 
1236.424080 0.102979 
1237.388529 0.103655 
1238.352978 0.104402 
1239.317428 0.105355 
1240.281877 0.106478 
1241.246326 0.107625 
1242.210776 0.108768 
1243.175225 0.109897 
1244.139674 0.111134 
1245.104124 0.112331 
1246.068573 0.113370 
1247.033022 0.114198 
1247.997472 0.114875 
1248.961921 0.115472 
1249.926371 0.115906 
1250.890820 0.116161 
1251.855269 0.116425 
1252.819719 0.116703 
1253.784168 0.116686 
1254.748617 0.116431 
1255.713067 0.116046 
1256.677516 0.115554 
1257.641965 0.114752 
1258.606415 0.113584 
1259.570864 0.112115 
1260.535314 0.110318 
1261.499763 0.108194 
1262.464212 0.105795 
1263.428662 0.103252 
1264.393111 0.100700 
1265.357560 0.098423 
1266.322010 0.096492 
1267.286459 0.094707 
1268.250908 0.093211 
1269.215358 0.092073 
1270.179807 0.091109 
1271.144256 0.090104 
1272.108706 0.089214 
1273.073155 0.088428 
1274.037605 0.087733 
1275.002054 0.087099 
1275.966503 0.086466 
1276.930953 0.085932 
1277.895402 0.085494 
1278.859851 0.085161 
1279.824301 0.084807 
1280.788750 0.084355 
1281.753199 0.083879 
1282.717649 0.083460 
1283.682098 0.083026 
1284.646548 0.082643 
1285.610997 0.082345 
1286.575446 0.082337 
1287.539896 0.082384 
1288.504345 0.082059 
1289.468794 0.081647 
1290.433244 0.081563 
1291.397693 0.081333 
1292.362142 0.081117 
1293.326592 0.081052 
1294.291041 0.081049 
1295.255490 0.081028 
1296.219940 0.081116 
1297.184389 0.081149 
1298.148839 0.081150 
1299.113288 0.081240 
1300.077737 0.081262 
1301.042187 0.081332 
1302.006636 0.081482 
1302.971085 0.081607 
1303.935535 0.081707 
1304.899984 0.081794 
1305.864433 0.081960 
1306.828883 0.082144 
1307.793332 0.082364 
1308.757782 0.082409 
1309.722231 0.082385 
1310.686680 0.082572 
1311.651130 0.082927 
1312.615579 0.083428 
1313.580028 0.083454 
1314.544478 0.083518 
1315.508927 0.083461 
1316.473376 0.083586 
1317.437826 0.083604 
1318.402275 0.083541 
1319.366724 0.083694 
1320.331174 0.083505 
1321.295623 0.083280 
1322.260073 0.083061 
1323.224522 0.083187 
1324.188971 0.083147 
1325.153421 0.082997 
1326.117870 0.082916 
1327.082319 0.082990 
1328.046769 0.083076 
1329.011218 0.083139 
1329.975667 0.083131 
1330.940117 0.083169 
1331.904566 0.083252 
1332.869016 0.083266 
1333.833465 0.083166 
1334.797914 0.083190 
1335.762364 0.083521 
1336.726813 0.084103 
1337.691262 0.084065 
1338.655712 0.084678 
1339.620161 0.085247 
1340.584610 0.084552 
1341.549060 0.083336 
1342.513509 0.082856 
1343.477958 0.082819 
1344.442408 0.082870 
1345.406857 0.082863 
1346.371307 0.082722 
1347.335756 0.082708 
1348.300205 0.082814 
1349.264655 0.082896 
1350.229104 0.082902 
1351.193553 0.082867 
1352.158003 0.083002 
1353.122452 0.083164 
1354.086901 0.083400 
1355.051351 0.083573 
1356.015800 0.083353 
1356.980250 0.083355 
1357.944699 0.083501 
1358.909148 0.083391 
1359.873598 0.083402 
1360.838047 0.083940 
1361.802496 0.084165 
1362.766946 0.084478 
1363.731395 0.084210 
1364.695844 0.083618 
1365.660294 0.083701 
1366.624743 0.083799 
1367.589192 0.083934 
1368.553642 0.084252 
1369.518091 0.084389 
1370.482541 0.084209 
1371.446990 0.084249 
1372.411439 0.084373 
1373.375889 0.084605 
1374.340338 0.084500 
1375.304787 0.084177 
1376.269237 0.084090 
1377.233686 0.084423 
1378.198135 0.084700 
1379.162585 0.084593 
1380.127034 0.084403 
1381.091484 0.084230 
1382.055933 0.084440 
1383.020382 0.084629 
1383.984832 0.084740 
1384.949281 0.084720 
1385.913730 0.084777 
1386.878180 0.084890 
1387.842629 0.084423 
1388.807078 0.083788 
1389.771528 0.083699 
1390.735977 0.083907 
1391.700426 0.083809 
1392.664876 0.083651 
1393.629325 0.083791 
1394.593775 0.084341 
1395.558224 0.084601 
1396.522673 0.084721 
1397.487123 0.085280 
1398.451572 0.085353 
1399.416021 0.085040 
1400.380471 0.085022 
1401.344920 0.085155 
1402.309369 0.085325 
1403.273819 0.085295 
1404.238268 0.085438 
1405.202718 0.085712 
1406.167167 0.085549 
1407.131616 0.085365 
1408.096066 0.085347 
1409.060515 0.085460 
1410.024964 0.085793 
1410.989414 0.085946 
1411.953863 0.085920 
1412.918312 0.085510 
1413.882762 0.085439 
1414.847211 0.085698 
1415.811660 0.086316 
1416.776110 0.086891 
1417.740559 0.086938 
1418.705009 0.086332 
1419.669458 0.086236 
1420.633907 0.086053 
1421.598357 0.086176 
1422.562806 0.086335 
1423.527255 0.086906 
1424.491705 0.087181 
1425.456154 0.086768 
1426.420603 0.086745 
1427.385053 0.086929 
1428.349502 0.086962 
1429.313952 0.086689 
1430.278401 0.086694 
1431.242850 0.086925 
1432.207300 0.087156 
1433.171749 0.087206 
1434.136198 0.086797 
1435.100648 0.086667 
1436.065097 0.087011 
1437.029546 0.086767 
1437.993996 0.085999 
1438.958445 0.085942 
1439.922894 0.085976 
1440.887344 0.085948 
1441.851793 0.085813 
1442.816243 0.085777 
1443.780692 0.085993 
1444.745141 0.086215 
1445.709591 0.086153 
1446.674040 0.085974 
1447.638489 0.086167 
1448.602939 0.086410 
1449.567388 0.086251 
1450.531837 0.086363 
1451.496287 0.086834 
1452.460736 0.087135 
1453.425186 0.086646 
1454.389635 0.086706 
1455.354084 0.086547 
1456.318534 0.086047 
1457.282983 0.085347 
1458.247432 0.085455 
1459.211882 0.086349 
1460.176331 0.086684 
1461.140780 0.086728 
1462.105230 0.086727 
1463.069679 0.086515 
1464.034128 0.086051 
1464.998578 0.085961 
1465.963027 0.086565 
1466.927477 0.086850 
1467.891926 0.087056 
1468.856375 0.087065 
1469.820825 0.087124 
1470.785274 0.086930 
1471.749723 0.086647 
1472.714173 0.085949 
1473.678622 0.086578 
1474.643071 0.086690 
1475.607521 0.086621 
1476.571970 0.087033 
1477.536420 0.086886 
1478.500869 0.086819 
1479.465318 0.086893 
1480.429768 0.087160 
1481.394217 0.087678 
1482.358666 0.087664 
1483.323116 0.087691 
1484.287565 0.087894 
1485.252014 0.088389 
1486.216464 0.088814 
1487.180913 0.088661 
1488.145362 0.089098 
1489.109812 0.090182 
1490.074261 0.090352 
1491.038711 0.090433 
1492.003160 0.091040 
1492.967609 0.091458 
1493.932059 0.091983 
1494.896508 0.092213 
1495.860957 0.092433 
1496.825407 0.093588 
1497.789856 0.094041 
1498.754305 0.094740 
1499.718755 0.096226 
1500.683204 0.097436 
1501.647654 0.098769 
1502.612103 0.099501 
1503.576552 0.099799 
1504.541002 0.099806 
1505.505451 0.099073 
1506.469900 0.099897 
1507.434350 0.105941 
1508.398799 0.107214 
1509.363248 0.108079 
1510.327698 0.109254 
1511.292147 0.109182 
1512.256596 0.110246 
1513.221046 0.111015 
1514.185495 0.111540 
1515.149945 0.112995 
1516.114394 0.113591 
1517.078843 0.113879 
1518.043293 0.115420 
1519.007742 0.115928 
1519.972191 0.116493 
1520.936641 0.117232 
1521.901090 0.117352 
1522.865539 0.118755 
1523.829989 0.120352 
1524.794438 0.121523 
1525.758888 0.123061 
1526.723337 0.124295 
1527.687786 0.125885 
1528.652236 0.127034 
1529.616685 0.128486 
1530.581134 0.130060 
1531.545584 0.132301 
1532.510033 0.133111 
1533.474482 0.134594 
1534.438932 0.139031 
1535.403381 0.141774 
1536.367830 0.143747 
1537.332280 0.145117 
1538.296729 0.145805 
1539.261179 0.147173 
1540.225628 0.151492 
1541.190077 0.153928 
1542.154527 0.157158 
1543.118976 0.161619 
1544.083425 0.163983 
1545.047875 0.166575 
1546.012324 0.167876 
1546.976773 0.168225 
1547.941223 0.168884 
1548.905672 0.169646 
1549.870122 0.171014 
1550.834571 0.170511 
1551.799020 0.169193 
1552.763470 0.168310 
1553.727919 0.167357 
1554.692368 0.166261 
1555.656818 0.164319 
1556.621267 0.162460 
1557.585716 0.159849 
1558.550166 0.155667 
1559.514615 0.153517 
1560.479064 0.152416 
1561.443514 0.151087 
1562.407963 0.149680 
1563.372413 0.147638 
1564.336862 0.145347 
1565.301311 0.142987 
1566.265761 0.141512 
1567.230210 0.139959 
1568.194659 0.138061 
1569.159109 0.135825 
1570.123558 0.134450 
1571.088007 0.134214 
1572.052457 0.133797 
1573.016906 0.133081 
1573.981356 0.132181 
1574.945805 0.130877 
1575.910254 0.129478 
1576.874704 0.129713 
1577.839153 0.130381 
1578.803602 0.130602 
1579.768052 0.130478 
1580.732501 0.130253 
1581.696950 0.129887 
1582.661400 0.129409 
1583.625849 0.128937 
1584.590298 0.128341 
1585.554748 0.127570 
1586.519197 0.126633 
1587.483647 0.125599 
1588.448096 0.124408 
1589.412545 0.123208 
1590.376995 0.121880 
1591.341444 0.120395 
1592.305893 0.118822 
1593.270343 0.117247 
1594.234792 0.115617 
1595.199241 0.114060 
1596.163691 0.112613 
1597.128140 0.111005 
1598.092590 0.109407 
1599.057039 0.107865 
1600.021488 0.106292 
1600.985938 0.104871 
1601.950387 0.103561 
1602.914836 0.102279 
1603.879286 0.100956 
1604.843735 0.099938 
1605.808184 0.099008 
1606.772634 0.098082 
1607.737083 0.097182 
1608.701532 0.096299 
1609.665982 0.095539 
1610.630431 0.095006 
1611.594881 0.094544 
1612.559330 0.094070 
1613.523779 0.093551 
1614.488229 0.092927 
1615.452678 0.091761 
1616.417127 0.090188 
1617.381577 0.090375 
1618.346026 0.091084 
1619.310475 0.091392 
1620.274925 0.091328 
1621.239374 0.091115 
1622.203824 0.090412 
1623.168273 0.089370 
1624.132722 0.089295 
1625.097172 0.089848 
1626.061621 0.089846 
1627.026070 0.089229 
1627.990520 0.088716 
1628.954969 0.089037 
1629.919418 0.089294 
1630.883868 0.089267 
1631.848317 0.089066 
1632.812766 0.088867 
1633.777216 0.088255 
1634.741665 0.086854 
1635.706115 0.086006 
1636.670564 0.086679 
1637.635013 0.087622 
1638.599463 0.088357 
1639.563912 0.088479 
1640.528361 0.088466 
1641.492811 0.088436 
1642.457260 0.088556 
1643.421709 0.088459 
1644.386159 0.087999 
1645.350608 0.087044 
1646.315058 0.086078 
1647.279507 0.085988 
1648.243956 0.086820 
1649.208406 0.087581 
1650.172855 0.087796 
1651.137304 0.086935 
1652.101754 0.085027 
1653.066203 0.081329 
1654.030652 0.084518 
1654.995102 0.086864 
1655.959551 0.087482 
1656.924000 0.087812 
1657.888450 0.087739 
1658.852899 0.087595 
1659.817349 0.087543 
1660.781798 0.087381 
1661.746247 0.086748 
1662.710697 0.086071 
1663.675146 0.086503 
1664.639595 0.086849 
1665.604045 0.086915 
1666.568494 0.086728 
1667.532943 0.086531 
1668.497393 0.085938 
1669.461842 0.085126 
1670.426292 0.085025 
1671.390741 0.085413 
1672.355190 0.085860 
1673.319640 0.085642 
1674.284089 0.084951 
1675.248538 0.084914 
1676.212988 0.085547 
1677.177437 0.085615 
1678.141886 0.085575 
1679.106336 0.085602 
1680.070785 0.086369 
1681.035234 0.086067 
1681.999684 0.084910 
1682.964133 0.083785 
1683.928583 0.081903 
1684.893032 0.082250 
1685.857481 0.083619 
1686.821931 0.084234 
1687.786380 0.085044 
1688.750829 0.085053 
1689.715279 0.084303 
1690.679728 0.084141 
1691.644177 0.084120 
1692.608627 0.084186 
1693.573076 0.083891 
1694.537526 0.083066 
1695.501975 0.082217 
1696.466424 0.082565 
1697.430874 0.082897 
1698.395323 0.082758 
1699.359772 0.081850 
1700.324222 0.081571 
1701.288671 0.082696 
1702.253120 0.083288 
1703.217570 0.083456 
1704.182019 0.083243 
1705.146468 0.082840 
1706.110918 0.082448 
1707.075367 0.082957 
1708.039817 0.083332 
1709.004266 0.083480 
1709.968715 0.083661 
1710.933165 0.083577 
1711.897614 0.083481 
1712.862063 0.083546 
1713.826513 0.083349 
1714.790962 0.083335 
1715.755411 0.083236 
1716.719861 0.082432 
1717.684310 0.081302 
1718.648760 0.081838 
1719.613209 0.082816 
1720.577658 0.083186 
1721.542108 0.083546 
1722.506557 0.083525 
1723.471006 0.083602 
1724.435456 0.083478 
1725.399905 0.083362 
1726.364354 0.083359 
1727.328804 0.083313 
1728.293253 0.083211 
1729.257702 0.083452 
1730.222152 0.084127 
1731.186601 0.083707 
1732.151051 0.083267 
1733.115500 0.082893 
1734.079949 0.082241 
1735.044399 0.082589 
1736.008848 0.082968 
1736.973297 0.083406 
1737.937747 0.083512 
1738.902196 0.082924 
1739.866645 0.082444 
1740.831095 0.082910 
1741.795544 0.083306 
1742.759994 0.083803 
1743.724443 0.084405 
1744.688892 0.084146 
1745.653342 0.083788 
1746.617791 0.083650 
1747.582240 0.083477 
1748.546690 0.083452 
1749.511139 0.083736 
1750.475588 0.083747 
1751.440038 0.084250 
1752.404487 0.083677 
1753.368936 0.083332 
1754.333386 0.083262 
1755.297835 0.083087 
1756.262285 0.083073 
1757.226734 0.083391 
1758.191183 0.083410 
1759.155633 0.083366 
1760.120082 0.083011 
1761.084531 0.082836 
1762.048981 0.083024 
1763.013430 0.082965 
1763.977879 0.082996 
1764.942329 0.083117 
1765.906778 0.083218 
1766.871228 0.083300 
1767.835677 0.083885 
1768.800126 0.083922 
1769.764576 0.083052 
1770.729025 0.082464 
1771.693474 0.081451 
1772.657924 0.081448 
1773.622373 0.082443 
1774.586822 0.083007 
1775.551272 0.083597 
1776.515721 0.083562 
1777.480170 0.083467 
1778.444620 0.083843 
1779.409069 0.083797 
1780.373519 0.083674 
1781.337968 0.083934 
1782.302417 0.083923 
1783.266867 0.083876 
1784.231316 0.084181 
1785.195765 0.084667 
1786.160215 0.084229 
1787.124664 0.084138 
1788.089113 0.084290 
1789.053563 0.084323 
1790.018012 0.084409 
1790.982462 0.084509 
1791.946911 0.083742 
1792.911360 0.083699 
1793.875810 0.083898 
1794.840259 0.084245 
1795.804708 0.085011 
1796.769158 0.085052 
1797.733607 0.084473 
1798.698056 0.084048 
1799.662506 0.084098 
1800.626955 0.084548 
1801.591404 0.085235 
1802.555854 0.085399 
1803.520303 0.084811 
1804.484753 0.084507 
1805.449202 0.084458 
1806.413651 0.084515 
1807.378101 0.084962 
1808.342550 0.085038 
1809.306999 0.084517 
1810.271449 0.084339 
1811.235898 0.084632 
1812.200347 0.085018 
1813.164797 0.084865 
1814.129246 0.084567 
1815.093696 0.084620 
1816.058145 0.084713 
1817.022594 0.085173 
1817.987044 0.085231 
1818.951493 0.084790 
1819.915942 0.084718 
1820.880392 0.084770 
1821.844841 0.084828 
1822.809290 0.084943 
1823.773740 0.084598 
1824.738189 0.084629 
1825.702638 0.085008 
1826.667088 0.084562 
1827.631537 0.084338 
1828.595987 0.083977 
1829.560436 0.083916 
1830.524885 0.084260 
1831.489335 0.084401 
1832.453784 0.084661 
1833.418233 0.084911 
1834.382683 0.084741 
1835.347132 0.084568 
1836.311581 0.084583 
1837.276031 0.084851 
1838.240480 0.084798 
1839.204930 0.084695 
1840.169379 0.084681 
1841.133828 0.084828 
1842.098278 0.085143 
1843.062727 0.084747 
1844.027176 0.084667 
1844.991626 0.085152 
1845.956075 0.085098 
1846.920524 0.085137 
1847.884974 0.085501 
1848.849423 0.085341 
1849.813872 0.084994 
1850.778322 0.084937 
1851.742771 0.084904 
1852.707221 0.084883 
1853.671670 0.084931 
1854.636119 0.085026 
1855.600569 0.085056 
1856.565018 0.085077 
1857.529467 0.085189 
1858.493917 0.085443 
1859.458366 0.085382 
1860.422815 0.085293 
1861.387265 0.085474 
1862.351714 0.085379 
1863.316164 0.085224 
1864.280613 0.085247 
1865.245062 0.085102 
1866.209512 0.085040 
1867.173961 0.084907 
1868.138410 0.084858 
1869.102860 0.085066 
1870.067309 0.085406 
1871.031758 0.085468 
1871.996208 0.085246 
1872.960657 0.085049 
1873.925106 0.085087 
1874.889556 0.085127 
1875.854005 0.085137 
1876.818455 0.085103 
1877.782904 0.085140 
1878.747353 0.085307 
1879.711803 0.085433 
1880.676252 0.085277 
1881.640701 0.085231 
1882.605151 0.085291 
1883.569600 0.085363 
1884.534049 0.085403 
1885.498499 0.085506 
1886.462948 0.085455 
1887.427398 0.085428 
1888.391847 0.085301 
1889.356296 0.085629 
1890.320746 0.085725 
1891.285195 0.085560 
1892.249644 0.085629 
1893.214094 0.085671 
1894.178543 0.085717 
1895.142992 0.085921 
1896.107442 0.085902 
1897.071891 0.085832 
1898.036340 0.085812 
1899.000790 0.085741 
1899.965239 0.085827 
1900.929689 0.085868 
1901.894138 0.085929 
1902.858587 0.085941 
1903.823037 0.085947 
1904.787486 0.085890 
1905.751935 0.085863 
1906.716385 0.085892 
1907.680834 0.086116 
1908.645283 0.086055 
1909.609733 0.086033 
1910.574182 0.086042 
1911.538632 0.085866 
1912.503081 0.085878 
1913.467530 0.085920 
1914.431980 0.086010 
1915.396429 0.086038 
1916.360878 0.085942 
1917.325328 0.085905 
1918.289777 0.086211 
1919.254226 0.085975 
1920.218676 0.085982 
1921.183125 0.086065 
1922.147574 0.086461 
1923.112024 0.086739 
1924.076473 0.086256 
1925.040923 0.085999 
1926.005372 0.086000 
1926.969821 0.086002 
1927.934271 0.086060 
1928.898720 0.086057 
1929.863169 0.086010 
1930.827619 0.085971 
1931.792068 0.086024 
1932.756517 0.086164 
1933.720967 0.086185 
1934.685416 0.086072 
1935.649866 0.086046 
1936.614315 0.086056 
1937.578764 0.086072 
1938.543214 0.086027 
1939.507663 0.086022 
1940.472112 0.086078 
1941.436562 0.086207 
1942.401011 0.086685 
1943.365460 0.086516 
1944.329910 0.086069 
1945.294359 0.086137 
1946.258808 0.086100 
1947.223258 0.086085 
1948.187707 0.086158 
1949.152157 0.086639 
1950.116606 0.086840 
1951.081055 0.086478 
1952.045505 0.086254 
1953.009954 0.086263 
1953.974403 0.086260 
1954.938853 0.086417 
1955.903302 0.086534 
1956.867751 0.087198 
1957.832201 0.089920 
1958.796650 0.093051 
1959.761100 0.090751 
1960.725549 0.087453 
1961.689998 0.086624 
1962.654448 0.086417 
1963.618897 0.086356 
1964.583346 0.086344 
1965.547796 0.086412 
1966.512245 0.086591 
1967.476694 0.086764 
1968.441144 0.086495 
1969.405593 0.086348 
1970.370042 0.086402 
1971.334492 0.086395 
1972.298941 0.086369 
1973.263391 0.086443 
1974.227840 0.086522 
1975.192289 0.086509 
1976.156739 0.086530 
1977.121188 0.086576 
1978.085637 0.086631 
1979.050087 0.086629 
1980.014536 0.086691 
1980.978985 0.086742 
1981.943435 0.086797 
1982.907884 0.086817 
1983.872334 0.086829 
1984.836783 0.086817 
1985.801232 0.086882 
1986.765682 0.086959 
1987.730131 0.087163 
1988.694580 0.087297 
1989.659030 0.087120 
1990.623479 0.087056 
1991.587928 0.087570 
1992.552378 0.087927 
1993.516827 0.087473 
1994.481276 0.087339 
1995.445726 0.087413 
1996.410175 0.087416 
1997.374625 0.087418 
1998.339074 0.087475 
1999.303523 0.087551 
2000.267973 0.087584 
2001.232422 0.087597 
2002.196871 0.087623 
2003.161321 0.087702 
2004.125770 0.087727 
2005.090219 0.087721 
2006.054669 0.087738 
2007.019118 0.087863 
2007.983568 0.087920 
2008.948017 0.087894 
2009.912466 0.087876 
2010.876916 0.087895 
2011.841365 0.087945 
2012.805814 0.087957 
2013.770264 0.087930 
2014.734713 0.087939 
2015.699162 0.088025 
2016.663612 0.088370 
2017.628061 0.088404 
2018.592510 0.088376 
2019.556960 0.088313 
2020.521409 0.088096 
2021.485859 0.088042 
2022.450308 0.088113 
2023.414757 0.088138 
2024.379207 0.088054 
2025.343656 0.088038 
2026.308105 0.088172 
2027.272555 0.088517 
2028.237004 0.089376 
2029.201453 0.089780 
2030.165903 0.088810 
2031.130352 0.088207 
2032.094802 0.088150 
2033.059251 0.088110 
2034.023700 0.088019 
2034.988150 0.087994 
2035.952599 0.088006 
2036.917048 0.088051 
2037.881498 0.088032 
2038.845947 0.088013 
2039.810396 0.088038 
2040.774846 0.088264 
2041.739295 0.088351 
2042.703744 0.088097 
2043.668194 0.088060 
2044.632643 0.088077 
2045.597093 0.088085 
2046.561542 0.088078 
2047.525991 0.087999 
2048.490441 0.087995 
2049.454890 0.088015 
2050.419339 0.087969 
2051.383789 0.087942 
2052.348238 0.087962 
2053.312687 0.087977 
2054.277137 0.087937 
2055.241586 0.087880 
2056.206036 0.087852 
2057.170485 0.087863 
2058.134934 0.087867 
2059.099384 0.087823 
2060.063833 0.087834 
2061.028282 0.087851 
2061.992732 0.087804 
2062.957181 0.087738 
2063.921630 0.087831 
2064.886080 0.088119 
2065.850529 0.088003 
2066.814978 0.087738 
2067.779428 0.087689 
2068.743877 0.087731 
2069.708327 0.087696 
2070.672776 0.087667 
2071.637225 0.087641 
2072.601675 0.087678 
2073.566124 0.087743 
2074.530573 0.087712 
2075.495023 0.087670 
2076.459472 0.087654 
2077.423921 0.087668 
2078.388371 0.087679 
2079.352820 0.087612 
2080.317270 0.087594 
2081.281719 0.087659 
2082.246168 0.087665 
2083.210618 0.087590 
2084.175067 0.087581 
2085.139516 0.087626 
2086.103966 0.087696 
2087.068415 0.087710 
2088.032864 0.087672 
2088.997314 0.087667 
2089.961763 0.087904 
2090.926212 0.087926 
2091.890662 0.087750 
2092.855111 0.087707 
2093.819561 0.087794 
2094.784010 0.087884 
2095.748459 0.087816 
2096.712909 0.087795 
2097.677358 0.087886 
2098.641807 0.088027 
2099.606257 0.088056 
2100.570706 0.087979 
2101.535155 0.087965 
2102.499605 0.088091 
2103.464054 0.088176 
2104.428504 0.088094 
2105.392953 0.088051 
2106.357402 0.088170 
2107.321852 0.088290 
2108.286301 0.088254 
2109.250750 0.088163 
2110.215200 0.088189 
2111.179649 0.088334 
2112.144098 0.088407 
2113.108548 0.088331 
2114.072997 0.088393 
2115.037446 0.088557 
2116.001896 0.088532 
2116.966345 0.088369 
2117.930795 0.088376 
2118.895244 0.088493 
2119.859693 0.088599 
2120.824143 0.088509 
2121.788592 0.088472 
2122.753041 0.088570 
2123.717491 0.088721 
2124.681940 0.088751 
2125.646389 0.088703 
2126.610839 0.088695 
2127.575288 0.088792 
2128.539738 0.088793 
2129.504187 0.088720 
2130.468636 0.088775 
2131.433086 0.088911 
2132.397535 0.088946 
2133.361984 0.088917 
2134.326434 0.088947 
2135.290883 0.089034 
2136.255332 0.089050 
2137.219782 0.088955 
2138.184231 0.088878 
2139.148680 0.088910 
2140.113130 0.088991 
2141.077579 0.088981 
2142.042029 0.088933 
2143.006478 0.088932 
2143.970927 0.088978 
2144.935377 0.089019 
2145.899826 0.089011 
2146.864275 0.089011 
2147.828725 0.089029 
2148.793174 0.089048 
2149.757623 0.089092 
2150.722073 0.089118 
2151.686522 0.089114 
2152.650972 0.089085 
2153.615421 0.089089 
2154.579870 0.089123 
2155.544320 0.089086 
2156.508769 0.089061 
2157.473218 0.089099 
2158.437668 0.089149 
2159.402117 0.089110 
2160.366566 0.089107 
2161.331016 0.089226 
2162.295465 0.089215 
2163.259914 0.089093 
2164.224364 0.089067 
2165.188813 0.089161 
2166.153263 0.089173 
2167.117712 0.089085 
2168.082161 0.089088 
2169.046611 0.089142 
2170.011060 0.089056 
2170.975509 0.088961 
2171.939959 0.089104 
2172.904408 0.089204 
2173.868857 0.089097 
2174.833307 0.089055 
2175.797756 0.089169 
2176.762206 0.089177 
2177.726655 0.089066 
2178.691104 0.089080 
2179.655554 0.089178 
2180.620003 0.089084 
2181.584452 0.089021 
2182.548902 0.089123 
2183.513351 0.089150 
2184.477800 0.089105 
2185.442250 0.089133 
2186.406699 0.089210 
2187.371148 0.089172 
2188.335598 0.089069 
2189.300047 0.089142 
2190.264497 0.089166 
2191.228946 0.089051 
2192.193395 0.089047 
2193.157845 0.089166 
2194.122294 0.089165 
2195.086743 0.089117 
2196.051193 0.089190 
2197.015642 0.089250 
2197.980091 0.089174 
2198.944541 0.089183 
2199.908990 0.089276 
2200.873440 0.089263 
2201.837889 0.089250 
2202.802338 0.089280 
2203.766788 0.089282 
2204.731237 0.089298 
2205.695686 0.089376 
2206.660136 0.089437 
2207.624585 0.089426 
2208.589034 0.089439 
2209.553484 0.089474 
2210.517933 0.089520 
2211.482382 0.089569 
2212.446832 0.089554 
2213.411281 0.089578 
2214.375731 0.089607 
2215.340180 0.089607 
2216.304629 0.089648 
2217.269079 0.089664 
2218.233528 0.089717 
2219.197977 0.089773 
2220.162427 0.089803 
2221.126876 0.089871 
2222.091325 0.089943 
2223.055775 0.089994 
2224.020224 0.090031 
2224.984674 0.089993 
2225.949123 0.090011 
2226.913572 0.090078 
2227.878022 0.090149 
2228.842471 0.090213 
2229.806920 0.090264 
2230.771370 0.090313 
2231.735819 0.090372 
2232.700268 0.090393 
2233.664718 0.090443 
2234.629167 0.090550 
2235.593616 0.090641 
2236.558066 0.090644 
2237.522515 0.090707 
2238.486965 0.090758 
2239.451414 0.090794 
2240.415863 0.090830 
2241.380313 0.090910 
2242.344762 0.091012 
2243.309211 0.091055 
2244.273661 0.091113 
2245.238110 0.091194 
2246.202559 0.091234 
2247.167009 0.091304 
2248.131458 0.091369 
2249.095908 0.091420 
2250.060357 0.091434 
2251.024806 0.091482 
2251.989256 0.091595 
2252.953705 0.091704 
2253.918154 0.091704 
2254.882604 0.091731 
2255.847053 0.091830 
2256.811502 0.091918 
2257.775952 0.091951 
2258.740401 0.092004 
2259.704850 0.092081 
2260.669300 0.092163 
2261.633749 0.092212 
2262.598199 0.092263 
2263.562648 0.092322 
2264.527097 0.092435 
2265.491547 0.092497 
2266.455996 0.092536 
2267.420445 0.092581 
2268.384895 0.092684 
2269.349344 0.092734 
2270.313793 0.092790 
2271.278243 0.092888 
2272.242692 0.093016 
2273.207142 0.093089 
2274.171591 0.093178 
2275.136040 0.093274 
2276.100490 0.093375 
2277.064939 0.093481 
2278.029388 0.093600 
2278.993838 0.093687 
2279.958287 0.093842 
2280.922736 0.093967 
2281.887186 0.094098 
2282.851635 0.094169 
2283.816084 0.094244 
2284.780534 0.094283 
2285.744983 0.094260 
2286.709433 0.094238 
2287.673882 0.094244 
2288.638331 0.094252 
2289.602781 0.094329 
2290.567230 0.094203 
2291.531679 0.094190 
2292.496129 0.094114 
2293.460578 0.094121 
2294.425027 0.094046 
2295.389477 0.094008 
2296.353926 0.094009 
2297.318376 0.093921 
2298.282825 0.093966 
2299.247274 0.093857 
2300.211724 0.093784 
2301.176173 0.093721 
2302.140622 0.093556 
2303.105072 0.093557 
2304.069521 0.093420 
2305.033970 0.093499 
2305.998420 0.093233 
2306.962869 0.093215 
2307.927318 0.092915 
2308.891768 0.092836 
2309.856217 0.092576 
2310.820667 0.092474 
2311.785116 0.092185 
2312.749565 0.091914 
2313.714015 0.091638 
2314.678464 0.091462 
2315.642913 0.091345 
2316.607363 0.091082 
2317.571812 0.090869 
2318.536261 0.090499 
2319.500711 0.089980 
2320.465160 0.089466 
2321.429610 0.089230 
2322.394059 0.088903 
2323.358508 0.088681 
2324.322958 0.088297 
2325.287407 0.088078 
2326.251856 0.087729 
2327.216306 0.087271 
2328.180755 0.086871 
2329.145204 0.086577 
2330.109654 0.086393 
2331.074103 0.086218 
2332.038552 0.086036 
2333.003002 0.086012 
2333.967451 0.085941 
2334.931901 0.085842 
2335.896350 0.085513 
2336.860799 0.085159 
2337.825249 0.085019 
2338.789698 0.084937 
2339.754147 0.084780 
2340.718597 0.084666 
2341.683046 0.084559 
2342.647495 0.084612 
2343.611945 0.084910 
2344.576394 0.085320 
2345.540844 0.085864 
2346.505293 0.086949 
2347.469742 0.088250 
2348.434192 0.089679 
2349.398641 0.089691 
2350.363090 0.088473 
2351.327540 0.087271 
2352.291989 0.086165 
2353.256438 0.085094 
2354.220888 0.084252 
2355.185337 0.083537 
2356.149786 0.082671 
2357.114236 0.082004 
2358.078685 0.081586 
2359.043135 0.081610 
2360.007584 0.081345 
2360.972033 0.081456 
2361.936483 0.081505 
2362.900932 0.081783 
2363.865381 0.082165 
2364.829831 0.082572 
2365.794280 0.082901 
2366.758729 0.083525 
2367.723179 0.084311 
2368.687628 0.085132 
2369.652078 0.085933 
2370.616527 0.086653 
2371.580976 0.087503 
2372.545426 0.088275 
2373.509875 0.088911 
2374.474324 0.089581 
2375.438774 0.090288 
2376.403223 0.090840 
2377.367672 0.091402 
2378.332122 0.091947 
2379.296571 0.092427 
2380.261020 0.092768 
2381.225470 0.093072 
2382.189919 0.093342 
2383.154369 0.093543 
2384.118818 0.093667 
2385.083267 0.093713 
2386.047717 0.093626 
2387.012166 0.093583 
2387.976615 0.093564 
2388.941065 0.093543 
2389.905514 0.093487 
2390.869963 0.093481 
2391.834413 0.093487 
2392.798862 0.093464 
2393.763312 0.093413 
2394.727761 0.093389 
2395.692210 0.093358 
2396.656660 0.093341 
2397.621109 0.093278 
2398.585558 0.093282 
2399.550008 0.093295 
2400.514457 0.093267 
2401.478906 0.093233 
2402.443356 0.093213 
2403.407805 0.093177 
2404.372254 0.093154 
2405.336704 0.093144 
2406.301153 0.093168 
2407.265603 0.093153 
2408.230052 0.093197 
2409.194501 0.093237 
2410.158951 0.093235 
2411.123400 0.093189 
2412.087849 0.093192 
2413.052299 0.093180 
2414.016748 0.093155 
2414.981197 0.093137 
2415.945647 0.093163 
2416.910096 0.093169 
2417.874546 0.093173 
2418.838995 0.093142 
2419.803444 0.093160 
2420.767894 0.093171 
2421.732343 0.093199 
2422.696792 0.093212 
2423.661242 0.093248 
2424.625691 0.093301 
2425.590140 0.093334 
2426.554590 0.093311 
2427.519039 0.093280 
2428.483488 0.093252 
2429.447938 0.093266 
2430.412387 0.093297 
2431.376837 0.093291 
2432.341286 0.093249 
2433.305735 0.093268 
2434.270185 0.093309 
2435.234634 0.093357 
2436.199083 0.093362 
2437.163533 0.093349 
2438.127982 0.093353 
2439.092431 0.093384 
2440.056881 0.093427 
2441.021330 0.093455 
2441.985780 0.093523 
2442.950229 0.093543 
2443.914678 0.093486 
2444.879128 0.093507 
2445.843577 0.093523 
2446.808026 0.093559 
2447.772476 0.093601 
2448.736925 0.093605 
2449.701374 0.093610 
2450.665824 0.093652 
2451.630273 0.093664 
2452.594722 0.093672 
2453.559172 0.093721 
2454.523621 0.093759 
2455.488071 0.093737 
2456.452520 0.093801 
2457.416969 0.093845 
2458.381419 0.093862 
2459.345868 0.093869 
2460.310317 0.093858 
2461.274767 0.093850 
2462.239216 0.093868 
2463.203665 0.093911 
2464.168115 0.093961 
2465.132564 0.093996 
2466.097014 0.094009 
2467.061463 0.093986 
2468.025912 0.093987 
2468.990362 0.093982 
2469.954811 0.094074 
2470.919260 0.094138 
2471.883710 0.094126 
2472.848159 0.094148 
2473.812608 0.094169 
2474.777058 0.094190 
2475.741507 0.094248 
2476.705956 0.094250 
2477.670406 0.094218 
2478.634855 0.094217 
2479.599305 0.094276 
2480.563754 0.094292 
2481.528203 0.094283 
2482.492653 0.094318 
2483.457102 0.094367 
2484.421551 0.094364 
2485.386001 0.094335 
2486.350450 0.094331 
2487.314899 0.094394 
2488.279349 0.094449 
2489.243798 0.094454 
2490.208248 0.094486 
2491.172697 0.094533 
2492.137146 0.094583 
2493.101596 0.094604 
2494.066045 0.094543 
2495.030494 0.094544 
2495.994944 0.094582 
2496.959393 0.094553 
2497.923842 0.094540 
2498.888292 0.094539 
2499.852741 0.094513 
2500.817190 0.094527 
2501.781640 0.094581 
2502.746089 0.094654 
2503.710539 0.094653 
2504.674988 0.094633 
2505.639437 0.094603 
2506.603887 0.094614 
2507.568336 0.094627 
2508.532785 0.094646 
2509.497235 0.094686 
2510.461684 0.094661 
2511.426133 0.094633 
2512.390583 0.094654 
2513.355032 0.094655 
2514.319482 0.094611 
2515.283931 0.094566 
2516.248380 0.094571 
2517.212830 0.094596 
2518.177279 0.094619 
2519.141728 0.094605 
2520.106178 0.094640 
2521.070627 0.094684 
2522.035076 0.094722 
2522.999526 0.094733 
2523.963975 0.094714 
2524.928424 0.094712 
2525.892874 0.094699 
2526.857323 0.094667 
2527.821773 0.094685 
2528.786222 0.094734 
2529.750671 0.094774 
2530.715121 0.094773 
2531.679570 0.094747 
2532.644019 0.094691 
2533.608469 0.094681 
2534.572918 0.094707 
2535.537367 0.094760 
2536.501817 0.094719 
2537.466266 0.094718 
2538.430716 0.094721 
2539.395165 0.094759 
2540.359614 0.094790 
2541.324064 0.094805 
2542.288513 0.094813 
2543.252962 0.094846 
2544.217412 0.094844 
2545.181861 0.094853 
2546.146310 0.094816 
2547.110760 0.094839 
2548.075209 0.094825 
2549.039658 0.094826 
2550.004108 0.094841 
2550.968557 0.094856 
2551.933007 0.094852 
2552.897456 0.094864 
2553.861905 0.094890 
2554.826355 0.094945 
2555.790804 0.094977 
2556.755253 0.095013 
2557.719703 0.095042 
2558.684152 0.095054 
2559.648601 0.095030 
2560.613051 0.095034 
2561.577500 0.095032 
2562.541950 0.095086 
2563.506399 0.095190 
2564.470848 0.095224 
2565.435298 0.095219 
2566.399747 0.095294 
2567.364196 0.095323 
2568.328646 0.095328 
2569.293095 0.095340 
2570.257544 0.095387 
2571.221994 0.095400 
2572.186443 0.095413 
2573.150892 0.095488 
2574.115342 0.095577 
2575.079791 0.095580 
2576.044241 0.095633 
2577.008690 0.095655 
2577.973139 0.095681 
2578.937589 0.095688 
2579.902038 0.095685 
2580.866487 0.095707 
2581.830937 0.095780 
2582.795386 0.095855 
2583.759835 0.095887 
2584.724285 0.095837 
2585.688734 0.095829 
2586.653184 0.095824 
2587.617633 0.095868 
2588.582082 0.095940 
2589.546532 0.096012 
2590.510981 0.096060 
2591.475430 0.096062 
2592.439880 0.096032 
2593.404329 0.096070 
2594.368778 0.096092 
2595.333228 0.096126 
2596.297677 0.096145 
2597.262126 0.096186 
2598.226576 0.096178 
2599.191025 0.096187 
2600.155475 0.096232 
2601.119924 0.096284 
2602.084373 0.096311 
2603.048823 0.096326 
2604.013272 0.096292 
2604.977721 0.096287 
2605.942171 0.096335 
2606.906620 0.096384 
2607.871069 0.096382 
2608.835519 0.096397 
2609.799968 0.096405 
2610.764418 0.096402 
2611.728867 0.096377 
2612.693316 0.096412 
2613.657766 0.096466 
2614.622215 0.096519 
2615.586664 0.096521 
2616.551114 0.096517 
2617.515563 0.096497 
2618.480012 0.096507 
2619.444462 0.096512 
2620.408911 0.096524 
2621.373360 0.096525 
2622.337810 0.096516 
2623.302259 0.096494 
2624.266709 0.096513 
2625.231158 0.096487 
2626.195607 0.096500 
2627.160057 0.096524 
2628.124506 0.096537 
2629.088955 0.096557 
2630.053405 0.096562 
2631.017854 0.096558 
2631.982303 0.096556 
2632.946753 0.096511 
2633.911202 0.096507 
2634.875652 0.096558 
2635.840101 0.096610 
2636.804550 0.096603 
2637.769000 0.096555 
2638.733449 0.096527 
2639.697898 0.096534 
2640.662348 0.096528 
2641.626797 0.096554 
2642.591246 0.096595 
2643.555696 0.096604 
2644.520145 0.096532 
2645.484594 0.096539 
2646.449044 0.096537 
2647.413493 0.096532 
2648.377943 0.096549 
2649.342392 0.096574 
2650.306841 0.096555 
2651.271291 0.096568 
2652.235740 0.096613 
2653.200189 0.096670 
2654.164639 0.096648 
2655.129088 0.096652 
2656.093537 0.096660 
2657.057987 0.096616 
2658.022436 0.096559 
2658.986886 0.096618 
2659.951335 0.096698 
2660.915784 0.096730 
2661.880234 0.096748 
2662.844683 0.096721 
2663.809132 0.096718 
2664.773582 0.096731 
2665.738031 0.096705 
2666.702480 0.096696 
2667.666930 0.096736 
2668.631379 0.096801 
2669.595828 0.096843 
2670.560278 0.096839 
2671.524727 0.096853 
2672.489177 0.096902 
2673.453626 0.096916 
2674.418075 0.096962 
2675.382525 0.097001 
2676.346974 0.097050 
2677.311423 0.097049 
2678.275873 0.097039 
2679.240322 0.097034 
2680.204771 0.097064 
2681.169221 0.097104 
2682.133670 0.097158 
2683.098120 0.097140 
2684.062569 0.097147 
2685.027018 0.097189 
2685.991468 0.097216 
2686.955917 0.097228 
2687.920366 0.097270 
2688.884816 0.097319 
2689.849265 0.097377 
2690.813714 0.097369 
2691.778164 0.097377 
2692.742613 0.097407 
2693.707062 0.097461 
2694.671512 0.097493 
2695.635961 0.097561 
2696.600411 0.097598 
2697.564860 0.097604 
2698.529309 0.097616 
2699.493759 0.097641 
2700.458208 0.097626 
2701.422657 0.097643 
2702.387107 0.097688 
2703.351556 0.097740 
2704.316005 0.097761 
2705.280455 0.097791 
2706.244904 0.097862 
2707.209354 0.097942 
2708.173803 0.097968 
2709.138252 0.097982 
2710.102702 0.097964 
2711.067151 0.098011 
2712.031600 0.098070 
2712.996050 0.098091 
2713.960499 0.098121 
2714.924948 0.098229 
2715.889398 0.098229 
2716.853847 0.098175 
2717.818296 0.098147 
2718.782746 0.098177 
2719.747195 0.098177 
2720.711645 0.098239 
2721.676094 0.098304 
2722.640543 0.098332 
2723.604993 0.098375 
2724.569442 0.098427 
2725.533891 0.098410 
2726.498341 0.098395 
2727.462790 0.098429 
2728.427239 0.098536 
2729.391689 0.098571 
2730.356138 0.098512 
2731.320588 0.098471 
2732.285037 0.098514 
2733.249486 0.098592 
2734.213936 0.098654 
2735.178385 0.098657 
2736.142834 0.098617 
2737.107284 0.098544 
2738.071733 0.098569 
2739.036182 0.098634 
2740.000632 0.098636 
2740.965081 0.098615 
2741.929530 0.098684 
2742.893980 0.098710 
2743.858429 0.098703 
2744.822879 0.098705 
2745.787328 0.098744 
2746.751777 0.098782 
2747.716227 0.098769 
2748.680676 0.098753 
2749.645125 0.098740 
2750.609575 0.098729 
2751.574024 0.098757 
2752.538473 0.098748 
2753.502923 0.098760 
2754.467372 0.098818 
2755.431822 0.098834 
2756.396271 0.098793 
2757.360720 0.098840 
2758.325170 0.098867 
2759.289619 0.098923 
2760.254068 0.098989 
2761.218518 0.098940 
2762.182967 0.098884 
2763.147416 0.098904 
2764.111866 0.098918 
2765.076315 0.098943 
2766.040764 0.098956 
2767.005214 0.098977 
2767.969663 0.098975 
2768.934113 0.098974 
2769.898562 0.099005 
2770.863011 0.099065 
2771.827461 0.099073 
2772.791910 0.099049 
2773.756359 0.099080 
2774.720809 0.099130 
2775.685258 0.099134 
2776.649707 0.099199 
2777.614157 0.099242 
2778.578606 0.099245 
2779.543056 0.099295 
2780.507505 0.099405 
2781.471954 0.099387 
2782.436404 0.099386 
2783.400853 0.099386 
2784.365302 0.099431 
2785.329752 0.099461 
2786.294201 0.099485 
2787.258650 0.099530 
2788.223100 0.099581 
2789.187549 0.099560 
2790.151998 0.099528 
2791.116448 0.099569 
2792.080897 0.099599 
2793.045347 0.099646 
2794.009796 0.099770 
2794.974245 0.099806 
2795.938695 0.099800 
2796.903144 0.099818 
2797.867593 0.099832 
2798.832043 0.099842 
2799.796492 0.099917 
2800.760941 0.099969 
2801.725391 0.099972 
2802.689840 0.100021 
2803.654290 0.100127 
2804.618739 0.100175 
2805.583188 0.100175 
2806.547638 0.100193 
2807.512087 0.100248 
2808.476536 0.100293 
2809.440986 0.100308 
2810.405435 0.100293 
2811.369884 0.100332 
2812.334334 0.100357 
2813.298783 0.100375 
2814.263232 0.100462 
2815.227682 0.100565 
2816.192131 0.100568 
2817.156581 0.100614 
2818.121030 0.100694 
2819.085479 0.100758 
2820.049929 0.100776 
2821.014378 0.100810 
2821.978827 0.100856 
2822.943277 0.100926 
2823.907726 0.100985 
2824.872175 0.101017 
2825.836625 0.101007 
2826.801074 0.101067 
2827.765524 0.101171 
2828.729973 0.101239 
2829.694422 0.101307 
2830.658872 0.101415 
2831.623321 0.101431 
2832.587770 0.101495 
2833.552220 0.101571 
2834.516669 0.101620 
2835.481118 0.101763 
2836.445568 0.101907 
2837.410017 0.101983 
2838.374466 0.102013 
2839.338916 0.102055 
2840.303365 0.102200 
2841.267815 0.102431 
2842.232264 0.102648 
2843.196713 0.102848 
2844.161163 0.103097 
2845.125612 0.103394 
2846.090061 0.103727 
2847.054511 0.104086 
2848.018960 0.104403 
2848.983409 0.104618 
2849.947859 0.104833 
2850.912308 0.104943 
2851.876758 0.104930 
2852.841207 0.104893 
2853.805656 0.104891 
2854.770106 0.104889 
2855.734555 0.104787 
2856.699004 0.104651 
2857.663454 0.104616 
2858.627903 0.104612 
2859.592352 0.104497 
2860.556802 0.104350 
2861.521251 0.104301 
2862.485700 0.104278 
2863.450150 0.104239 
2864.414599 0.104162 
2865.379049 0.104119 
2866.343498 0.104068 
2867.307947 0.104134 
2868.272397 0.104138 
2869.236846 0.104099 
2870.201295 0.104128 
2871.165745 0.104159 
2872.130194 0.104220 
2873.094643 0.104278 
2874.059093 0.104198 
2875.023542 0.104099 
2875.987992 0.104047 
2876.952441 0.104021 
2877.916890 0.103975 
2878.881340 0.103952 
2879.845789 0.103919 
2880.810238 0.103868 
2881.774688 0.103862 
2882.739137 0.103900 
2883.703586 0.103885 
2884.668036 0.103904 
2885.632485 0.103958 
2886.596934 0.104032 
2887.561384 0.104052 
2888.525833 0.104070 
2889.490283 0.104106 
2890.454732 0.104195 
2891.419181 0.104258 
2892.383631 0.104340 
2893.348080 0.104361 
2894.312529 0.104451 
2895.276979 0.104498 
2896.241428 0.104500 
2897.205877 0.104589 
2898.170327 0.104727 
2899.134776 0.104763 
2900.099226 0.104841 
2901.063675 0.104955 
2902.028124 0.105032 
2902.992574 0.105061 
2903.957023 0.105135 
2904.921472 0.105218 
2905.885922 0.105255 
2906.850371 0.105328 
2907.814820 0.105521 
2908.779270 0.105671 
2909.743719 0.105825 
2910.708168 0.105983 
2911.672618 0.106276 
2912.637067 0.106572 
2913.601517 0.106847 
2914.565966 0.107075 
2915.530415 0.107344 
2916.494865 0.107567 
2917.459314 0.107734 
2918.423763 0.107825 
2919.388213 0.107848 
2920.352662 0.107850 
2921.317111 0.107896 
2922.281561 0.107878 
2923.246010 0.107816 
2924.210460 0.107818 
2925.174909 0.107819 
2926.139358 0.107718 
2927.103808 0.107650 
2928.068257 0.107625 
2929.032706 0.107560 
2929.997156 0.107351 
2930.961605 0.107230 
2931.926054 0.107141 
2932.890504 0.107054 
2933.854953 0.106947 
2934.819402 0.106800 
2935.783852 0.106555 
2936.748301 0.106411 
2937.712751 0.106358 
2938.677200 0.106313 
2939.641649 0.106158 
2940.606099 0.106003 
2941.570548 0.105951 
2942.534997 0.105905 
2943.499447 0.105784 
2944.463896 0.105665 
2945.428345 0.105593 
2946.392795 0.105544 
2947.357244 0.105426 
2948.321694 0.105419 
2949.286143 0.105440 
2950.250592 0.105484 
2951.215042 0.105544 
2952.179491 0.105540 
2953.143940 0.105544 
2954.108390 0.105677 
2955.072839 0.105722 
2956.037288 0.105814 
2957.001738 0.105929 
2957.966187 0.106001 
2958.930636 0.106042 
2959.895086 0.106085 
2960.859535 0.106164 
2961.823985 0.106182 
2962.788434 0.106081 
2963.752883 0.106069 
2964.717333 0.106055 
2965.681782 0.106016 
2966.646231 0.105920 
2967.610681 0.105762 
2968.575130 0.105610 
2969.539579 0.105456 
2970.504029 0.105256 
2971.468478 0.105110 
2972.432928 0.104974 
2973.397377 0.104865 
2974.361826 0.104697 
2975.326276 0.104571 
2976.290725 0.104492 
2977.255174 0.104479 
2978.219624 0.104394 
2979.184073 0.104216 
2980.148522 0.104164 
2981.112972 0.104193 
2982.077421 0.104121 
2983.041870 0.104023 
2984.006320 0.104017 
2984.970769 0.104065 
2985.935219 0.104025 
2986.899668 0.103955 
2987.864117 0.103974 
2988.828567 0.104013 
2989.793016 0.104041 
2990.757465 0.104041 
2991.721915 0.104033 
2992.686364 0.103961 
2993.650813 0.103941 
2994.615263 0.104046 
2995.579712 0.104086 
2996.544162 0.104096 
2997.508611 0.104011 
2998.473060 0.103983 
2999.437510 0.104032 
3000.401959 0.104099 
3001.366408 0.104144 
3002.330858 0.104222 
3003.295307 0.104143 
3004.259756 0.104086 
3005.224206 0.104200 
3006.188655 0.104285 
3007.153104 0.104296 
3008.117554 0.104308 
3009.082003 0.104342 
3010.046453 0.104433 
3011.010902 0.104402 
3011.975351 0.104488 
3012.939801 0.104574 
3013.904250 0.104497 
3014.868699 0.104499 
3015.833149 0.104570 
3016.797598 0.104493 
3017.762047 0.104533 
3018.726497 0.104637 
3019.690946 0.104683 
3020.655396 0.104776 
3021.619845 0.104856 
3022.584294 0.104926 
3023.548744 0.105002 
3024.513193 0.104916 
3025.477642 0.104869 
3026.442092 0.104895 
3027.406541 0.104930 
3028.370990 0.104971 
3029.335440 0.104962 
3030.299889 0.104959 
3031.264338 0.105143 
3032.228788 0.105215 
3033.193237 0.105149 
3034.157687 0.105147 
3035.122136 0.105120 
3036.086585 0.105176 
3037.051035 0.105250 
3038.015484 0.105257 
3038.979933 0.105387 
3039.944383 0.105490 
3040.908832 0.105516 
3041.873281 0.105487 
3042.837731 0.105474 
3043.802180 0.105494 
3044.766630 0.105540 
3045.731079 0.105568 
3046.695528 0.105579 
3047.659978 0.105622 
3048.624427 0.105730 
3049.588876 0.105783 
3050.553326 0.105817 
3051.517775 0.105835 
3052.482224 0.105885 
3053.446674 0.105927 
3054.411123 0.105958 
3055.375572 0.105973 
3056.340022 0.106064 
3057.304471 0.106024 
3058.268921 0.106032 
3059.233370 0.106139 
3060.197819 0.106179 
3061.162269 0.106227 
3062.126718 0.106317 
3063.091167 0.106288 
3064.055617 0.106333 
3065.020066 0.106425 
3065.984515 0.106510 
3066.948965 0.106595 
3067.913414 0.106561 
3068.877864 0.106586 
3069.842313 0.106665 
3070.806762 0.106688 
3071.771212 0.106711 
3072.735661 0.106765 
3073.700110 0.106826 
3074.664560 0.106965 
3075.629009 0.107132 
3076.593458 0.107178 
3077.557908 0.107183 
3078.522357 0.107264 
3079.486806 0.107390 
3080.451256 0.107400 
3081.415705 0.107428 
3082.380155 0.107532 
3083.344604 0.107664 
3084.309053 0.107677 
3085.273503 0.107699 
3086.237952 0.107806 
3087.202401 0.107840 
3088.166851 0.107847 
3089.131300 0.107929 
3090.095749 0.107911 
3091.060199 0.107826 
3092.024648 0.107795 
3092.989098 0.107844 
3093.953547 0.107875 
3094.917996 0.107901 
3095.882446 0.108028 
3096.846895 0.108167 
3097.811344 0.108254 
3098.775794 0.108284 
3099.740243 0.108256 
3100.704692 0.108225 
3101.669142 0.108301 
3102.633591 0.108280 
3103.598040 0.108276 
3104.562490 0.108388 
3105.526939 0.108543 
3106.491389 0.108586 
3107.455838 0.108696 
3108.420287 0.108775 
3109.384737 0.108733 
3110.349186 0.108703 
3111.313635 0.108680 
3112.278085 0.108833 
3113.242534 0.108983 
3114.206983 0.109027 
3115.171433 0.109033 
3116.135882 0.109111 
3117.100332 0.109136 
3118.064781 0.109287 
3119.029230 0.109378 
3119.993680 0.109286 
3120.958129 0.109202 
3121.922578 0.109273 
3122.887028 0.109397 
3123.851477 0.109478 
3124.815926 0.109531 
3125.780376 0.109552 
3126.744825 0.109671 
3127.709274 0.109775 
3128.673724 0.109790 
3129.638173 0.109683 
3130.602623 0.109701 
3131.567072 0.109723 
3132.531521 0.109745 
3133.495971 0.109857 
3134.460420 0.109941 
3135.424869 0.109999 
3136.389319 0.110045 
3137.353768 0.110120 
3138.318217 0.110157 
3139.282667 0.110233 
3140.247116 0.110238 
3141.211566 0.110245 
3142.176015 0.110307 
3143.140464 0.110376 
3144.104914 0.110436 
3145.069363 0.110494 
3146.033812 0.110453 
3146.998262 0.110517 
3147.962711 0.110632 
3148.927160 0.110663 
3149.891610 0.110732 
3150.856059 0.110874 
3151.820508 0.110961 
3152.784958 0.110943 
3153.749407 0.110863 
3154.713857 0.110900 
3155.678306 0.110996 
3156.642755 0.111053 
3157.607205 0.111071 
3158.571654 0.111143 
3159.536103 0.111203 
3160.500553 0.111220 
3161.465002 0.111251 
3162.429451 0.111317 
3163.393901 0.111380 
3164.358350 0.111409 
3165.322800 0.111514 
3166.287249 0.111585 
3167.251698 0.111603 
3168.216148 0.111656 
3169.180597 0.111731 
3170.145046 0.111774 
3171.109496 0.111740 
3172.073945 0.111817 
3173.038394 0.111808 
3174.002844 0.111824 
3174.967293 0.111929 
3175.931742 0.111969 
3176.896192 0.111923 
3177.860641 0.111988 
3178.825091 0.112075 
3179.789540 0.112158 
3180.753989 0.112226 
3181.718439 0.112279 
3182.682888 0.112341 
3183.647337 0.112373 
3184.611787 0.112396 
3185.576236 0.112456 
3186.540685 0.112534 
3187.505135 0.112597 
3188.469584 0.112551 
3189.434034 0.112558 
3190.398483 0.112622 
3191.362932 0.112689 
3192.327382 0.112760 
3193.291831 0.112782 
3194.256280 0.112766 
3195.220730 0.112856 
3196.185179 0.112907 
3197.149628 0.112888 
3198.114078 0.112992 
3199.078527 0.113078 
3200.042976 0.113128 
3201.007426 0.113255 
3201.971875 0.113345 
3202.936325 0.113340 
3203.900774 0.113372 
3204.865223 0.113477 
3205.829673 0.113449 
3206.794122 0.113408 
3207.758571 0.113506 
3208.723021 0.113518 
3209.687470 0.113494 
3210.651919 0.113521 
3211.616369 0.113603 
3212.580818 0.113696 
3213.545268 0.113769 
3214.509717 0.113771 
3215.474166 0.113756 
3216.438616 0.113817 
3217.403065 0.113902 
3218.367514 0.113959 
3219.331964 0.113999 
3220.296413 0.114016 
3221.260862 0.114050 
3222.225312 0.114082 
3223.189761 0.114080 
3224.154210 0.114113 
3225.118660 0.114165 
3226.083109 0.114183 
3227.047559 0.114278 
3228.012008 0.114378 
3228.976457 0.114400 
3229.940907 0.114355 
3230.905356 0.114322 
3231.869805 0.114422 
3232.834255 0.114458 
3233.798704 0.114378 
3234.763153 0.114395 
3235.727603 0.114479 
3236.692052 0.114572 
3237.656502 0.114605 
3238.620951 0.114608 
3239.585400 0.114702 
3240.549850 0.114743 
3241.514299 0.114792 
3242.478748 0.114882 
3243.443198 0.114852 
3244.407647 0.114870 
3245.372096 0.114924 
3246.336546 0.114898 
3247.300995 0.114888 
3248.265444 0.114937 
3249.229894 0.115041 
3250.194343 0.115146 
3251.158793 0.115260 
3252.123242 0.115208 
3253.087691 0.115206 
3254.052141 0.115328 
3255.016590 0.115335 
3255.981039 0.115298 
3256.945489 0.115455 
3257.909938 0.115481 
3258.874387 0.115441 
3259.838837 0.115445 
3260.803286 0.115509 
3261.767736 0.115549 
3262.732185 0.115641 
3263.696634 0.115730 
3264.661084 0.115824 
3265.625533 0.115827 
3266.589982 0.115785 
3267.554432 0.115842 
3268.518881 0.115978 
3269.483330 0.116065 
3270.447780 0.116011 
3271.412229 0.115840 
3272.376678 0.115800 
3273.341128 0.115950 
3274.305577 0.116040 
3275.270027 0.115977 
3276.234476 0.116084 
3277.198925 0.116085 
3278.163375 0.116132 
3279.127824 0.116281 
3280.092273 0.116278 
3281.056723 0.116253 
3282.021172 0.116377 
3282.985621 0.116497 
3283.950071 0.116561 
3284.914520 0.116595 
3285.878970 0.116632 
3286.843419 0.116628 
3287.807868 0.116571 
3288.772318 0.116616 
3289.736767 0.116766 
3290.701216 0.116774 
3291.665666 0.116696 
3292.630115 0.116708 
3293.594564 0.116763 
3294.559014 0.116804 
3295.523463 0.116824 
3296.487912 0.116846 
3297.452362 0.116923 
3298.416811 0.116975 
3299.381261 0.116998 
3300.345710 0.117079 
3301.310159 0.117186 
3302.274609 0.117211 
3303.239058 0.117269 
3304.203507 0.117259 
3305.167957 0.117280 
3306.132406 0.117278 
3307.096855 0.117257 
3308.061305 0.117309 
3309.025754 0.117360 
3309.990204 0.117367 
3310.954653 0.117398 
3311.919102 0.117373 
3312.883552 0.117416 
3313.848001 0.117459 
3314.812450 0.117545 
3315.776900 0.117606 
3316.741349 0.117624 
3317.705798 0.117646 
3318.670248 0.117750 
3319.634697 0.117825 
3320.599146 0.117912 
3321.563596 0.117923 
3322.528045 0.117948 
3323.492495 0.118016 
3324.456944 0.118076 
3325.421393 0.118008 
3326.385843 0.118109 
3327.350292 0.118250 
3328.314741 0.118335 
3329.279191 0.118354 
3330.243640 0.118449 
3331.208089 0.118468 
3332.172539 0.118526 
3333.136988 0.118594 
3334.101438 0.118668 
3335.065887 0.118696 
3336.030336 0.118715 
3336.994786 0.118834 
3337.959235 0.118737 
3338.923684 0.118678 
3339.888134 0.118804 
3340.852583 0.118937 
3341.817032 0.119010 
3342.781482 0.118946 
3343.745931 0.118895 
3344.710380 0.118966 
3345.674830 0.119124 
3346.639279 0.119179 
3347.603729 0.119141 
3348.568178 0.119159 
3349.532627 0.119239 
3350.497077 0.119187 
3351.461526 0.119146 
3352.425975 0.119194 
3353.390425 0.119264 
3354.354874 0.119293 
3355.319323 0.119452 
3356.283773 0.119598 
3357.248222 0.119581 
3358.212672 0.119502 
3359.177121 0.119505 
3360.141570 0.119566 
3361.106020 0.119688 
3362.070469 0.119847 
3363.034918 0.119840 
3363.999368 0.119819 
3364.963817 0.119830 
3365.928266 0.119775 
3366.892716 0.119818 
3367.857165 0.119958 
3368.821614 0.119887 
3369.786064 0.119827 
3370.750513 0.119900 
3371.714963 0.119951 
3372.679412 0.120012 
3373.643861 0.120054 
3374.608311 0.120127 
3375.572760 0.120169 
3376.537209 0.120129 
3377.501659 0.120135 
3378.466108 0.120233 
3379.430557 0.120235 
3380.395007 0.120283 
3381.359456 0.120343 
3382.323906 0.120411 
3383.288355 0.120464 
3384.252804 0.120498 
3385.217254 0.120559 
3386.181703 0.120574 
3387.146152 0.120528 
3388.110602 0.120500 
3389.075051 0.120472 
3390.039500 0.120574 
3391.003950 0.120589 
3391.968399 0.120654 
3392.932848 0.120815 
3393.897298 0.120691 
3394.861747 0.120527 
3395.826197 0.120536 
3396.790646 0.120874 
3397.755095 0.121022 
3398.719545 0.120744 
3399.683994 0.120640 
3400.648443 0.120683 
3401.612893 0.120733 
3402.577342 0.120713 
3403.541791 0.120807 
3404.506241 0.120846 
3405.470690 0.120759 
3406.435140 0.120752 
3407.399589 0.120894 
3408.364038 0.120809 
3409.328488 0.120756 
3410.292937 0.120835 
3411.257386 0.120896 
3412.221836 0.120816 
3413.186285 0.120726 
3414.150734 0.120833 
3415.115184 0.120870 
3416.079633 0.120853 
3417.044082 0.120908 
3418.008532 0.120899 
3418.972981 0.120839 
3419.937431 0.120942 
3420.901880 0.120994 
3421.866329 0.120988 
3422.830779 0.121092 
3423.795228 0.121050 
3424.759677 0.120959 
3425.724127 0.120863 
3426.688576 0.120888 
3427.653025 0.120927 
3428.617475 0.120917 
3429.581924 0.120807 
3430.546374 0.120726 
3431.510823 0.120768 
3432.475272 0.120836 
3433.439722 0.120801 
3434.404171 0.120676 
3435.368620 0.120663 
3436.333070 0.120769 
3437.297519 0.120710 
3438.261968 0.120650 
3439.226418 0.120670 
3440.190867 0.120695 
3441.155316 0.120710 
3442.119766 0.120846 
3443.084215 0.120807 
3444.048665 0.120607 
3445.013114 0.120596 
3445.977563 0.120510 
3446.942013 0.120880 
3447.906462 0.120723 
3448.870911 0.120428 
3449.835361 0.120410 
3450.799810 0.120370 
3451.764259 0.120392 
3452.728709 0.120399 
3453.693158 0.120347 
3454.657608 0.120267 
3455.622057 0.120246 
3456.586506 0.120233 
3457.550956 0.120247 
3458.515405 0.120347 
3459.479854 0.120203 
3460.444304 0.120074 
3461.408753 0.120023 
3462.373202 0.120059 
3463.337652 0.120025 
3464.302101 0.119856 
3465.266550 0.119887 
3466.231000 0.119872 
3467.195449 0.119767 
3468.159899 0.119611 
3469.124348 0.119541 
3470.088797 0.119469 
3471.053247 0.119482 
3472.017696 0.119480 
3472.982145 0.119482 
3473.946595 0.119491 
3474.911044 0.119525 
3475.875493 0.119306 
3476.839943 0.119240 
3477.804392 0.119284 
3478.768842 0.119268 
3479.733291 0.119369 
3480.697740 0.119464 
3481.662190 0.119303 
3482.626639 0.119235 
3483.591088 0.118942 
3484.555538 0.118968 
3485.519987 0.118914 
3486.484436 0.118588 
3487.448886 0.118594 
3488.413335 0.118880 
3489.377784 0.118487 
3490.342234 0.118422 
3491.306683 0.118455 
3492.271133 0.118367 
3493.235582 0.118258 
3494.200031 0.118169 
3495.164481 0.118087 
3496.128930 0.118113 
3497.093379 0.117976 
3498.057829 0.117719 
3499.022278 0.117768 
3499.986727 0.117981 
3500.951177 0.118178 
3501.915626 0.118419 
3502.880076 0.118328 
3503.844525 0.117802 
3504.808974 0.117365 
3505.773424 0.117193 
3506.737873 0.117082 
3507.702322 0.116925 
3508.666772 0.117299 
3509.631221 0.117931 
3510.595670 0.117182 
3511.560120 0.116784 
3512.524569 0.116663 
3513.489018 0.116583 
3514.453468 0.116497 
3515.417917 0.116540 
3516.382367 0.116490 
3517.346816 0.116497 
3518.311265 0.116330 
3519.275715 0.116288 
3520.240164 0.116096 
3521.204613 0.116014 
3522.169063 0.116275 
3523.133512 0.116909 
3524.097961 0.116774 
3525.062411 0.116517 
3526.026860 0.116196 
3526.991310 0.116182 
3527.955759 0.115896 
3528.920208 0.115666 
3529.884658 0.115341 
3530.849107 0.115346 
3531.813556 0.115321 
3532.778006 0.115154 
3533.742455 0.115109 
3534.706904 0.115029 
3535.671354 0.115392 
3536.635803 0.115728 
3537.600252 0.114991 
3538.564702 0.114755 
3539.529151 0.114830 
3540.493601 0.114795 
3541.458050 0.114569 
3542.422499 0.114448 
3543.386949 0.114519 
3544.351398 0.115038 
3545.315847 0.115538 
3546.280297 0.115272 
3547.244746 0.115374 
3548.209195 0.114386 
3549.173645 0.113796 
3550.138094 0.113715 
3551.102544 0.113552 
3552.066993 0.113918 
3553.031442 0.113883 
3553.995892 0.113977 
3554.960341 0.113620 
3555.924790 0.113267 
3556.889240 0.113254 
3557.853689 0.113233 
3558.818138 0.113184 
3559.782588 0.113789 
3560.747037 0.113598 
3561.711486 0.113012 
3562.675936 0.113026 
3563.640385 0.112888 
3564.604835 0.112566 
3565.569284 0.113935 
3566.533733 0.115092 
3567.498183 0.114344 
3568.462632 0.114390 
3569.427081 0.112360 
3570.391531 0.112277 
3571.355980 0.112216 
3572.320429 0.112003 
3573.284879 0.112001 
3574.249328 0.112041 
3575.213778 0.111869 
3576.178227 0.111810 
3577.142676 0.111990 
3578.107126 0.111703 
3579.071575 0.111844 
3580.036024 0.112366 
3581.000474 0.111940 
3581.964923 0.111372 
3582.929372 0.111410 
3583.893822 0.111316 
3584.858271 0.110767 
3585.822720 0.111154 
3586.787170 0.112591 
3587.751619 0.112236 
3588.716069 0.112648 
3589.680518 0.110914 
3590.644967 0.110416 
3591.609417 0.110321 
3592.573866 0.110668 
3593.538315 0.110752 
3594.502765 0.110262 
3595.467214 0.111144 
3596.431663 0.110431 
3597.396113 0.109919 
3598.360562 0.110159 
3599.325012 0.109648 
3600.289461 0.109611 
3601.253910 0.109909 
3602.218360 0.109692 
3603.182809 0.109782 
3604.147258 0.109584 
3605.111708 0.109289 
3606.076157 0.109392 
3607.040606 0.110526 
3608.005056 0.109548 
3608.969505 0.110326 
3609.933954 0.110085 
3610.898404 0.108462 
3611.862853 0.109293 
3612.827303 0.109986 
3613.791752 0.108896 
3614.756201 0.109609 
3615.720651 0.108815 
3616.685100 0.108481 
3617.649549 0.109436 
3618.613999 0.108704 
3619.578448 0.109354 
3620.542897 0.108764 
3621.507347 0.108290 
3622.471796 0.108218 
3623.436246 0.108297 
3624.400695 0.107898 
3625.365144 0.107847 
3626.329594 0.107732 
3627.294043 0.107020 
3628.258492 0.108067 
3629.222942 0.109350 
3630.187391 0.107325 
3631.151840 0.106538 
3632.116290 0.106614 
3633.080739 0.107058 
3634.045188 0.107666 
3635.009638 0.106923 
3635.974087 0.106863 
3636.938537 0.106844 
3637.902986 0.106934 
3638.867435 0.106761 
3639.831885 0.106759 
3640.796334 0.106885 
3641.760783 0.107086 
3642.725233 0.107211 
3643.689682 0.106744 
3644.654131 0.106449 
3645.618581 0.106077 
3646.583030 0.107027 
3647.547480 0.106993 
3648.511929 0.105499 
3649.476378 0.105822 
3650.440828 0.105004 
3651.405277 0.105465 
3652.369726 0.104810 
3653.334176 0.105471 
3654.298625 0.105419 
3655.263074 0.105364 
3656.227524 0.106527 
3657.191973 0.105571 
3658.156422 0.104913 
3659.120872 0.105399 
3660.085321 0.105444 
3661.049771 0.105308 
3662.014220 0.105440 
3662.978669 0.105695 
3663.943119 0.105630 
3664.907568 0.105549 
3665.872017 0.105435 
3666.836467 0.105031 
3667.800916 0.104688 
3668.765365 0.104913 
3669.729815 0.103684 
3670.694264 0.105276 
3671.658714 0.103960 
3672.623163 0.103394 
3673.587612 0.103613 
3674.552062 0.104096 
3675.516511 0.104683 
3676.480960 0.103760 
3677.445410 0.103362 
3678.409859 0.103730 
3679.374308 0.104604 
3680.338758 0.104518 
3681.303207 0.104356 
3682.267656 0.104797 
3683.232106 0.104848 
3684.196555 0.104937 
3685.161005 0.104712 
3686.125454 0.104353 
3687.089903 0.103823 
3688.054353 0.104731 
3689.018802 0.103433 
3689.983251 0.102002 
3690.947701 0.104011 
3691.912150 0.103873 
3692.876599 0.103586 
3693.841049 0.104272 
3694.805498 0.104303 
3695.769948 0.104417 
3696.734397 0.104765 
3697.698846 0.104682 
3698.663296 0.104735 
3699.627745 0.104671 
3700.592194 0.104327 
3701.556644 0.105501 
3702.521093 0.104904 
3703.485542 0.104157 
3704.449992 0.104617 
3705.414441 0.104775 
3706.378890 0.104886 
3707.343340 0.104517 
3708.307789 0.104177 
3709.272239 0.104771 
3710.236688 0.103725 
3711.201137 0.103667 
3712.165587 0.105865 
3713.130036 0.104573 
3714.094485 0.104593 
3715.058935 0.105601 
3716.023384 0.105234 
3716.987833 0.104754 
3717.952283 0.104543 
3718.916732 0.105357 
3719.881182 0.104891 
3720.845631 0.104124 
3721.810080 0.105095 
3722.774530 0.105538 
3723.738979 0.104554 
3724.703428 0.105274 
3725.667878 0.105531 
3726.632327 0.105915 
3727.596776 0.105214 
3728.561226 0.104530 
3729.525675 0.104420 
3730.490124 0.103890 
3731.454574 0.103828 
3732.419023 0.104219 
3733.383473 0.102396 
3734.347922 0.104947 
3735.312371 0.106385 
3736.276821 0.104752 
3737.241270 0.104210 
3738.205719 0.104129 
3739.170169 0.104128 
3740.134618 0.104259 
3741.099067 0.105351 
3742.063517 0.104158 
3743.027966 0.103338 
3743.992416 0.105989 
3744.956865 0.108212 
3745.921314 0.103427 
3746.885764 0.103800 
3747.850213 0.103838 
3748.814662 0.104290 
3749.779112 0.104655 
3750.743561 0.101801 
3751.708010 0.104134 
3752.672460 0.105208 
3753.636909 0.103909 
3754.601358 0.104129 
3755.565808 0.104350 
3756.530257 0.105103 
3757.494707 0.104364 
3758.459156 0.104292 
3759.423605 0.105767 
3760.388055 0.104838 
3761.352504 0.104194 
3762.316953 0.104849 
3763.281403 0.104898 
3764.245852 0.104595 
3765.210301 0.105386 
3766.174751 0.105577 
3767.139200 0.104610 
3768.103650 0.104512 
3769.068099 0.104572 
3770.032548 0.105370 
3770.996998 0.104429 
3771.961447 0.104769 
3772.925896 0.104965 
3773.890346 0.105100 
3774.854795 0.105137 
3775.819244 0.105106 
3776.783694 0.105048 
3777.748143 0.104674 
3778.712592 0.104358 
3779.677042 0.104992 
3780.641491 0.104226 
3781.605941 0.104630 
3782.570390 0.104832 
3783.534839 0.104628 
3784.499289 0.105053 
3785.463738 0.105035 
3786.428187 0.104994 
3787.392637 0.105121 
3788.357086 0.105007 
3789.321535 0.105149 
3790.285985 0.105036 
3791.250434 0.104891 
3792.214884 0.104973 
3793.179333 0.105198 
3794.143782 0.104978 
3795.108232 0.104557 
3796.072681 0.104900 
3797.037130 0.105011 
3798.001580 0.104560 
3798.966029 0.104316 
3799.930478 0.103554 
3800.894928 0.104464 
3801.859377 0.104114 
3802.823826 0.103412 
3803.788276 0.103969 
3804.752725 0.104153 
3805.717175 0.103971 
3806.681624 0.105335 
3807.646073 0.104828 
3808.610523 0.103926 
3809.574972 0.104787 
3810.539421 0.105098 
3811.503871 0.105208 
3812.468320 0.105200 
3813.432769 0.105107 
3814.397219 0.104426 
3815.361668 0.104775 
3816.326118 0.105789 
3817.290567 0.103992 
3818.255016 0.104407 
3819.219466 0.104448 
3820.183915 0.104168 
3821.148364 0.104645 
3822.112814 0.104070 
3823.077263 0.104020 
3824.041712 0.104821 
3825.006162 0.104776 
3825.970611 0.104934 
3826.935060 0.105304 
3827.899510 0.104939 
3828.863959 0.105175 
3829.828409 0.105020 
3830.792858 0.105144 
3831.757307 0.106301 
3832.721757 0.105047 
3833.686206 0.104605 
3834.650655 0.105767 
3835.615105 0.104943 
3836.579554 0.103471 
3837.544003 0.105566 
3838.508453 0.104689 
3839.472902 0.103945 
3840.437352 0.105880 
3841.401801 0.105602 
3842.366250 0.104526 
3843.330700 0.105911 
3844.295149 0.106077 
3845.259598 0.105205 
3846.224048 0.105567 
3847.188497 0.105648 
3848.152946 0.105591 
3849.117396 0.106030 
3850.081845 0.105696 
3851.046294 0.105032 
3852.010744 0.106058 
3852.975193 0.104059 
3853.939643 0.106955 
3854.904092 0.105721 
3855.868541 0.104182 
3856.832991 0.106201 
3857.797440 0.106518 
3858.761889 0.105770 
3859.726339 0.105790 
3860.690788 0.105835 
3861.655237 0.106916 
3862.619687 0.105867 
3863.584136 0.104886 
3864.548586 0.106415 
3865.513035 0.106855 
3866.477484 0.105684 
3867.441934 0.105767 
3868.406383 0.105818 
3869.370832 0.107200 
3870.335282 0.107565 
3871.299731 0.106138 
3872.264180 0.105491 
3873.228630 0.105857 
3874.193079 0.107421 
3875.157528 0.105782 
3876.121978 0.105574 
3877.086427 0.106281 
3878.050877 0.106220 
3879.015326 0.105988 
3879.979775 0.107681 
3880.944225 0.107752 
3881.908674 0.105697 
3882.873123 0.106471 
3883.837573 0.106537 
3884.802022 0.106274 
3885.766471 0.108259 
3886.730921 0.106381 
3887.695370 0.105626 
3888.659820 0.106093 
3889.624269 0.105911 
3890.588718 0.106622 
3891.553168 0.107882 
3892.517617 0.106053 
3893.482066 0.106296 
3894.446516 0.106879 
3895.410965 0.106629 
3896.375414 0.106480 
3897.339864 0.106416 
3898.304313 0.106740 
3899.268762 0.108168 
3900.233212 0.106218 
3901.197661 0.106601 
3902.162111 0.108257 
3903.126560 0.106152 
3904.091009 0.107452 
3905.055459 0.107243 
3906.019908 0.107276 
3906.984357 0.106662 
3907.948807 0.106245 
3908.913256 0.106354 
3909.877705 0.106452 
3910.842155 0.106532 
3911.806604 0.106486 
3912.771054 0.106467 
3913.735503 0.106518 
3914.699952 0.106422 
3915.664402 0.106736 
3916.628851 0.108046 
3917.593300 0.107942 
3918.557750 0.106318 
3919.522199 0.107085 
3920.486648 0.107626 
3921.451098 0.106405 
3922.415547 0.106228 
3923.379996 0.106744 
3924.344446 0.107629 
3925.308895 0.107642 
3926.273345 0.106516 
3927.237794 0.106255 
3928.202243 0.106460 
3929.166693 0.106685 
3930.131142 0.107005 
3931.095591 0.107201 
3932.060041 0.108284 
3933.024490 0.107935 
3933.988939 0.107056 
3934.953389 0.106844 
3935.917838 0.106679 
3936.882288 0.106794 
3937.846737 0.107078 
3938.811186 0.107262 
3939.775636 0.107021 
3940.740085 0.106821 
3941.704534 0.107104 
3942.668984 0.108391 
3943.633433 0.107731 
3944.597882 0.107222 
3945.562332 0.106987 
3946.526781 0.107159 
3947.491230 0.108085 
3948.455680 0.107752 
3949.420129 0.107702 
3950.384579 0.107919 
3951.349028 0.107031 
3952.313477 0.107076 
3953.277927 0.107094 
3954.242376 0.106996 
3955.206825 0.107077 
3956.171275 0.107383 
3957.135724 0.107573 
3958.100173 0.107462 
3959.064623 0.107412 
3960.029072 0.107393 
3960.993522 0.107511 
3961.957971 0.107992 
3962.922420 0.107584 
3963.886870 0.107391 
3964.851319 0.107492 
3965.815768 0.107453 
3966.780218 0.107265 
3967.744667 0.107163 
3968.709116 0.107524 
3969.673566 0.107699 
3970.638015 0.107485 
3971.602464 0.107627 
3972.566914 0.107643 
3973.531363 0.107398 
3974.495813 0.107463 
3975.460262 0.107992 
3976.424711 0.108134 
3977.389161 0.107655 
3978.353610 0.107465 
3979.318059 0.107643 
3980.282509 0.107700 
3981.246958 0.107687 
3982.211407 0.107760 
3983.175857 0.107607 
3984.140306 0.107430 
3985.104756 0.107491 
3986.069205 0.107521 
3987.033654 0.107531 
3987.998104 0.107536 
3988.962553 0.107681 
3989.927002 0.108030 
3990.891452 0.108167 
3991.855901 0.107765 
3992.820350 0.107663 
3993.784800 0.107656 
3994.749249 0.107842 
3995.713698 0.107761 
3996.678148 0.107573 
3997.642597 0.107562 
3998.607047 0.107542 
3999.571496 0.107547 
4000.535945 0.107594 