##YUNITS=Abs
399.282035 0.095920 
400.246484 0.105373 
401.210934 0.119782 
402.175383 0.123582 
403.139832 0.124148 
404.104282 0.125222 
405.068731 0.122804 
406.033181 0.119944 
406.997630 0.119281 
407.962079 0.116984 
408.926529 0.114230 
409.890978 0.110895 
410.855427 0.108056 
411.819877 0.105043 
412.784326 0.102788 
413.748775 0.102857 
414.713225 0.102099 
415.677674 0.101917 
416.642124 0.100216 
417.606573 0.096814 
418.571022 0.088542 
419.535472 0.083192 
420.499921 0.091586 
421.464370 0.093960 
422.428820 0.090560 
423.393269 0.087910 
424.357718 0.090438 
425.322168 0.091895 
426.286617 0.093096 
427.251066 0.093177 
428.215516 0.093005 
429.179965 0.090988 
430.144415 0.089209 
431.108864 0.087591 
432.073313 0.088792 
433.037763 0.092274 
434.002212 0.094339 
434.966661 0.092881 
435.931111 0.091396 
436.895560 0.093497 
437.860009 0.093688 
438.824459 0.090836 
439.788908 0.089871 
440.753358 0.091407 
441.717807 0.091409 
442.682256 0.091020 
443.646706 0.091140 
444.611155 0.091751 
445.575604 0.091108 
446.540054 0.089385 
447.504503 0.088931 
448.468952 0.090426 
449.433402 0.091181 
450.397851 0.089948 
451.362300 0.088367 
452.326750 0.088172 
453.291199 0.087976 
454.255649 0.087299 
455.220098 0.087186 
456.184547 0.087409 
457.148997 0.084542 
458.113446 0.082947 
459.077895 0.084387 
460.042345 0.083686 
461.006794 0.083032 
461.971243 0.083952 
462.935693 0.083854 
463.900142 0.082293 
464.864592 0.082154 
465.829041 0.082636 
466.793490 0.083389 
467.757940 0.082894 
468.722389 0.082920 
469.686838 0.084013 
470.651288 0.084237 
471.615737 0.082229 
472.580186 0.082101 
473.544636 0.084839 
474.509085 0.084568 
475.473534 0.083655 
476.437984 0.083518 
477.402433 0.083656 
478.366883 0.084194 
479.331332 0.083896 
480.295781 0.084231 
481.260231 0.084390 
482.224680 0.083072 
483.189129 0.081207 
484.153579 0.080053 
485.118028 0.079461 
486.082477 0.078322 
487.046927 0.077090 
488.011376 0.076327 
488.975826 0.075784 
489.940275 0.075182 
490.904724 0.073980 
491.869174 0.072871 
492.833623 0.071734 
493.798072 0.071265 
494.762522 0.070705 
495.726971 0.069481 
496.691420 0.068432 
497.655870 0.066914 
498.620319 0.066042 
499.584768 0.066351 
500.549218 0.066025 
501.513667 0.064698 
502.478117 0.064648 
503.442566 0.065631 
504.407015 0.065338 
505.371465 0.065410 
506.335914 0.064944 
507.300363 0.064488 
508.264813 0.064829 
509.229262 0.065030 
510.193711 0.064526 
511.158161 0.064057 
512.122610 0.064303 
513.087060 0.064891 
514.051509 0.064848 
515.015958 0.064981 
515.980408 0.064643 
516.944857 0.063986 
517.909306 0.064567 
518.873756 0.064538 
519.838205 0.064656 
520.802654 0.065553 
521.767104 0.066209 
522.731553 0.066845 
523.696002 0.067213 
524.660452 0.067704 
525.624901 0.068061 
526.589351 0.068696 
527.553800 0.069194 
528.518249 0.069288 
529.482699 0.069214 
530.447148 0.069902 
531.411597 0.068887 
532.376047 0.069580 
533.340496 0.072625 
534.304945 0.069875 
535.269395 0.067465 
536.233844 0.069106 
537.198294 0.069486 
538.162743 0.068532 
539.127192 0.069498 
540.091642 0.069161 
541.056091 0.069570 
542.020540 0.069644 
542.984990 0.069956 
543.949439 0.069984 
544.913888 0.070449 
545.878338 0.071154 
546.842787 0.072008 
547.807236 0.072951 
548.771686 0.074216 
549.736135 0.075499 
550.700585 0.077257 
551.665034 0.079067 
552.629483 0.081112 
553.593933 0.083741 
554.558382 0.087410 
555.522831 0.091953 
556.487281 0.097072 
557.451730 0.102903 
558.416179 0.110529 
559.380629 0.119766 
560.345078 0.130196 
561.309528 0.140534 
562.273977 0.150337 
563.238426 0.158346 
564.202876 0.163068 
565.167325 0.164163 
566.131774 0.161380 
567.096224 0.155252 
568.060673 0.147758 
569.025122 0.139624 
569.989572 0.131594 
570.954021 0.124781 
571.918470 0.117909 
572.882920 0.110980 
573.847369 0.104506 
574.811819 0.099256 
575.776268 0.094208 
576.740717 0.089535 
577.705167 0.085650 
578.669616 0.082565 
579.634065 0.080316 
580.598515 0.078043 
581.562964 0.076579 
582.527413 0.075532 
583.491863 0.074456 
584.456312 0.073464 
585.420762 0.072766 
586.385211 0.072350 
587.349660 0.072766 
588.314110 0.073357 
589.278559 0.072468 
590.243008 0.071563 
591.207458 0.070858 
592.171907 0.070686 
593.136356 0.070892 
594.100806 0.070796 
595.065255 0.070668 
596.029704 0.070824 
596.994154 0.070910 
597.958603 0.070853 
598.923053 0.070846 
599.887502 0.070790 
600.851951 0.071154 
601.816401 0.071440 
602.780850 0.071414 
603.745299 0.071582 
604.709749 0.071798 
605.674198 0.071868 
606.638647 0.071854 
607.603097 0.072112 
608.567546 0.072541 
609.531996 0.072750 
610.496445 0.072955 
611.460894 0.073374 
612.425344 0.073760 
613.389793 0.074254 
614.354242 0.074751 
615.318692 0.075180 
616.283141 0.075839 
617.247590 0.076528 
618.212040 0.077228 
619.176489 0.078037 
620.140938 0.078824 
621.105388 0.079644 
622.069837 0.080205 
623.034287 0.081028 
623.998736 0.082267 
624.963185 0.083363 
625.927635 0.084575 
626.892084 0.085830 
627.856533 0.087210 
628.820983 0.088831 
629.785432 0.090512 
630.749881 0.092059 
631.714331 0.092857 
632.678780 0.094244 
633.643230 0.095518 
634.607679 0.096498 
635.572128 0.098882 
636.536578 0.102476 
637.501027 0.105059 
638.465476 0.110529 
639.429926 0.117953 
640.394375 0.125477 
641.358824 0.131836 
642.323274 0.138909 
643.287723 0.146822 
644.252172 0.153957 
645.216622 0.159742 
646.181071 0.163292 
647.145521 0.164200 
648.109970 0.162372 
649.074419 0.157599 
650.038869 0.150628 
651.003318 0.141808 
651.967767 0.132255 
652.932217 0.124446 
653.896666 0.117859 
654.861115 0.111545 
655.825565 0.105458 
656.790014 0.100675 
657.754464 0.096948 
658.718913 0.093788 
659.683362 0.091257 
660.647812 0.089379 
661.612261 0.087814 
662.576710 0.086346 
663.541160 0.084392 
664.505609 0.082594 
665.470058 0.081146 
666.434508 0.080581 
667.398957 0.080437 
668.363406 0.079820 
669.327856 0.079410 
670.292305 0.078860 
671.256755 0.078461 
672.221204 0.077963 
673.185653 0.077549 
674.150103 0.077529 
675.114552 0.077475 
676.079001 0.077419 
677.043451 0.077335 
678.007900 0.077547 
678.972349 0.077911 
679.936799 0.078188 
680.901248 0.078321 
681.865698 0.078554 
682.830147 0.078946 
683.794596 0.079340 
684.759046 0.079623 
685.723495 0.079991 
686.687944 0.080634 
687.652394 0.081311 
688.616843 0.081896 
689.581292 0.082562 
690.545742 0.083251 
691.510191 0.083894 
692.474640 0.084670 
693.439090 0.085614 
694.403539 0.086556 
695.367989 0.087391 
696.332438 0.088355 
697.296887 0.089365 
698.261337 0.090358 
699.225786 0.091441 
700.190235 0.092546 
701.154685 0.093804 
702.119134 0.095280 
703.083583 0.097301 
704.048033 0.099313 
705.012482 0.101422 
705.976932 0.103740 
706.941381 0.106118 
707.905830 0.109057 
708.870280 0.111582 
709.834729 0.114791 
710.799178 0.118739 
711.763628 0.123433 
712.728077 0.128712 
713.692526 0.134450 
714.656976 0.139976 
715.621425 0.146890 
716.585874 0.155245 
717.550324 0.164765 
718.514773 0.176791 
719.479223 0.190361 
720.443672 0.205196 
721.408121 0.221789 
722.372571 0.237123 
723.337020 0.255366 
724.301469 0.272172 
725.265919 0.288392 
726.230368 0.303354 
727.194817 0.314292 
728.159267 0.324960 
729.123716 0.336849 
730.088166 0.350475 
731.052615 0.367200 
732.017064 0.388359 
732.981514 0.414752 
733.945963 0.446943 
734.910412 0.486359 
735.874862 0.535190 
736.839311 0.594749 
737.803760 0.666495 
738.768210 0.751077 
739.732659 0.850566 
740.697108 0.967696 
741.661558 1.103151 
742.626007 1.260924 
743.590457 1.442144 
744.554906 1.656538 
745.519355 1.912277 
746.483805 2.216492 
747.448254 2.489728 
748.412703 2.511005 
749.377153 2.411979 
750.341602 2.398274 
751.306051 2.363706 
752.270501 2.346032 
753.234950 2.320949 
754.199400 2.332797 
755.163849 2.315102 
756.128298 2.316566 
757.092748 2.316704 
758.057197 2.342187 
759.021646 2.319801 
759.986096 2.321655 
760.950545 2.317950 
761.914994 2.334733 
762.879444 2.327985 
763.843893 2.333393 
764.808342 2.302985 
765.772792 2.308014 
766.737241 2.305212 
767.701691 2.334804 
768.666140 2.317173 
769.630589 2.324435 
770.595039 2.319322 
771.559488 2.332996 
772.523937 2.327970 
773.488387 2.330743 
774.452836 2.309666 
775.417285 2.316160 
776.381735 2.313753 
777.346184 2.347368 
778.310634 2.351254 
779.275083 2.342253 
780.239532 2.306576 
781.203982 2.306558 
782.168431 2.303268 
783.132880 2.323970 
784.097330 2.317900 
785.061779 2.320809 
786.026228 2.318038 
786.990678 2.332720 
787.955127 2.318953 
788.919576 2.334961 
789.884026 2.304728 
790.848475 2.289796 
791.812925 2.280174 
792.777374 2.275637 
793.741823 2.263605 
794.706273 2.276655 
795.670722 2.267809 
796.635171 2.267606 
797.599621 2.284123 
798.564070 2.332516 
799.528519 2.349552 
800.492969 2.376113 
801.457418 2.406621 
802.421868 2.517585 
803.386317 2.117278 
804.350766 1.689924 
805.315216 1.381817 
806.279665 1.153325 
807.244114 0.979442 
808.208564 0.843200 
809.173013 0.731813 
810.137462 0.638747 
811.101912 0.561670 
812.066361 0.499959 
813.030810 0.451634 
813.995260 0.413700 
814.959709 0.383050 
815.924159 0.356782 
816.888608 0.333136 
817.853057 0.311570 
818.817507 0.291489 
819.781956 0.272551 
820.746405 0.254957 
821.710855 0.238732 
822.675304 0.223739 
823.639753 0.209892 
824.604203 0.197302 
825.568652 0.186140 
826.533102 0.176287 
827.497551 0.167654 
828.462000 0.160184 
829.426450 0.153663 
830.390899 0.148188 
831.355348 0.143810 
832.319798 0.140122 
833.284247 0.137106 
834.248696 0.134834 
835.213146 0.132926 
836.177595 0.131308 
837.142044 0.130006 
838.106494 0.129047 
839.070943 0.128346 
840.035393 0.127629 
840.999842 0.126932 
841.964291 0.126579 
842.928741 0.126442 
843.893190 0.126306 
844.857639 0.125907 
845.822089 0.125517 
846.786538 0.125492 
847.750987 0.125563 
848.715437 0.125370 
849.679886 0.125030 
850.644336 0.124702 
851.608785 0.124083 
852.573234 0.122927 
853.537684 0.121436 
854.502133 0.119967 
855.466582 0.118573 
856.431032 0.117161 
857.395481 0.115429 
858.359930 0.113491 
859.324380 0.111666 
860.288829 0.110105 
861.253278 0.108873 
862.217728 0.107854 
863.182177 0.107309 
864.146627 0.107063 
865.111076 0.106872 
866.075525 0.106595 
867.039975 0.106339 
868.004424 0.105939 
868.968873 0.105375 
869.933323 0.104598 
870.897772 0.103703 
871.862221 0.102922 
872.826671 0.102269 
873.791120 0.101391 
874.755570 0.100456 
875.720019 0.099792 
876.684468 0.099248 
877.648918 0.098284 
878.613367 0.097126 
879.577816 0.096214 
880.542266 0.095586 
881.506715 0.095137 
882.471164 0.094799 
883.435614 0.094842 
884.400063 0.095315 
885.364512 0.095969 
886.328962 0.096550 
887.293411 0.096972 
888.257861 0.097432 
889.222310 0.097826 
890.186759 0.097896 
891.151209 0.097604 
892.115658 0.097148 
893.080107 0.096616 
894.044557 0.095973 
895.009006 0.095229 
895.973455 0.094401 
896.937905 0.093730 
897.902354 0.093118 
898.866804 0.092368 
899.831253 0.091898 
900.795702 0.091560 
901.760152 0.091340 
902.724601 0.091229 
903.689050 0.091100 
904.653500 0.091008 
905.617949 0.090965 
906.582398 0.091079 
907.546848 0.091230 
908.511297 0.091410 
909.475746 0.091685 
910.440196 0.091898 
911.404645 0.092057 
912.369095 0.092279 
913.333544 0.092522 
914.297993 0.092586 
915.262443 0.092573 
916.226892 0.092807 
917.191341 0.093221 
918.155791 0.093418 
919.120240 0.093209 
920.084689 0.092901 
921.049139 0.092772 
922.013588 0.092555 
922.978038 0.092125 
923.942487 0.091553 
924.906936 0.091058 
925.871386 0.090720 
926.835835 0.090533 
927.800284 0.090604 
928.764734 0.090885 
929.729183 0.091271 
930.693632 0.091659 
931.658082 0.091989 
932.622531 0.092414 
933.586980 0.092941 
934.551430 0.092330 
935.515879 0.090921 
936.480329 0.090137 
937.444778 0.089914 
938.409227 0.089918 
939.373677 0.089930 
940.338126 0.090085 
941.302575 0.090505 
942.267025 0.091228 
943.231474 0.091971 
944.195923 0.092868 
945.160373 0.094133 
946.124822 0.095784 
947.089272 0.097723 
948.053721 0.099797 
949.018170 0.101967 
949.982620 0.104035 
950.947069 0.105553 
951.911518 0.106364 
952.875968 0.106732 
953.840417 0.107172 
954.804866 0.107717 
955.769316 0.108022 
956.733765 0.107813 
957.698214 0.107431 
958.662664 0.107013 
959.627113 0.106729 
960.591563 0.106595 
961.556012 0.106842 
962.520461 0.107693 
963.484911 0.108806 
964.449360 0.109650 
965.413809 0.110320 
966.378259 0.111020 
967.342708 0.111800 
968.307157 0.112589 
969.271607 0.113570 
970.236056 0.114873 
971.200506 0.116482 
972.164955 0.118154 
973.129404 0.119672 
974.093854 0.121052 
975.058303 0.122342 
976.022752 0.123312 
976.987202 0.123919 
977.951651 0.124303 
978.916100 0.124573 
979.880550 0.124834 
980.844999 0.125019 
981.809448 0.125035 
982.773898 0.125034 
983.738347 0.125096 
984.702797 0.125048 
985.667246 0.124802 
986.631695 0.124584 
987.596145 0.124415 
988.560594 0.124123 
989.525043 0.123532 
990.489493 0.122829 
991.453942 0.122269 
992.418391 0.121960 
993.382841 0.121763 
994.347290 0.121848 
995.311740 0.122425 
996.276189 0.123249 
997.240638 0.123987 
998.205088 0.124659 
999.169537 0.125352 
1000.133986 0.126068 
1001.098436 0.126844 
1002.062885 0.127598 
1003.027334 0.128459 
1003.991784 0.129231 
1004.956233 0.129607 
1005.920682 0.129662 
1006.885132 0.129376 
1007.849581 0.128838 
1008.814031 0.128032 
1009.778480 0.126990 
1010.742929 0.125811 
1011.707379 0.124481 
1012.671828 0.123017 
1013.636277 0.121409 
1014.600727 0.119581 
1015.565176 0.117776 
1016.529625 0.116065 
1017.494075 0.114413 
1018.458524 0.112767 
1019.422974 0.111321 
1020.387423 0.110161 
1021.351872 0.109117 
1022.316322 0.108008 
1023.280771 0.106966 
1024.245220 0.106102 
1025.209670 0.105344 
1026.174119 0.104592 
1027.138568 0.103967 
1028.103018 0.103756 
1029.067467 0.104014 
1030.031916 0.104363 
1030.996366 0.104625 
1031.960815 0.104873 
1032.925265 0.105148 
1033.889714 0.105201 
1034.854163 0.105075 
1035.818613 0.104946 
1036.783062 0.104954 
1037.747511 0.104997 
1038.711961 0.105048 
1039.676410 0.105193 
1040.640859 0.105681 
1041.605309 0.106578 
1042.569758 0.107564 
1043.534208 0.108491 
1044.498657 0.109488 
1045.463106 0.110534 
1046.427556 0.111285 
1047.392005 0.111676 
1048.356454 0.111916 
1049.320904 0.112048 
1050.285353 0.111913 
1051.249802 0.111283 
1052.214252 0.110281 
1053.178701 0.109245 
1054.143150 0.108427 
1055.107600 0.107561 
1056.072049 0.106753 
1057.036499 0.106315 
1058.000948 0.106186 
1058.965397 0.106261 
1059.929847 0.106356 
1060.894296 0.106478 
1061.858745 0.106843 
1062.823195 0.107309 
1063.787644 0.107723 
1064.752093 0.108028 
1065.716543 0.108310 
1066.680992 0.108519 
1067.645442 0.108494 
1068.609891 0.108067 
1069.574340 0.107476 
1070.538790 0.106975 
1071.503239 0.106583 
1072.467688 0.106070 
1073.432138 0.105602 
1074.396587 0.105343 
1075.361036 0.105181 
1076.325486 0.104953 
1077.289935 0.104611 
1078.254384 0.104386 
1079.218834 0.104464 
1080.183283 0.104499 
1081.147733 0.104492 
1082.112182 0.104639 
1083.076631 0.104945 
1084.041081 0.105189 
1085.005530 0.105266 
1085.969979 0.104964 
1086.934429 0.104388 
1087.898878 0.103572 
1088.863327 0.102619 
1089.827777 0.101666 
1090.792226 0.101018 
1091.756676 0.100553 
1092.721125 0.100209 
1093.685574 0.100021 
1094.650024 0.100010 
1095.614473 0.100188 
1096.578922 0.100471 
1097.543372 0.100703 
1098.507821 0.101079 
1099.472270 0.101678 
1100.436720 0.102390 
1101.401169 0.103081 
1102.365618 0.103815 
1103.330068 0.104625 
1104.294517 0.105301 
1105.258967 0.105746 
1106.223416 0.106006 
1107.187865 0.106069 
1108.152315 0.105894 
1109.116764 0.105568 
1110.081213 0.105245 
1111.045663 0.105041 
1112.010112 0.105003 
1112.974561 0.104944 
1113.939011 0.104718 
1114.903460 0.104245 
1115.867910 0.103450 
1116.832359 0.102217 
1117.796808 0.100710 
1118.761258 0.099373 
1119.725707 0.098353 
1120.690156 0.097481 
1121.654606 0.096711 
1122.619055 0.096015 
1123.583504 0.095481 
1124.547954 0.095091 
1125.512403 0.094643 
1126.476852 0.094114 
1127.441302 0.093772 
1128.405751 0.093584 
1129.370201 0.093337 
1130.334650 0.092743 
1131.299099 0.092233 
1132.263549 0.091976 
1133.227998 0.091736 
1134.192447 0.091449 
1135.156897 0.091188 
1136.121346 0.091001 
1137.085795 0.090867 
1138.050245 0.090664 
1139.014694 0.090547 
1139.979144 0.090593 
1140.943593 0.090780 
1141.908042 0.090957 
1142.872492 0.091067 
1143.836941 0.091277 
1144.801390 0.091708 
1145.765840 0.092147 
1146.730289 0.092509 
1147.694738 0.092904 
1148.659188 0.093458 
1149.623637 0.094114 
1150.588086 0.094611 
1151.552536 0.094885 
1152.516985 0.095313 
1153.481435 0.095975 
1154.445884 0.096608 
1155.410333 0.097065 
1156.374783 0.097628 
1157.339232 0.098249 
1158.303681 0.098703 
1159.268131 0.098906 
1160.232580 0.098918 
1161.197029 0.098831 
1162.161479 0.098729 
1163.125928 0.098555 
1164.090378 0.098363 
1165.054827 0.098084 
1166.019276 0.097785 
1166.983726 0.097560 
1167.948175 0.097581 
1168.912624 0.097916 
1169.877074 0.098448 
1170.841523 0.098788 
1171.805972 0.098972 
1172.770422 0.099120 
1173.734871 0.099325 
1174.699320 0.099426 
1175.663770 0.099437 
1176.628219 0.099313 
1177.592669 0.099284 
1178.557118 0.099385 
1179.521567 0.099653 
1180.486017 0.100168 
1181.450466 0.100699 
1182.414915 0.101108 
1183.379365 0.101674 
1184.343814 0.102570 
1185.308263 0.103678 
1186.272713 0.104772 
1187.237162 0.105744 
1188.201612 0.106560 
1189.166061 0.107421 
1190.130510 0.108530 
1191.094960 0.110026 
1192.059409 0.111843 
1193.023858 0.114044 
1193.988308 0.116736 
1194.952757 0.119885 
1195.917206 0.123567 
1196.881656 0.128098 
1197.846105 0.133900 
1198.810554 0.141497 
1199.775004 0.151423 
1200.739453 0.164695 
1201.703903 0.180720 
1202.668352 0.194074 
1203.632801 0.197386 
1204.597251 0.191034 
1205.561700 0.181828 
1206.526149 0.173683 
1207.490599 0.166161 
1208.455048 0.158685 
1209.419497 0.151685 
1210.383947 0.145669 
1211.348396 0.140559 
1212.312846 0.136326 
1213.277295 0.133177 
1214.241744 0.131088 
1215.206194 0.129789 
1216.170643 0.129051 
1217.135092 0.128534 
1218.099542 0.128239 
1219.063991 0.128305 
1220.028440 0.128667 
1220.992890 0.129166 
1221.957339 0.130118 
1222.921788 0.131660 
1223.886238 0.133862 
1224.850687 0.136831 
1225.815137 0.140955 
1226.779586 0.146648 
1227.744035 0.154447 
1228.708485 0.163879 
1229.672934 0.173462 
1230.637383 0.180886 
1231.601833 0.184266 
1232.566282 0.184141 
1233.530731 0.183931 
1234.495181 0.186989 
1235.459630 0.195112 
1236.424080 0.208069 
1237.388529 0.223987 
1238.352978 0.240173 
1239.317428 0.255553 
1240.281877 0.270441 
1241.246326 0.281781 
1242.210776 0.281604 
1243.175225 0.267214 
1244.139674 0.246581 
1245.104124 0.229496 
1246.068573 0.219445 
1247.033022 0.215917 
1247.997472 0.217644 
1248.961921 0.222812 
1249.926371 0.229117 
1250.890820 0.235581 
1251.855269 0.242778 
1252.819719 0.250482 
1253.784168 0.256916 
1254.748617 0.259682 
1255.713067 0.256161 
1256.677516 0.246346 
1257.641965 0.233179 
1258.606415 0.219384 
1259.570864 0.205968 
1260.535314 0.192992 
1261.499763 0.181414 
1262.464212 0.171446 
1263.428662 0.162669 
1264.393111 0.155311 
1265.357560 0.149492 
1266.322010 0.145315 
1267.286459 0.142600 
1268.250908 0.141469 
1269.215358 0.141972 
1270.179807 0.144067 
1271.144256 0.147573 
1272.108706 0.152705 
1273.073155 0.159188 
1274.037605 0.166885 
1275.002054 0.175421 
1275.966503 0.183531 
1276.930953 0.189184 
1277.895402 0.191182 
1278.859851 0.189719 
1279.824301 0.186333 
1280.788750 0.182873 
1281.753199 0.180738 
1282.717649 0.179280 
1283.682098 0.177088 
1284.646548 0.173109 
1285.610997 0.167647 
1286.575446 0.161348 
1287.539896 0.154944 
1288.504345 0.148949 
1289.468794 0.144050 
1290.433244 0.140225 
1291.397693 0.137610 
1292.362142 0.136051 
1293.326592 0.135371 
1294.291041 0.135150 
1295.255490 0.135131 
1296.219940 0.135077 
1297.184389 0.134958 
1298.148839 0.134637 
1299.113288 0.134190 
1300.077737 0.134082 
1301.042187 0.134858 
1302.006636 0.136158 
1302.971085 0.137282 
1303.935535 0.137455 
1304.899984 0.136665 
1305.864433 0.135182 
1306.828883 0.133576 
1307.793332 0.132052 
1308.757782 0.130853 
1309.722231 0.129637 
1310.686680 0.128003 
1311.651130 0.125512 
1312.615579 0.122578 
1313.580028 0.119856 
1314.544478 0.117956 
1315.508927 0.116432 
1316.473376 0.114984 
1317.437826 0.113463 
1318.402275 0.111960 
1319.366724 0.110207 
1320.331174 0.108195 
1321.295623 0.106235 
1322.260073 0.104718 
1323.224522 0.103606 
1324.188971 0.102823 
1325.153421 0.102494 
1326.117870 0.101876 
1327.082319 0.102007 
1328.046769 0.102161 
1329.011218 0.102551 
1329.975667 0.103096 
1330.940117 0.103759 
1331.904566 0.104617 
1332.869016 0.105976 
1333.833465 0.107626 
1334.797914 0.109717 
1335.762364 0.112135 
1336.726813 0.114877 
1337.691262 0.116836 
1338.655712 0.117675 
1339.620161 0.118004 
1340.584610 0.118068 
1341.549060 0.117725 
1342.513509 0.116797 
1343.477958 0.115323 
1344.442408 0.113185 
1345.406857 0.110969 
1346.371307 0.109160 
1347.335756 0.108178 
1348.300205 0.107906 
1349.264655 0.108102 
1350.229104 0.108481 
1351.193553 0.109008 
1352.158003 0.109519 
1353.122452 0.109745 
1354.086901 0.109319 
1355.051351 0.108768 
1356.015800 0.108307 
1356.980250 0.108173 
1357.944699 0.108224 
1358.909148 0.108593 
1359.873598 0.108838 
1360.838047 0.109073 
1361.802496 0.108894 
1362.766946 0.108879 
1363.731395 0.109344 
1364.695844 0.109613 
1365.660294 0.110088 
1366.624743 0.110767 
1367.589192 0.111800 
1368.553642 0.113528 
1369.518091 0.115544 
1370.482541 0.117032 
1371.446990 0.118317 
1372.411439 0.119450 
1373.375889 0.121166 
1374.340338 0.125012 
1375.304787 0.131560 
1376.269237 0.140729 
1377.233686 0.152556 
1378.198135 0.167053 
1379.162585 0.177202 
1380.127034 0.176750 
1381.091484 0.166305 
1382.055933 0.151579 
1383.020382 0.138446 
1383.984832 0.128700 
1384.949281 0.123915 
1385.913730 0.118842 
1386.878180 0.115109 
1387.842629 0.112319 
1388.807078 0.110251 
1389.771528 0.109087 
1390.735977 0.108005 
1391.700426 0.106778 
1392.664876 0.105912 
1393.629325 0.105364 
1394.593775 0.105168 
1395.558224 0.105023 
1396.522673 0.104736 
1397.487123 0.104505 
1398.451572 0.104472 
1399.416021 0.104946 
1400.380471 0.104899 
1401.344920 0.104845 
1402.309369 0.104982 
1403.273819 0.104969 
1404.238268 0.104804 
1405.202718 0.105046 
1406.167167 0.104976 
1407.131616 0.104843 
1408.096066 0.104717 
1409.060515 0.104800 
1410.024964 0.104952 
1410.989414 0.105163 
1411.953863 0.105318 
1412.918312 0.105523 
1413.882762 0.105827 
1414.847211 0.107495 
1415.811660 0.109054 
1416.776110 0.110039 
1417.740559 0.110943 
1418.705009 0.111893 
1419.669458 0.114912 
1420.633907 0.116063 
1421.598357 0.117274 
1422.562806 0.119376 
1423.527255 0.122316 
1424.491705 0.127842 
1425.456154 0.132918 
1426.420603 0.138137 
1427.385053 0.148573 
1428.349502 0.161635 
1429.313952 0.175674 
1430.278401 0.190281 
1431.242850 0.193584 
1432.207300 0.188426 
1433.171749 0.181918 
1434.136198 0.178997 
1435.100648 0.180632 
1436.065097 0.186291 
1437.029546 0.207563 
1437.993996 0.217952 
1438.958445 0.218274 
1439.922894 0.211883 
1440.887344 0.202514 
1441.851793 0.194385 
1442.816243 0.188173 
1443.780692 0.184437 
1444.745141 0.185053 
1445.709591 0.182528 
1446.674040 0.183339 
1447.638489 0.186233 
1448.602939 0.192694 
1449.567388 0.199628 
1450.531837 0.209791 
1451.496287 0.221711 
1452.460736 0.235502 
1453.425186 0.245329 
1454.389635 0.252808 
1455.354084 0.259494 
1456.318534 0.268177 
1457.282983 0.278127 
1458.247432 0.281706 
1459.211882 0.282295 
1460.176331 0.283539 
1461.140780 0.281825 
1462.105230 0.277554 
1463.069679 0.271859 
1464.034128 0.272337 
1464.998578 0.285806 
1465.963027 0.304941 
1466.927477 0.313827 
1467.891926 0.312569 
1468.856375 0.289234 
1469.820825 0.256216 
1470.785274 0.223506 
1471.749723 0.196045 
1472.714173 0.167517 
1473.678622 0.153086 
1474.643071 0.143133 
1475.607521 0.138240 
1476.571970 0.132234 
1477.536420 0.127918 
1478.500869 0.124629 
1479.465318 0.120737 
1480.429768 0.118628 
1481.394217 0.116804 
1482.358666 0.114969 
1483.323116 0.113393 
1484.287565 0.112170 
1485.252014 0.111635 
1486.216464 0.111006 
1487.180913 0.110780 
1488.145362 0.110239 
1489.109812 0.109729 
1490.074261 0.109489 
1491.038711 0.109691 
1492.003160 0.109385 
1492.967609 0.109237 
1493.932059 0.109401 
1494.896508 0.109415 
1495.860957 0.109525 
1496.825407 0.110496 
1497.789856 0.109952 
1498.754305 0.110735 
1499.718755 0.111115 
1500.683204 0.110935 
1501.647654 0.111332 
1502.612103 0.112088 
1503.576552 0.112183 
1504.541002 0.112260 
1505.505451 0.112460 
1506.469900 0.112893 
1507.434350 0.114322 
1508.398799 0.115438 
1509.363248 0.115846 
1510.327698 0.116718 
1511.292147 0.116678 
1512.256596 0.117818 
1513.221046 0.118400 
1514.185495 0.118556 
1515.149945 0.118931 
1516.114394 0.119110 
1517.078843 0.120385 
1518.043293 0.121530 
1519.007742 0.121434 
1519.972191 0.121601 
1520.936641 0.122256 
1521.901090 0.123330 
1522.865539 0.124051 
1523.829989 0.124264 
1524.794438 0.124583 
1525.758888 0.125838 
1526.723337 0.126235 
1527.687786 0.127008 
1528.652236 0.128022 
1529.616685 0.128863 
1530.581134 0.129471 
1531.545584 0.130997 
1532.510033 0.132317 
1533.474482 0.134506 
1534.438932 0.136882 
1535.403381 0.138227 
1536.367830 0.139894 
1537.332280 0.141432 
1538.296729 0.142927 
1539.261179 0.145553 
1540.225628 0.148449 
1541.190077 0.149545 
1542.154527 0.151647 
1543.118976 0.153529 
1544.083425 0.154360 
1545.047875 0.156366 
1546.012324 0.158129 
1546.976773 0.159102 
1547.941223 0.160099 
1548.905672 0.159708 
1549.870122 0.159684 
1550.834571 0.159451 
1551.799020 0.158491 
1552.763470 0.157588 
1553.727919 0.156738 
1554.692368 0.156273 
1555.656818 0.154631 
1556.621267 0.153405 
1557.585716 0.152501 
1558.550166 0.151255 
1559.514615 0.149941 
1560.479064 0.149044 
1561.443514 0.146887 
1562.407963 0.145414 
1563.372413 0.144005 
1564.336862 0.142667 
1565.301311 0.141220 
1566.265761 0.139549 
1567.230210 0.138047 
1568.194659 0.136730 
1569.159109 0.136086 
1570.123558 0.136040 
1571.088007 0.134441 
1572.052457 0.133530 
1573.016906 0.132856 
1573.981356 0.132325 
1574.945805 0.131733 
1575.910254 0.132557 
1576.874704 0.132828 
1577.839153 0.131589 
1578.803602 0.130659 
1579.768052 0.129880 
1580.732501 0.129116 
1581.696950 0.128666 
1582.661400 0.128108 
1583.625849 0.127500 
1584.590298 0.126885 
1585.554748 0.126200 
1586.519197 0.125288 
1587.483647 0.124300 
1588.448096 0.123155 
1589.412545 0.121927 
1590.376995 0.120640 
1591.341444 0.119408 
1592.305893 0.118144 
1593.270343 0.116921 
1594.234792 0.115649 
1595.199241 0.114437 
1596.163691 0.113183 
1597.128140 0.112039 
1598.092590 0.110818 
1599.057039 0.109592 
1600.021488 0.108756 
1600.985938 0.108081 
1601.950387 0.107266 
1602.914836 0.106496 
1603.879286 0.105863 
1604.843735 0.105198 
1605.808184 0.104524 
1606.772634 0.103855 
1607.737083 0.103163 
1608.701532 0.102503 
1609.665982 0.102068 
1610.630431 0.101525 
1611.594881 0.101095 
1612.559330 0.100780 
1613.523779 0.100393 
1614.488229 0.099943 
1615.452678 0.099285 
1616.417127 0.099595 
1617.381577 0.099679 
1618.346026 0.098817 
1619.310475 0.098347 
1620.274925 0.097977 
1621.239374 0.097677 
1622.203824 0.097190 
1623.168273 0.097089 
1624.132722 0.097047 
1625.097172 0.096384 
1626.061621 0.095952 
1627.026070 0.095606 
1627.990520 0.095562 
1628.954969 0.095218 
1629.919418 0.094834 
1630.883868 0.094533 
1631.848317 0.094393 
1632.812766 0.094305 
1633.777216 0.094092 
1634.741665 0.094086 
1635.706115 0.094620 
1636.670564 0.094116 
1637.635013 0.094102 
1638.599463 0.094074 
1639.563912 0.093865 
1640.528361 0.093808 
1641.492811 0.093690 
1642.457260 0.093731 
1643.421709 0.093724 
1644.386159 0.093504 
1645.350608 0.093419 
1646.315058 0.093678 
1647.279507 0.093558 
1648.243956 0.093830 
1649.208406 0.093680 
1650.172855 0.093421 
1651.137304 0.093243 
1652.101754 0.093150 
1653.066203 0.092917 
1654.030652 0.093923 
1654.995102 0.093946 
1655.959551 0.093454 
1656.924000 0.093273 
1657.888450 0.093289 
1658.852899 0.093319 
1659.817349 0.093273 
1660.781798 0.093074 
1661.746247 0.092840 
1662.710697 0.093113 
1663.675146 0.093213 
1664.639595 0.092859 
1665.604045 0.092756 
1666.568494 0.092571 
1667.532943 0.092368 
1668.497393 0.092301 
1669.461842 0.092887 
1670.426292 0.092466 
1671.390741 0.092369 
1672.355190 0.092407 
1673.319640 0.092029 
1674.284089 0.091687 
1675.248538 0.092240 
1676.212988 0.092395 
1677.177437 0.091884 
1678.141886 0.091721 
1679.106336 0.091538 
1680.070785 0.091574 
1681.035234 0.091587 
1681.999684 0.091194 
1682.964133 0.090873 
1683.928583 0.090675 
1684.893032 0.092111 
1685.857481 0.091703 
1686.821931 0.091033 
1687.786380 0.090927 
1688.750829 0.090983 
1689.715279 0.090869 
1690.679728 0.090869 
1691.644177 0.090795 
1692.608627 0.090681 
1693.573076 0.090493 
1694.537526 0.090213 
1695.501975 0.090587 
1696.466424 0.091143 
1697.430874 0.090505 
1698.395323 0.090076 
1699.359772 0.089700 
1700.324222 0.090835 
1701.288671 0.091192 
1702.253120 0.090264 
1703.217570 0.089856 
1704.182019 0.090033 
1705.146468 0.090091 
1706.110918 0.090048 
1707.075367 0.090293 
1708.039817 0.090036 
1709.004266 0.089919 
1709.968715 0.089903 
1710.933165 0.090020 
1711.897614 0.089863 
1712.862063 0.089725 
1713.826513 0.089563 
1714.790962 0.089772 
1715.755411 0.089724 
1716.719861 0.089417 
1717.684310 0.089610 
1718.648760 0.090191 
1719.613209 0.089997 
1720.577658 0.089725 
1721.542108 0.089669 
1722.506557 0.089542 
1723.471006 0.089603 
1724.435456 0.089645 
1725.399905 0.089576 
1726.364354 0.089586 
1727.328804 0.089556 
1728.293253 0.089400 
1729.257702 0.089216 
1730.222152 0.089540 
1731.186601 0.089435 
1732.151051 0.089104 
1733.115500 0.088996 
1734.079949 0.089526 
1735.044399 0.090117 
1736.008848 0.089533 
1736.973297 0.089297 
1737.937747 0.089332 
1738.902196 0.089243 
1739.866645 0.089704 
1740.831095 0.089625 
1741.795544 0.089226 
1742.759994 0.089238 
1743.724443 0.089406 
1744.688892 0.089216 
1745.653342 0.089062 
1746.617791 0.089043 
1747.582240 0.088901 
1748.546690 0.088916 
1749.511139 0.088987 
1750.475588 0.088773 
1751.440038 0.089228 
1752.404487 0.089068 
1753.368936 0.088859 
1754.333386 0.088799 
1755.297835 0.088627 
1756.262285 0.088624 
1757.226734 0.088891 
1758.191183 0.088721 
1759.155633 0.088711 
1760.120082 0.088579 
1761.084531 0.088514 
1762.048981 0.088921 
1763.013430 0.088819 
1763.977879 0.088579 
1764.942329 0.088533 
1765.906778 0.088505 
1766.871228 0.088410 
1767.835677 0.088629 
1768.800126 0.089002 
1769.764576 0.088629 
1770.729025 0.088542 
1771.693474 0.088679 
1772.657924 0.089299 
1773.622373 0.089267 
1774.586822 0.088837 
1775.551272 0.089024 
1776.515721 0.089172 
1777.480170 0.089086 
1778.444620 0.089134 
1779.409069 0.089092 
1780.373519 0.089272 
1781.337968 0.089453 
1782.302417 0.089394 
1783.266867 0.089403 
1784.231316 0.089478 
1785.195765 0.089710 
1786.160215 0.089634 
1787.124664 0.089680 
1788.089113 0.089787 
1789.053563 0.089749 
1790.018012 0.089620 
1790.982462 0.089743 
1791.946911 0.089858 
1792.911360 0.090452 
1793.875810 0.090184 
1794.840259 0.089863 
1795.804708 0.090006 
1796.769158 0.090151 
1797.733607 0.090027 
1798.698056 0.089929 
1799.662506 0.090259 
1800.626955 0.090188 
1801.591404 0.090110 
1802.555854 0.090347 
1803.520303 0.090311 
1804.484753 0.090288 
1805.449202 0.090333 
1806.413651 0.090241 
1807.378101 0.090330 
1808.342550 0.090403 
1809.306999 0.090250 
1810.271449 0.090309 
1811.235898 0.090494 
1812.200347 0.090472 
1813.164797 0.090503 
1814.129246 0.090469 
1815.093696 0.090503 
1816.058145 0.090460 
1817.022594 0.090523 
1817.987044 0.090557 
1818.951493 0.090529 
1819.915942 0.090505 
1820.880392 0.090479 
1821.844841 0.090428 
1822.809290 0.090412 
1823.773740 0.090250 
1824.738189 0.090299 
1825.702638 0.090674 
1826.667088 0.090420 
1827.631537 0.090289 
1828.595987 0.090121 
1829.560436 0.090306 
1830.524885 0.090705 
1831.489335 0.090457 
1832.453784 0.090357 
1833.418233 0.090432 
1834.382683 0.090425 
1835.347132 0.090320 
1836.311581 0.090277 
1837.276031 0.090398 
1838.240480 0.090423 
1839.204930 0.090361 
1840.169379 0.090355 
1841.133828 0.090338 
1842.098278 0.090337 
1843.062727 0.090088 
1844.027176 0.090436 
1844.991626 0.090859 
1845.956075 0.090468 
1846.920524 0.090339 
1847.884974 0.090449 
1848.849423 0.090506 
1849.813872 0.090473 
1850.778322 0.090499 
1851.742771 0.090507 
1852.707221 0.090519 
1853.671670 0.090509 
1854.636119 0.090547 
1855.600569 0.090516 
1856.565018 0.090547 
1857.529467 0.090526 
1858.493917 0.090534 
1859.458366 0.090533 
1860.422815 0.090531 
1861.387265 0.090559 
1862.351714 0.090526 
1863.316164 0.090504 
1864.280613 0.090484 
1865.245062 0.090449 
1866.209512 0.090462 
1867.173961 0.090428 
1868.138410 0.090437 
1869.102860 0.090671 
1870.067309 0.090755 
1871.031758 0.090580 
1871.996208 0.090563 
1872.960657 0.090557 
1873.925106 0.090593 
1874.889556 0.090598 
1875.854005 0.090637 
1876.818455 0.090606 
1877.782904 0.090650 
1878.747353 0.090713 
1879.711803 0.090777 
1880.676252 0.090788 
1881.640701 0.090817 
1882.605151 0.090868 
1883.569600 0.090903 
1884.534049 0.090964 
1885.498499 0.091029 
1886.462948 0.091076 
1887.427398 0.091119 
1888.391847 0.091028 
1889.356296 0.091210 
1890.320746 0.091427 
1891.285195 0.091364 
1892.249644 0.091397 
1893.214094 0.091374 
1894.178543 0.091371 
1895.142992 0.091532 
1896.107442 0.091697 
1897.071891 0.091669 
1898.036340 0.091723 
1899.000790 0.091762 
1899.965239 0.091835 
1900.929689 0.091816 
1901.894138 0.091875 
1902.858587 0.091899 
1903.823037 0.091941 
1904.787486 0.091957 
1905.751935 0.091962 
1906.716385 0.091900 
1907.680834 0.091960 
1908.645283 0.091977 
1909.609733 0.091997 
1910.574182 0.092106 
1911.538632 0.092096 
1912.503081 0.092103 
1913.467530 0.092090 
1914.431980 0.092050 
1915.396429 0.092092 
1916.360878 0.092019 
1917.325328 0.091994 
1918.289777 0.092365 
1919.254226 0.092309 
1920.218676 0.092246 
1921.183125 0.092176 
1922.147574 0.092101 
1923.112024 0.092333 
1924.076473 0.092362 
1925.040923 0.092301 
1926.005372 0.092320 
1926.969821 0.092328 
1927.934271 0.092349 
1928.898720 0.092334 
1929.863169 0.092285 
1930.827619 0.092236 
1931.792068 0.092263 
1932.756517 0.092291 
1933.720967 0.092298 
1934.685416 0.092286 
1935.649866 0.092264 
1936.614315 0.092309 
1937.578764 0.092305 
1938.543214 0.092268 
1939.507663 0.092267 
1940.472112 0.092204 
1941.436562 0.092085 
1942.401011 0.092275 
1943.365460 0.092425 
1944.329910 0.092224 
1945.294359 0.092247 
1946.258808 0.092246 
1947.223258 0.092252 
1948.187707 0.092319 
1949.152157 0.092579 
1950.116606 0.092687 
1951.081055 0.092485 
1952.045505 0.092335 
1953.009954 0.092355 
1953.974403 0.092307 
1954.938853 0.092322 
1955.903302 0.092407 
1956.867751 0.092782 
1957.832201 0.094260 
1958.796650 0.097279 
1959.761100 0.095051 
1960.725549 0.093015 
1961.689998 0.092548 
1962.654448 0.092454 
1963.618897 0.092379 
1964.583346 0.092313 
1965.547796 0.092273 
1966.512245 0.092249 
1967.476694 0.092332 
1968.441144 0.092350 
1969.405593 0.092284 
1970.370042 0.092313 
1971.334492 0.092291 
1972.298941 0.092304 
1973.263391 0.092375 
1974.227840 0.092410 
1975.192289 0.092377 
1976.156739 0.092394 
1977.121188 0.092413 
1978.085637 0.092447 
1979.050087 0.092475 
1980.014536 0.092471 
1980.978985 0.092545 
1981.943435 0.092598 
1982.907884 0.092618 
1983.872334 0.092651 
1984.836783 0.092654 
1985.801232 0.092733 
1986.765682 0.092758 
1987.730131 0.092779 
1988.694580 0.092854 
1989.659030 0.092918 
1990.623479 0.092870 
1991.587928 0.092995 
1992.552378 0.093169 
1993.516827 0.093187 
1994.481276 0.093293 
1995.445726 0.093337 
1996.410175 0.093315 
1997.374625 0.093371 
1998.339074 0.093484 
1999.303523 0.093577 
2000.267973 0.093637 
2001.232422 0.093676 
2002.196871 0.093802 
2003.161321 0.093892 
2004.125770 0.093866 
2005.090219 0.093829 
2006.054669 0.093809 
2007.019118 0.093837 
2007.983568 0.093889 
2008.948017 0.093903 
2009.912466 0.093914 
2010.876916 0.093945 
2011.841365 0.093971 
2012.805814 0.093987 
2013.770264 0.094002 
2014.734713 0.094006 
2015.699162 0.093904 
2016.663612 0.093920 
2017.628061 0.094053 
2018.592510 0.094246 
2019.556960 0.094398 
2020.521409 0.094335 
2021.485859 0.094334 
2022.450308 0.094377 
2023.414757 0.094494 
2024.379207 0.094591 
2025.343656 0.094670 
2026.308105 0.094839 
2027.272555 0.095267 
2028.237004 0.096269 
2029.201453 0.096823 
2030.165903 0.095870 
2031.130352 0.095183 
2032.094802 0.095047 
2033.059251 0.095011 
2034.023700 0.094975 
2034.988150 0.094978 
2035.952599 0.094951 
2036.917048 0.094931 
2037.881498 0.094854 
2038.845947 0.094798 
2039.810396 0.094709 
2040.774846 0.094675 
2041.739295 0.094727 
2042.703744 0.094706 
2043.668194 0.094703 
2044.632643 0.094749 
2045.597093 0.094717 
2046.561542 0.094671 
2047.525991 0.094645 
2048.490441 0.094654 
2049.454890 0.094637 
2050.419339 0.094623 
2051.383789 0.094629 
2052.348238 0.094678 
2053.312687 0.094680 
2054.277137 0.094645 
2055.241586 0.094611 
2056.206036 0.094643 
2057.170485 0.094656 
2058.134934 0.094649 
2059.099384 0.094615 
2060.063833 0.094603 
2061.028282 0.094644 
2061.992732 0.094635 
2062.957181 0.094522 
2063.921630 0.094391 
2064.886080 0.094445 
2065.850529 0.094507 
2066.814978 0.094422 
2067.779428 0.094366 
2068.743877 0.094339 
2069.708327 0.094294 
2070.672776 0.094216 
2071.637225 0.094182 
2072.601675 0.094220 
2073.566124 0.094220 
2074.530573 0.094136 
2075.495023 0.094074 
2076.459472 0.094060 
2077.423921 0.094071 
2078.388371 0.094061 
2079.352820 0.094029 
2080.317270 0.093993 
2081.281719 0.094019 
2082.246168 0.094075 
2083.210618 0.094093 
2084.175067 0.094075 
2085.139516 0.094079 
2086.103966 0.094077 
2087.068415 0.094071 
2088.032864 0.094058 
2088.997314 0.094016 
2089.961763 0.094094 
2090.926212 0.094153 
2091.890662 0.094105 
2092.855111 0.094171 
2093.819561 0.094240 
2094.784010 0.094239 
2095.748459 0.094157 
2096.712909 0.094126 
2097.677358 0.094163 
2098.641807 0.094211 
2099.606257 0.094201 
2100.570706 0.094175 
2101.535155 0.094181 
2102.499605 0.094261 
2103.464054 0.094291 
2104.428504 0.094286 
2105.392953 0.094303 
2106.357402 0.094359 
2107.321852 0.094410 
2108.286301 0.094378 
2109.250750 0.094351 
2110.215200 0.094409 
2111.179649 0.094448 
2112.144098 0.094435 
2113.108548 0.094406 
2114.072997 0.094451 
2115.037446 0.094534 
2116.001896 0.094556 
2116.966345 0.094504 
2117.930795 0.094520 
2118.895244 0.094588 
2119.859693 0.094691 
2120.824143 0.094700 
2121.788592 0.094668 
2122.753041 0.094674 
2123.717491 0.094744 
2124.681940 0.094732 
2125.646389 0.094731 
2126.610839 0.094780 
2127.575288 0.094857 
2128.539738 0.094875 
2129.504187 0.094878 
2130.468636 0.094961 
2131.433086 0.095081 
2132.397535 0.095123 
2133.361984 0.095083 
2134.326434 0.095045 
2135.290883 0.095105 
2136.255332 0.095144 
2137.219782 0.095136 
2138.184231 0.095133 
2139.148680 0.095173 
2140.113130 0.095247 
2141.077579 0.095325 
2142.042029 0.095343 
2143.006478 0.095334 
2143.970927 0.095385 
2144.935377 0.095471 
2145.899826 0.095540 
2146.864275 0.095619 
2147.828725 0.095704 
2148.793174 0.095761 
2149.757623 0.095795 
2150.722073 0.095843 
2151.686522 0.095947 
2152.650972 0.096069 
2153.615421 0.096101 
2154.579870 0.096166 
2155.544320 0.096267 
2156.508769 0.096318 
2157.473218 0.096350 
2158.437668 0.096363 
2159.402117 0.096367 
2160.366566 0.096377 
2161.331016 0.096373 
2162.295465 0.096410 
2163.259914 0.096464 
2164.224364 0.096496 
2165.188813 0.096448 
2166.153263 0.096407 
2167.117712 0.096371 
2168.082161 0.096412 
2169.046611 0.096400 
2170.011060 0.096349 
2170.975509 0.096335 
2171.939959 0.096391 
2172.904408 0.096424 
2173.868857 0.096375 
2174.833307 0.096324 
2175.797756 0.096375 
2176.762206 0.096430 
2177.726655 0.096448 
2178.691104 0.096435 
2179.655554 0.096506 
2180.620003 0.096538 
2181.584452 0.096561 
2182.548902 0.096575 
2183.513351 0.096606 
2184.477800 0.096624 
2185.442250 0.096672 
2186.406699 0.096681 
2187.371148 0.096721 
2188.335598 0.096750 
2189.300047 0.096798 
2190.264497 0.096796 
2191.228946 0.096767 
2192.193395 0.096781 
2193.157845 0.096838 
2194.122294 0.096812 
2195.086743 0.096749 
2196.051193 0.096729 
2197.015642 0.096758 
2197.980091 0.096732 
2198.944541 0.096718 
2199.908990 0.096702 
2200.873440 0.096690 
2201.837889 0.096685 
2202.802338 0.096691 
2203.766788 0.096614 
2204.731237 0.096608 
2205.695686 0.096648 
2206.660136 0.096683 
2207.624585 0.096673 
2208.589034 0.096688 
2209.553484 0.096697 
2210.517933 0.096739 
2211.482382 0.096751 
2212.446832 0.096778 
2213.411281 0.096846 
2214.375731 0.096941 
2215.340180 0.096960 
2216.304629 0.097022 
2217.269079 0.097072 
2218.233528 0.097140 
2219.197977 0.097187 
2220.162427 0.097234 
2221.126876 0.097296 
2222.091325 0.097382 
2223.055775 0.097416 
2224.020224 0.097420 
2224.984674 0.097471 
2225.949123 0.097581 
2226.913572 0.097661 
2227.878022 0.097733 
2228.842471 0.097810 
2229.806920 0.097911 
2230.771370 0.097992 
2231.735819 0.098037 
2232.700268 0.098033 
2233.664718 0.098096 
2234.629167 0.098164 
2235.593616 0.098218 
2236.558066 0.098211 
2237.522515 0.098271 
2238.486965 0.098337 
2239.451414 0.098389 
2240.415863 0.098447 
2241.380313 0.098502 
2242.344762 0.098510 
2243.309211 0.098605 
2244.273661 0.098694 
2245.238110 0.098747 
2246.202559 0.098843 
2247.167009 0.098970 
2248.131458 0.099013 
2249.095908 0.099019 
2250.060357 0.098967 
2251.024806 0.098986 
2251.989256 0.099012 
2252.953705 0.099048 
2253.918154 0.099049 
2254.882604 0.099097 
2255.847053 0.099135 
2256.811502 0.099163 
2257.775952 0.099166 
2258.740401 0.099234 
2259.704850 0.099262 
2260.669300 0.099289 
2261.633749 0.099349 
2262.598199 0.099450 
2263.562648 0.099445 
2264.527097 0.099453 
2265.491547 0.099426 
2266.455996 0.099478 
2267.420445 0.099491 
2268.384895 0.099565 
2269.349344 0.099582 
2270.313793 0.099613 
2271.278243 0.099642 
2272.242692 0.099741 
2273.207142 0.099784 
2274.171591 0.099874 
2275.136040 0.099896 
2276.100490 0.099991 
2277.064939 0.100063 
2278.029388 0.100129 
2278.993838 0.100161 
2279.958287 0.100257 
2280.922736 0.100267 
2281.887186 0.100338 
2282.851635 0.100370 
2283.816084 0.100453 
2284.780534 0.100515 
2285.744983 0.100620 
2286.709433 0.100637 
2287.673882 0.100709 
2288.638331 0.100698 
2289.602781 0.100777 
2290.567230 0.100720 
2291.531679 0.100795 
2292.496129 0.100716 
2293.460578 0.100771 
2294.425027 0.100758 
2295.389477 0.100764 
2296.353926 0.100815 
2297.318376 0.100786 
2298.282825 0.100829 
2299.247274 0.100765 
2300.211724 0.100728 
2301.176173 0.100806 
2302.140622 0.100705 
2303.105072 0.100836 
2304.069521 0.100592 
2305.033970 0.100909 
2305.998420 0.100583 
2306.962869 0.100869 
2307.927318 0.100438 
2308.891768 0.100663 
2309.856217 0.100353 
2310.820667 0.100462 
2311.785116 0.100368 
2312.749565 0.100433 
2313.714015 0.100532 
2314.678464 0.100412 
2315.642913 0.100529 
2316.607363 0.100335 
2317.571812 0.100507 
2318.536261 0.100156 
2319.500711 0.100372 
2320.465160 0.100050 
2321.429610 0.100343 
2322.394059 0.100027 
2323.358508 0.100405 
2324.322958 0.100128 
2325.287407 0.100405 
2326.251856 0.100150 
2327.216306 0.100357 
2328.180755 0.100098 
2329.145204 0.100233 
2330.109654 0.100016 
2331.074103 0.100279 
2332.038552 0.100215 
2333.003002 0.100457 
2333.967451 0.100409 
2334.931901 0.100632 
2335.896350 0.100382 
2336.860799 0.100436 
2337.825249 0.100270 
2338.789698 0.100436 
2339.754147 0.100355 
2340.718597 0.100420 
2341.683046 0.100363 
2342.647495 0.100444 
2343.611945 0.100436 
2344.576394 0.100628 
2345.540844 0.100585 
2346.505293 0.100780 
2347.469742 0.100916 
2348.434192 0.100744 
2349.398641 0.100278 
2350.363090 0.100286 
2351.327540 0.100358 
2352.291989 0.100517 
2353.256438 0.100246 
2354.220888 0.100375 
2355.185337 0.100366 
2356.149786 0.100386 
2357.114236 0.100258 
2358.078685 0.100361 
2359.043135 0.100216 
2360.007584 0.100264 
2360.972033 0.100177 
2361.936483 0.100418 
2362.900932 0.100404 
2363.865381 0.100494 
2364.829831 0.100479 
2365.794280 0.100717 
2366.758729 0.100727 
2367.723179 0.100761 
2368.687628 0.100675 
2369.652078 0.100804 
2370.616527 0.100855 
2371.580976 0.101012 
2372.545426 0.100928 
2373.509875 0.100901 
2374.474324 0.100881 
2375.438774 0.100961 
2376.403223 0.100952 
2377.367672 0.100999 
2378.332122 0.100957 
2379.296571 0.101026 
2380.261020 0.101018 
2381.225470 0.101035 
2382.189919 0.101035 
2383.154369 0.101122 
2384.118818 0.101128 
2385.083267 0.101192 
2386.047717 0.101200 
2387.012166 0.101221 
2387.976615 0.101170 
2388.941065 0.101198 
2389.905514 0.101219 
2390.869963 0.101303 
2391.834413 0.101321 
2392.798862 0.101338 
2393.763312 0.101316 
2394.727761 0.101381 
2395.692210 0.101443 
2396.656660 0.101478 
2397.621109 0.101443 
2398.585558 0.101367 
2399.550008 0.101293 
2400.514457 0.101303 
2401.478906 0.101269 
2402.443356 0.101244 
2403.407805 0.101208 
2404.372254 0.101229 
2405.336704 0.101170 
2406.301153 0.101126 
2407.265603 0.101132 
2408.230052 0.101209 
2409.194501 0.101182 
2410.158951 0.101163 
2411.123400 0.101141 
2412.087849 0.101237 
2413.052299 0.101304 
2414.016748 0.101306 
2414.981197 0.101242 
2415.945647 0.101270 
2416.910096 0.101304 
2417.874546 0.101333 
2418.838995 0.101322 
2419.803444 0.101315 
2420.767894 0.101289 
2421.732343 0.101355 
2422.696792 0.101283 
2423.661242 0.101240 
2424.625691 0.101279 
2425.590140 0.101328 
2426.554590 0.101262 
2427.519039 0.101234 
2428.483488 0.101219 
2429.447938 0.101215 
2430.412387 0.101178 
2431.376837 0.101182 
2432.341286 0.101152 
2433.305735 0.101136 
2434.270185 0.101156 
2435.234634 0.101202 
2436.199083 0.101195 
2437.163533 0.101208 
2438.127982 0.101216 
2439.092431 0.101237 
2440.056881 0.101242 
2441.021330 0.101277 
2441.985780 0.101263 
2442.950229 0.101235 
2443.914678 0.101196 
2444.879128 0.101171 
2445.843577 0.101254 
2446.808026 0.101320 
2447.772476 0.101271 
2448.736925 0.101214 
2449.701374 0.101184 
2450.665824 0.101223 
2451.630273 0.101237 
2452.594722 0.101232 
2453.559172 0.101218 
2454.523621 0.101233 
2455.488071 0.101172 
2456.452520 0.101103 
2457.416969 0.101056 
2458.381419 0.101128 
2459.345868 0.101146 
2460.310317 0.101110 
2461.274767 0.101054 
2462.239216 0.101044 
2463.203665 0.101077 
2464.168115 0.101137 
2465.132564 0.101136 
2466.097014 0.101160 
2467.061463 0.101209 
2468.025912 0.101217 
2468.990362 0.101225 
2469.954811 0.101292 
2470.919260 0.101250 
2471.883710 0.101257 
2472.848159 0.101298 
2473.812608 0.101310 
2474.777058 0.101318 
2475.741507 0.101329 
2476.705956 0.101321 
2477.670406 0.101328 
2478.634855 0.101327 
2479.599305 0.101349 
2480.563754 0.101326 
2481.528203 0.101284 
2482.492653 0.101238 
2483.457102 0.101259 
2484.421551 0.101280 
2485.386001 0.101311 
2486.350450 0.101294 
2487.314899 0.101318 
2488.279349 0.101385 
2489.243798 0.101409 
2490.208248 0.101393 
2491.172697 0.101428 
2492.137146 0.101444 
2493.101596 0.101480 
2494.066045 0.101491 
2495.030494 0.101496 
2495.994944 0.101514 
2496.959393 0.101548 
2497.923842 0.101582 
2498.888292 0.101586 
2499.852741 0.101627 
2500.817190 0.101664 
2501.781640 0.101639 
2502.746089 0.101609 
2503.710539 0.101610 
2504.674988 0.101611 
2505.639437 0.101606 
2506.603887 0.101663 
2507.568336 0.101698 
2508.532785 0.101722 
2509.497235 0.101742 
2510.461684 0.101766 
2511.426133 0.101780 
2512.390583 0.101792 
2513.355032 0.101834 
2514.319482 0.101875 
2515.283931 0.101876 
2516.248380 0.101875 
2517.212830 0.101906 
2518.177279 0.101957 
2519.141728 0.102022 
2520.106178 0.102074 
2521.070627 0.102098 
2522.035076 0.102114 
2522.999526 0.102111 
2523.963975 0.102131 
2524.928424 0.102176 
2525.892874 0.102221 
2526.857323 0.102215 
2527.821773 0.102278 
2528.786222 0.102360 
2529.750671 0.102375 
2530.715121 0.102373 
2531.679570 0.102488 
2532.644019 0.102543 
2533.608469 0.102519 
2534.572918 0.102465 
2535.537367 0.102422 
2536.501817 0.102441 
2537.466266 0.102484 
2538.430716 0.102501 
2539.395165 0.102490 
2540.359614 0.102490 
2541.324064 0.102562 
2542.288513 0.102585 
2543.252962 0.102609 
2544.217412 0.102637 
2545.181861 0.102700 
2546.146310 0.102742 
2547.110760 0.102786 
2548.075209 0.102856 
2549.039658 0.102924 
2550.004108 0.102950 
2550.968557 0.103007 
2551.933007 0.103033 
2552.897456 0.103132 
2553.861905 0.103153 
2554.826355 0.103178 
2555.790804 0.103209 
2556.755253 0.103281 
2557.719703 0.103341 
2558.684152 0.103355 
2559.648601 0.103346 
2560.613051 0.103345 
2561.577500 0.103346 
2562.541950 0.103380 
2563.506399 0.103412 
2564.470848 0.103475 
2565.435298 0.103520 
2566.399747 0.103584 
2567.364196 0.103595 
2568.328646 0.103607 
2569.293095 0.103705 
2570.257544 0.103782 
2571.221994 0.103817 
2572.186443 0.103857 
2573.150892 0.103906 
2574.115342 0.104014 
2575.079791 0.104066 
2576.044241 0.104115 
2577.008690 0.104202 
2577.973139 0.104302 
2578.937589 0.104395 
2579.902038 0.104450 
2580.866487 0.104456 
2581.830937 0.104486 
2582.795386 0.104628 
2583.759835 0.104717 
2584.724285 0.104755 
2585.688734 0.104865 
2586.653184 0.104975 
2587.617633 0.105091 
2588.582082 0.105132 
2589.546532 0.105198 
2590.510981 0.105296 
2591.475430 0.105332 
2592.439880 0.105363 
2593.404329 0.105407 
2594.368778 0.105463 
2595.333228 0.105616 
2596.297677 0.105680 
2597.262126 0.105750 
2598.226576 0.105866 
2599.191025 0.105964 
2600.155475 0.106033 
2601.119924 0.106167 
2602.084373 0.106268 
2603.048823 0.106376 
2604.013272 0.106448 
2604.977721 0.106500 
2605.942171 0.106592 
2606.906620 0.106710 
2607.871069 0.106822 
2608.835519 0.106914 
2609.799968 0.106944 
2610.764418 0.107076 
2611.728867 0.107315 
2612.693316 0.107549 
2613.657766 0.107707 
2614.622215 0.107933 
2615.586664 0.108146 
2616.551114 0.108252 
2617.515563 0.108319 
2618.480012 0.108414 
2619.444462 0.108409 
2620.408911 0.108364 
2621.373360 0.108269 
2622.337810 0.108148 
2623.302259 0.108002 
2624.266709 0.107907 
2625.231158 0.107782 
2626.195607 0.107712 
2627.160057 0.107640 
2628.124506 0.107589 
2629.088955 0.107610 
2630.053405 0.107663 
2631.017854 0.107674 
2631.982303 0.107734 
2632.946753 0.107812 
2633.911202 0.107933 
2634.875652 0.108012 
2635.840101 0.108078 
2636.804550 0.108175 
2637.769000 0.108263 
2638.733449 0.108347 
2639.697898 0.108483 
2640.662348 0.108571 
2641.626797 0.108651 
2642.591246 0.108767 
2643.555696 0.108865 
2644.520145 0.108917 
2645.484594 0.108943 
2646.449044 0.108935 
2647.413493 0.108936 
2648.377943 0.108942 
2649.342392 0.108991 
2650.306841 0.109023 
2651.271291 0.109016 
2652.235740 0.109064 
2653.200189 0.109184 
2654.164639 0.109253 
2655.129088 0.109369 
2656.093537 0.109425 
2657.057987 0.109475 
2658.022436 0.109545 
2658.986886 0.109695 
2659.951335 0.109882 
2660.915784 0.110112 
2661.880234 0.110335 
2662.844683 0.110531 
2663.809132 0.110732 
2664.773582 0.110906 
2665.738031 0.111032 
2666.702480 0.111185 
2667.666930 0.111318 
2668.631379 0.111481 
2669.595828 0.111595 
2670.560278 0.111621 
2671.524727 0.111626 
2672.489177 0.111723 
2673.453626 0.111781 
2674.418075 0.111822 
2675.382525 0.111895 
2676.346974 0.112029 
2677.311423 0.112121 
2678.275873 0.112181 
2679.240322 0.112144 
2680.204771 0.112126 
2681.169221 0.112100 
2682.133670 0.112150 
2683.098120 0.112164 
2684.062569 0.112180 
2685.027018 0.112249 
2685.991468 0.112317 
2686.955917 0.112400 
2687.920366 0.112476 
2688.884816 0.112455 
2689.849265 0.112452 
2690.813714 0.112429 
2691.778164 0.112337 
2692.742613 0.112152 
2693.707062 0.112008 
2694.671512 0.111835 
2695.635961 0.111643 
2696.600411 0.111422 
2697.564860 0.111241 
2698.529309 0.111079 
2699.493759 0.110960 
2700.458208 0.110770 
2701.422657 0.110637 
2702.387107 0.110569 
2703.351556 0.110553 
2704.316005 0.110567 
2705.280455 0.110540 
2706.244904 0.110513 
2707.209354 0.110631 
2708.173803 0.110718 
2709.138252 0.110881 
2710.102702 0.111039 
2711.067151 0.111256 
2712.031600 0.111440 
2712.996050 0.111608 
2713.960499 0.111765 
2714.924948 0.111950 
2715.889398 0.112190 
2716.853847 0.112384 
2717.818296 0.112454 
2718.782746 0.112573 
2719.747195 0.112653 
2720.711645 0.112699 
2721.676094 0.112764 
2722.640543 0.112857 
2723.604993 0.113082 
2724.569442 0.113359 
2725.533891 0.113640 
2726.498341 0.113960 
2727.462790 0.114334 
2728.427239 0.114851 
2729.391689 0.115393 
2730.356138 0.115932 
2731.320588 0.116353 
2732.285037 0.116576 
2733.249486 0.116590 
2734.213936 0.116472 
2735.178385 0.116298 
2736.142834 0.116109 
2737.107284 0.115737 
2738.071733 0.115345 
2739.036182 0.115058 
2740.000632 0.114797 
2740.965081 0.114542 
2741.929530 0.114349 
2742.893980 0.114172 
2743.858429 0.114007 
2744.822879 0.113885 
2745.787328 0.113831 
2746.751777 0.113797 
2747.716227 0.113668 
2748.680676 0.113535 
2749.645125 0.113478 
2750.609575 0.113331 
2751.574024 0.113228 
2752.538473 0.113146 
2753.502923 0.113062 
2754.467372 0.112991 
2755.431822 0.112922 
2756.396271 0.112836 
2757.360720 0.112728 
2758.325170 0.112680 
2759.289619 0.112738 
2760.254068 0.112747 
2761.218518 0.112814 
2762.182967 0.112835 
2763.147416 0.112829 
2764.111866 0.112895 
2765.076315 0.113095 
2766.040764 0.113219 
2767.005214 0.113271 
2767.969663 0.113332 
2768.934113 0.113518 
2769.898562 0.113731 
2770.863011 0.113966 
2771.827461 0.114214 
2772.791910 0.114490 
2773.756359 0.114689 
2774.720809 0.114871 
2775.685258 0.115054 
2776.649707 0.115399 
2777.614157 0.115720 
2778.578606 0.116068 
2779.543056 0.116419 
2780.507505 0.116801 
2781.471954 0.117186 
2782.436404 0.117601 
2783.400853 0.117983 
2784.365302 0.118441 
2785.329752 0.118886 
2786.294201 0.119264 
2787.258650 0.119553 
2788.223100 0.119907 
2789.187549 0.120211 
2790.151998 0.120491 
2791.116448 0.120732 
2792.080897 0.120931 
2793.045347 0.121213 
2794.009796 0.121590 
2794.974245 0.121942 
2795.938695 0.122326 
2796.903144 0.122738 
2797.867593 0.123208 
2798.832043 0.123652 
2799.796492 0.124115 
2800.760941 0.124582 
2801.725391 0.125142 
2802.689840 0.125703 
2803.654290 0.126311 
2804.618739 0.126950 
2805.583188 0.127608 
2806.547638 0.128222 
2807.512087 0.128884 
2808.476536 0.129457 
2809.440986 0.130043 
2810.405435 0.130668 
2811.369884 0.131396 
2812.334334 0.132145 
2813.298783 0.133026 
2814.263232 0.133991 
2815.227682 0.135046 
2816.192131 0.136104 
2817.156581 0.137218 
2818.121030 0.138415 
2819.085479 0.139798 
2820.049929 0.141203 
2821.014378 0.142689 
2821.978827 0.144307 
2822.943277 0.146130 
2823.907726 0.148030 
2824.872175 0.150158 
2825.836625 0.152559 
2826.801074 0.155286 
2827.765524 0.158198 
2828.729973 0.161471 
2829.694422 0.165136 
2830.658872 0.169379 
2831.623321 0.174200 
2832.587770 0.179825 
2833.552220 0.186385 
2834.516669 0.193920 
2835.481118 0.202214 
2836.445568 0.210919 
2837.410017 0.218878 
2838.374466 0.225393 
2839.338916 0.230128 
2840.303365 0.233692 
2841.267815 0.236635 
2842.232264 0.240294 
2843.196713 0.245654 
2844.161163 0.253563 
2845.125612 0.264268 
2846.090061 0.278230 
2847.054511 0.295207 
2848.018960 0.315454 
2848.983409 0.338299 
2849.947859 0.363224 
2850.912308 0.388659 
2851.876758 0.414059 
2852.841207 0.438159 
2853.805656 0.460602 
2854.770106 0.480697 
2855.734555 0.498948 
2856.699004 0.514833 
2857.663454 0.529147 
2858.627903 0.540122 
2859.592352 0.546429 
2860.556802 0.545631 
2861.521251 0.537738 
2862.485700 0.522569 
2863.450150 0.503065 
2864.414599 0.481839 
2865.379049 0.462661 
2866.343498 0.447036 
2867.307947 0.436749 
2868.272397 0.431686 
2869.236846 0.432946 
2870.201295 0.440116 
2871.165745 0.452628 
2872.130194 0.466988 
2873.094643 0.477491 
2874.059093 0.476752 
2875.023542 0.462517 
2875.987992 0.437151 
2876.952441 0.407894 
2877.916890 0.379774 
2878.881340 0.355888 
2879.845789 0.336781 
2880.810238 0.322537 
2881.774688 0.312323 
2882.739137 0.305613 
2883.703586 0.301334 
2884.668036 0.299228 
2885.632485 0.298664 
2886.596934 0.299598 
2887.561384 0.301770 
2888.525833 0.305045 
2889.490283 0.309084 
2890.454732 0.314194 
2891.419181 0.319911 
2892.383631 0.326268 
2893.348080 0.332687 
2894.312529 0.339300 
2895.276979 0.345473 
2896.241428 0.351238 
2897.205877 0.356224 
2898.170327 0.360956 
2899.134776 0.365297 
2900.099226 0.369865 
2901.063675 0.374749 
2902.028124 0.380726 
2902.992574 0.387375 
2903.957023 0.394924 
2904.921472 0.403185 
2905.885922 0.412776 
2906.850371 0.422987 
2907.814820 0.434300 
2908.779270 0.446404 
2909.743719 0.459777 
2910.708168 0.474190 
2911.672618 0.490506 
2912.637067 0.507881 
2913.601517 0.527104 
2914.565966 0.547899 
2915.530415 0.570515 
2916.494865 0.593871 
2917.459314 0.619118 
2918.423763 0.645198 
2919.388213 0.672489 
2920.352662 0.699829 
2921.317111 0.728021 
2922.281561 0.755296 
2923.246010 0.783411 
2924.210460 0.811041 
2925.174909 0.839514 
2926.139358 0.866700 
2927.103808 0.893691 
2928.068257 0.916803 
2929.032706 0.936895 
2929.997156 0.952979 
2930.961605 0.967113 
2931.926054 0.973831 
2932.890504 0.973450 
2933.854953 0.963539 
2934.819402 0.946550 
2935.783852 0.920482 
2936.748301 0.889370 
2937.712751 0.853448 
2938.677200 0.817152 
2939.641649 0.780413 
2940.606099 0.745887 
2941.570548 0.712568 
2942.534997 0.682490 
2943.499447 0.655004 
2944.463896 0.632180 
2945.428345 0.613326 
2946.392795 0.599485 
2947.357244 0.590966 
2948.321694 0.589741 
2949.286143 0.595109 
2950.250592 0.608135 
2951.215042 0.627772 
2952.179491 0.654691 
2953.143940 0.687466 
2954.108390 0.725013 
2955.072839 0.762974 
2956.037288 0.800050 
2957.001738 0.832615 
2957.966187 0.861052 
2958.930636 0.881988 
2959.895086 0.896426 
2960.859535 0.900850 
2961.823985 0.895896 
2962.788434 0.879773 
2963.752883 0.854966 
2964.717333 0.820151 
2965.681782 0.778846 
2966.646231 0.731618 
2967.610681 0.682586 
2968.575130 0.632491 
2969.539579 0.583757 
2970.504029 0.536692 
2971.468478 0.492696 
2972.432928 0.452045 
2973.397377 0.415631 
2974.361826 0.382989 
2975.326276 0.354618 
2976.290725 0.329786 
2977.255174 0.308354 
2978.219624 0.289544 
2979.184073 0.273376 
2980.148522 0.259324 
2981.112972 0.247268 
2982.077421 0.236647 
2983.041870 0.227510 
2984.006320 0.219468 
2984.970769 0.212530 
2985.935219 0.206388 
2986.899668 0.201009 
2987.864117 0.196209 
2988.828567 0.192054 
2989.793016 0.188492 
2990.757465 0.185506 
2991.721915 0.182833 
2992.686364 0.180528 
2993.650813 0.178621 
2994.615263 0.177353 
2995.579712 0.176559 
2996.544162 0.176199 
2997.508611 0.175968 
2998.473060 0.176069 
2999.437510 0.176644 
3000.401959 0.177547 
3001.366408 0.178484 
3002.330858 0.179514 
3003.295307 0.180330 
3004.259756 0.180964 
3005.224206 0.181283 
3006.188655 0.181163 
3007.153104 0.180397 
3008.117554 0.179132 
3009.082003 0.177340 
3010.046453 0.175145 
3011.010902 0.172357 
3011.975351 0.169341 
3012.939801 0.166015 
3013.904250 0.162530 
3014.868699 0.159103 
3015.833149 0.155886 
3016.797598 0.152708 
3017.762047 0.149803 
3018.726497 0.147149 
3019.690946 0.144758 
3020.655396 0.142560 
3021.619845 0.140707 
3022.584294 0.139102 
3023.548744 0.137584 
3024.513193 0.136118 
3025.477642 0.134964 
3026.442092 0.133957 
3027.406541 0.133045 
3028.370990 0.132270 
3029.335440 0.131502 
3030.299889 0.130681 
3031.264338 0.130114 
3032.228788 0.129657 
3033.193237 0.129050 
3034.157687 0.128555 
3035.122136 0.128077 
3036.086585 0.127615 
3037.051035 0.127350 
3038.015484 0.127008 
3038.979933 0.126654 
3039.944383 0.126285 
3040.908832 0.125928 
3041.873281 0.125581 
3042.837731 0.125259 
3043.802180 0.125022 
3044.766630 0.124784 
3045.731079 0.124398 
3046.695528 0.124057 
3047.659978 0.123795 
3048.624427 0.123716 
3049.588876 0.123489 
3050.553326 0.123174 
3051.517775 0.122925 
3052.482224 0.122746 
3053.446674 0.122623 
3054.411123 0.122394 
3055.375572 0.122087 
3056.340022 0.121992 
3057.304471 0.121890 
3058.268921 0.121739 
3059.233370 0.121603 
3060.197819 0.121563 
3061.162269 0.121457 
3062.126718 0.121307 
3063.091167 0.121105 
3064.055617 0.121033 
3065.020066 0.121046 
3065.984515 0.120919 
3066.948965 0.120805 
3067.913414 0.120683 
3068.877864 0.120584 
3069.842313 0.120546 
3070.806762 0.120402 
3071.771212 0.120270 
3072.735661 0.120258 
3073.700110 0.120282 
3074.664560 0.120232 
3075.629009 0.120209 
3076.593458 0.120176 
3077.557908 0.120177 
3078.522357 0.120101 
3079.486806 0.120083 
3080.451256 0.119981 
3081.415705 0.119835 
3082.380155 0.119917 
3083.344604 0.120013 
3084.309053 0.119849 
3085.273503 0.119658 
3086.237952 0.119663 
3087.202401 0.119600 
3088.166851 0.119468 
3089.131300 0.119512 
3090.095749 0.119492 
3091.060199 0.119357 
3092.024648 0.119229 
3092.989098 0.119172 
3093.953547 0.119049 
3094.917996 0.118942 
3095.882446 0.119014 
3096.846895 0.119078 
3097.811344 0.119063 
3098.775794 0.119056 
3099.740243 0.118990 
3100.704692 0.118914 
3101.669142 0.118818 
3102.633591 0.118834 
3103.598040 0.118850 
3104.562490 0.118881 
3105.526939 0.118885 
3106.491389 0.118957 
3107.455838 0.119043 
3108.420287 0.118981 
3109.384737 0.118835 
3110.349186 0.118804 
3111.313635 0.118756 
3112.278085 0.118751 
3113.242534 0.118841 
3114.206983 0.118885 
3115.171433 0.118845 
3116.135882 0.118907 
3117.100332 0.118893 
3118.064781 0.118914 
3119.029230 0.118962 
3119.993680 0.118901 
3120.958129 0.118728 
3121.922578 0.118681 
3122.887028 0.118684 
3123.851477 0.118691 
3124.815926 0.118780 
3125.780376 0.118869 
3126.744825 0.118911 
3127.709274 0.118904 
3128.673724 0.118964 
3129.638173 0.118891 
3130.602623 0.118773 
3131.567072 0.118834 
3132.531521 0.118882 
3133.495971 0.118928 
3134.460420 0.119011 
3135.424869 0.119063 
3136.389319 0.119085 
3137.353768 0.119212 
3138.318217 0.119277 
3139.282667 0.119285 
3140.247116 0.119192 
3141.211566 0.119212 
3142.176015 0.119281 
3143.140464 0.119302 
3144.104914 0.119333 
3145.069363 0.119382 
3146.033812 0.119359 
3146.998262 0.119375 
3147.962711 0.119408 
3148.927160 0.119505 
3149.891610 0.119587 
3150.856059 0.119645 
3151.820508 0.119670 
3152.784958 0.119666 
3153.749407 0.119656 
3154.713857 0.119694 
3155.678306 0.119671 
3156.642755 0.119685 
3157.607205 0.119701 
3158.571654 0.119753 
3159.536103 0.119794 
3160.500553 0.119868 
3161.465002 0.119946 
3162.429451 0.120037 
3163.393901 0.120065 
3164.358350 0.120073 
3165.322800 0.120022 
3166.287249 0.120028 
3167.251698 0.120052 
3168.216148 0.120153 
3169.180597 0.120260 
3170.145046 0.120315 
3171.109496 0.120301 
3172.073945 0.120271 
3173.038394 0.120271 
3174.002844 0.120343 
3174.967293 0.120485 
3175.931742 0.120547 
3176.896192 0.120480 
3177.860641 0.120596 
3178.825091 0.120673 
3179.789540 0.120637 
3180.753989 0.120666 
3181.718439 0.120837 
3182.682888 0.120914 
3183.647337 0.120879 
3184.611787 0.120957 
3185.576236 0.121087 
3186.540685 0.121119 
3187.505135 0.121132 
3188.469584 0.121046 
3189.434034 0.121014 
3190.398483 0.121081 
3191.362932 0.121184 
3192.327382 0.121177 
3193.291831 0.121181 
3194.256280 0.121177 
3195.220730 0.121163 
3196.185179 0.121132 
3197.149628 0.121103 
3198.114078 0.121205 
3199.078527 0.121258 
3200.042976 0.121221 
3201.007426 0.121251 
3201.971875 0.121210 
3202.936325 0.121157 
3203.900774 0.121198 
3204.865223 0.121199 
3205.829673 0.121137 
3206.794122 0.121126 
3207.758571 0.121072 
3208.723021 0.120972 
3209.687470 0.120965 
3210.651919 0.121007 
3211.616369 0.121037 
3212.580818 0.120972 
3213.545268 0.120937 
3214.509717 0.120920 
3215.474166 0.120863 
3216.438616 0.120894 
3217.403065 0.120807 
3218.367514 0.120734 
3219.331964 0.120762 
3220.296413 0.120721 
3221.260862 0.120614 
3222.225312 0.120592 
3223.189761 0.120557 
3224.154210 0.120533 
3225.118660 0.120527 
3226.083109 0.120460 
3227.047559 0.120431 
3228.012008 0.120500 
3228.976457 0.120513 
3229.940907 0.120550 
3230.905356 0.120510 
3231.869805 0.120506 
3232.834255 0.120449 
3233.798704 0.120334 
3234.763153 0.120337 
3235.727603 0.120418 
3236.692052 0.120450 
3237.656502 0.120401 
3238.620951 0.120377 
3239.585400 0.120396 
3240.549850 0.120366 
3241.514299 0.120393 
3242.478748 0.120390 
3243.443198 0.120309 
3244.407647 0.120348 
3245.372096 0.120434 
3246.336546 0.120451 
3247.300995 0.120396 
3248.265444 0.120291 
3249.229894 0.120351 
3250.194343 0.120359 
3251.158793 0.120408 
3252.123242 0.120478 
3253.087691 0.120449 
3254.052141 0.120433 
3255.016590 0.120471 
3255.981039 0.120448 
3256.945489 0.120480 
3257.909938 0.120522 
3258.874387 0.120527 
3259.838837 0.120552 
3260.803286 0.120583 
3261.767736 0.120533 
3262.732185 0.120552 
3263.696634 0.120605 
3264.661084 0.120623 
3265.625533 0.120626 
3266.589982 0.120683 
3267.554432 0.120684 
3268.518881 0.120757 
3269.483330 0.120787 
3270.447780 0.120753 
3271.412229 0.120724 
3272.376678 0.120678 
3273.341128 0.120798 
3274.305577 0.120887 
3275.270027 0.120727 
3276.234476 0.120722 
3277.198925 0.120804 
3278.163375 0.120846 
3279.127824 0.120905 
3280.092273 0.121041 
3281.056723 0.121048 
3282.021172 0.120994 
3282.985621 0.121016 
3283.950071 0.121086 
3284.914520 0.121105 
3285.878970 0.121189 
3286.843419 0.121171 
3287.807868 0.121179 
3288.772318 0.121294 
3289.736767 0.121351 
3290.701216 0.121345 
3291.665666 0.121353 
3292.630115 0.121361 
3293.594564 0.121444 
3294.559014 0.121451 
3295.523463 0.121511 
3296.487912 0.121516 
3297.452362 0.121532 
3298.416811 0.121607 
3299.381261 0.121637 
3300.345710 0.121609 
3301.310159 0.121662 
3302.274609 0.121772 
3303.239058 0.121883 
3304.203507 0.121849 
3305.167957 0.121849 
3306.132406 0.121904 
3307.096855 0.121893 
3308.061305 0.121860 
3309.025754 0.121835 
3309.990204 0.121804 
3310.954653 0.121885 
3311.919102 0.121819 
3312.883552 0.121935 
3313.848001 0.122104 
3314.812450 0.122167 
3315.776900 0.122155 
3316.741349 0.122130 
3317.705798 0.122166 
3318.670248 0.122232 
3319.634697 0.122272 
3320.599146 0.122298 
3321.563596 0.122341 
3322.528045 0.122380 
3323.492495 0.122402 
3324.456944 0.122493 
3325.421393 0.122501 
3326.385843 0.122414 
3327.350292 0.122427 
3328.314741 0.122479 
3329.279191 0.122545 
3330.243640 0.122700 
3331.208089 0.122791 
3332.172539 0.122742 
3333.136988 0.122681 
3334.101438 0.122778 
3335.065887 0.122833 
3336.030336 0.122885 
3336.994786 0.122911 
3337.959235 0.122846 
3338.923684 0.122798 
3339.888134 0.122833 
3340.852583 0.123006 
3341.817032 0.123178 
3342.781482 0.123137 
3343.745931 0.123073 
3344.710380 0.123061 
3345.674830 0.123082 
3346.639279 0.123112 
3347.603729 0.123195 
3348.568178 0.123346 
3349.532627 0.123309 
3350.497077 0.123092 
3351.461526 0.123011 
3352.425975 0.123045 
3353.390425 0.123124 
3354.354874 0.123067 
3355.319323 0.123089 
3356.283773 0.123202 
3357.248222 0.123230 
3358.212672 0.123202 
3359.177121 0.123309 
3360.141570 0.123332 
3361.106020 0.123295 
3362.070469 0.123260 
3363.034918 0.123263 
3363.999368 0.123350 
3364.963817 0.123456 
3365.928266 0.123437 
3366.892716 0.123482 
3367.857165 0.123568 
3368.821614 0.123513 
3369.786064 0.123453 
3370.750513 0.123491 
3371.714963 0.123511 
3372.679412 0.123504 
3373.643861 0.123589 
3374.608311 0.123682 
3375.572760 0.123678 
3376.537209 0.123600 
3377.501659 0.123587 
3378.466108 0.123719 
3379.430557 0.123771 
3380.395007 0.123681 
3381.359456 0.123648 
3382.323906 0.123679 
3383.288355 0.123703 
3384.252804 0.123716 
3385.217254 0.123706 
3386.181703 0.123810 
3387.146152 0.123843 
3388.110602 0.123870 
3389.075051 0.123936 
3390.039500 0.124035 
3391.003950 0.123904 
3391.968399 0.123748 
3392.932848 0.123872 
3393.897298 0.123932 
3394.861747 0.123968 
3395.826197 0.123923 
3396.790646 0.124019 
3397.755095 0.124123 
3398.719545 0.124099 
3399.683994 0.124101 
3400.648443 0.124110 
3401.612893 0.124130 
3402.577342 0.124045 
3403.541791 0.124012 
3404.506241 0.124013 
3405.470690 0.124072 
3406.435140 0.124146 
3407.399589 0.124265 
3408.364038 0.124250 
3409.328488 0.124164 
3410.292937 0.124162 
3411.257386 0.124244 
3412.221836 0.124240 
3413.186285 0.124164 
3414.150734 0.124112 
3415.115184 0.124147 
3416.079633 0.124207 
3417.044082 0.124216 
3418.008532 0.124260 
3418.972981 0.124147 
3419.937431 0.124082 
3420.901880 0.123988 
3421.866329 0.124030 
3422.830779 0.124153 
3423.795228 0.124183 
3424.759677 0.124152 
3425.724127 0.124026 
3426.688576 0.124074 
3427.653025 0.124123 
3428.617475 0.124147 
3429.581924 0.124137 
3430.546374 0.124070 
3431.510823 0.123979 
3432.475272 0.124072 
3433.439722 0.124188 
3434.404171 0.124153 
3435.368620 0.124103 
3436.333070 0.124102 
3437.297519 0.123978 
3438.261968 0.123927 
3439.226418 0.123977 
3440.190867 0.123976 
3441.155316 0.123837 
3442.119766 0.123860 
3443.084215 0.123860 
3444.048665 0.123741 
3445.013114 0.123649 
3445.977563 0.123363 
3446.942013 0.123559 
3447.906462 0.123527 
3448.870911 0.123450 
3449.835361 0.123605 
3450.799810 0.123646 
3451.764259 0.123597 
3452.728709 0.123412 
3453.693158 0.123319 
3454.657608 0.123311 
3455.622057 0.123286 
3456.586506 0.123245 
3457.550956 0.123228 
3458.515405 0.123194 
3459.479854 0.123045 
3460.444304 0.122884 
3461.408753 0.122802 
3462.373202 0.122877 
3463.337652 0.122891 
3464.302101 0.122833 
3465.266550 0.122791 
3466.231000 0.122701 
3467.195449 0.122665 
3468.159899 0.122654 
3469.124348 0.122607 
3470.088797 0.122395 
3471.053247 0.122302 
3472.017696 0.122274 
3472.982145 0.122224 
3473.946595 0.122120 
3474.911044 0.122184 
3475.875493 0.122116 
3476.839943 0.122072 
3477.804392 0.122115 
3478.768842 0.122019 
3479.733291 0.121696 
3480.697740 0.121449 
3481.662190 0.121449 
3482.626639 0.121671 
3483.591088 0.121548 
3484.555538 0.121563 
3485.519987 0.121568 
3486.484436 0.121382 
3487.448886 0.121238 
3488.413335 0.121386 
3489.377784 0.121214 
3490.342234 0.121207 
3491.306683 0.121120 
3492.271133 0.121040 
3493.235582 0.120989 
3494.200031 0.120854 
3495.164481 0.120674 
3496.128930 0.120685 
3497.093379 0.120671 
3498.057829 0.120508 
3499.022278 0.120441 
3499.986727 0.120413 
3500.951177 0.120230 
3501.915626 0.119891 
3502.880076 0.119725 
3503.844525 0.119717 
3504.808974 0.119847 
3505.773424 0.119964 
3506.737873 0.119935 
3507.702322 0.119574 
3508.666772 0.119279 
3509.631221 0.119534 
3510.595670 0.119401 
3511.560120 0.119578 
3512.524569 0.119575 
3513.489018 0.119507 
3514.453468 0.119337 
3515.417917 0.119265 
3516.382367 0.119171 
3517.346816 0.119168 
3518.311265 0.119007 
3519.275715 0.118983 
3520.240164 0.118916 
3521.204613 0.118758 
3522.169063 0.118550 
3523.133512 0.118592 
3524.097961 0.118203 
3525.062411 0.118191 
3526.026860 0.118165 
3526.991310 0.118304 
3527.955759 0.118170 
3528.920208 0.118404 
3529.884658 0.118271 
3530.849107 0.118325 
3531.813556 0.118360 
3532.778006 0.118295 
3533.742455 0.118293 
3534.706904 0.118113 
3535.671354 0.117996 
3536.635803 0.118064 
3537.600252 0.117739 
3538.564702 0.117886 
3539.529151 0.117932 
3540.493601 0.117967 
3541.458050 0.117822 
3542.422499 0.117679 
3543.386949 0.117346 
3544.351398 0.117259 
3545.315847 0.117161 
3546.280297 0.116958 
3547.244746 0.117246 
3548.209195 0.117213 
3549.173645 0.117177 
3550.138094 0.117064 
3551.102544 0.116773 
3552.066993 0.116904 
3553.031442 0.116824 
3553.995892 0.116893 
3554.960341 0.116859 
3555.924790 0.116756 
3556.889240 0.116745 
3557.853689 0.116654 
3558.818138 0.116398 
3559.782588 0.116476 
3560.747037 0.116393 
3561.711486 0.116156 
3562.675936 0.116105 
3563.640385 0.116052 
3564.604835 0.115481 
3565.569284 0.115330 
3566.533733 0.115241 
3567.498183 0.115189 
3568.462632 0.116085 
3569.427081 0.115723 
3570.391531 0.115833 
3571.355980 0.115949 
3572.320429 0.115918 
3573.284879 0.115872 
3574.249328 0.115836 
3575.213778 0.115742 
3576.178227 0.115626 
3577.142676 0.115709 
3578.107126 0.115599 
3579.071575 0.115567 
3580.036024 0.115674 
3581.000474 0.115587 
3581.964923 0.115402 
3582.929372 0.115383 
3583.893822 0.115425 
3584.858271 0.114905 
3585.822720 0.114418 
3586.787170 0.114487 
3587.751619 0.114121 
3588.716069 0.115149 
3589.680518 0.115006 
3590.644967 0.114923 
3591.609417 0.114732 
3592.573866 0.114673 
3593.538315 0.114586 
3594.502765 0.114194 
3595.467214 0.114692 
3596.431663 0.114513 
3597.396113 0.114332 
3598.360562 0.114532 
3599.325012 0.114140 
3600.289461 0.114145 
3601.253910 0.114389 
3602.218360 0.114301 
3603.182809 0.114384 
3604.147258 0.114370 
3605.111708 0.114087 
3606.076157 0.113766 
3607.040606 0.114030 
3608.005056 0.113267 
3608.969505 0.113973 
3609.933954 0.114348 
3610.898404 0.113460 
3611.862853 0.113586 
3612.827303 0.113851 
3613.791752 0.113289 
3614.756201 0.113871 
3615.720651 0.113544 
3616.685100 0.113144 
3617.649549 0.113462 
3618.613999 0.112916 
3619.578448 0.113435 
3620.542897 0.113496 
3621.507347 0.113415 
3622.471796 0.113418 
3623.436246 0.113495 
3624.400695 0.113219 
3625.365144 0.113051 
3626.329594 0.112808 
3627.294043 0.111973 
3628.258492 0.111786 
3629.222942 0.112657 
3630.187391 0.112688 
3631.151840 0.112469 
3632.116290 0.112303 
3633.080739 0.112431 
3634.045188 0.112925 
3635.009638 0.112707 
3635.974087 0.112718 
3636.938537 0.112678 
3637.902986 0.112836 
3638.867435 0.112793 
3639.831885 0.112719 
3640.796334 0.112531 
3641.760783 0.112468 
3642.725233 0.112580 
3643.689682 0.112304 
3644.654131 0.111960 
3645.618581 0.110984 
3646.583030 0.111113 
3647.547480 0.110691 
3648.511929 0.109311 
3649.476378 0.110259 
3650.440828 0.110606 
3651.405277 0.112228 
3652.369726 0.111589 
3653.334176 0.112048 
3654.298625 0.111597 
3655.263074 0.111073 
3656.227524 0.112741 
3657.191973 0.112383 
3658.156422 0.111650 
3659.120872 0.112103 
3660.085321 0.112173 
3661.049771 0.112063 
3662.014220 0.112058 
3662.978669 0.112087 
3663.943119 0.112018 
3664.907568 0.112043 
3665.872017 0.111961 
3666.836467 0.111642 
3667.800916 0.111300 
3668.765365 0.111316 
3669.729815 0.110441 
3670.694264 0.111891 
3671.658714 0.111873 
3672.623163 0.111316 
3673.587612 0.110842 
3674.552062 0.110584 
3675.516511 0.111435 
3676.480960 0.111862 
3677.445410 0.111338 
3678.409859 0.111233 
3679.374308 0.111779 
3680.338758 0.111904 
3681.303207 0.111836 
3682.267656 0.111950 
3683.232106 0.111829 
3684.196555 0.111934 
3685.161005 0.111888 
3686.125454 0.111637 
3687.089903 0.111106 
3688.054353 0.111767 
3689.018802 0.111539 
3689.983251 0.110444 
3690.947701 0.111755 
3691.912150 0.112008 
3692.876599 0.111627 
3693.841049 0.111947 
3694.805498 0.111989 
3695.769948 0.111980 
3696.734397 0.112075 
3697.698846 0.112049 
3698.663296 0.112039 
3699.627745 0.111804 
3700.592194 0.111352 
3701.556644 0.111982 
3702.521093 0.112069 
3703.485542 0.111742 
3704.449992 0.111859 
3705.414441 0.111851 
3706.378890 0.111887 
3707.343340 0.111567 
3708.307789 0.111226 
3709.272239 0.111753 
3710.236688 0.111047 
3711.201137 0.110585 
3712.165587 0.112310 
3713.130036 0.111830 
3714.094485 0.111560 
3715.058935 0.111952 
3716.023384 0.111882 
3716.987833 0.111761 
3717.952283 0.111610 
3718.916732 0.112066 
3719.881182 0.111746 
3720.845631 0.111146 
3721.810080 0.111519 
3722.774530 0.111790 
3723.738979 0.111154 
3724.703428 0.111311 
3725.667878 0.111176 
3726.632327 0.111654 
3727.596776 0.111667 
3728.561226 0.111613 
3729.525675 0.111603 
3730.490124 0.111177 
3731.454574 0.111304 
3732.419023 0.112078 
3733.383473 0.110334 
3734.347922 0.110679 
3735.312371 0.110937 
3736.276821 0.110800 
3737.241270 0.111243 
3738.205719 0.111532 
3739.170169 0.111364 
3740.134618 0.111193 
3741.099067 0.111815 
3742.063517 0.111273 
3743.027966 0.110433 
3743.992416 0.111136 
3744.956865 0.113080 
3745.921314 0.111219 
3746.885764 0.111202 
3747.850213 0.110769 
3748.814662 0.111124 
3749.779112 0.112028 
3750.743561 0.110102 
3751.708010 0.111183 
3752.672460 0.112331 
3753.636909 0.111654 
3754.601358 0.111529 
3755.565808 0.111517 
3756.530257 0.112053 
3757.494707 0.111565 
3758.459156 0.111012 
3759.423605 0.111888 
3760.388055 0.112173 
3761.352504 0.111889 
3762.316953 0.112013 
3763.281403 0.111936 
3764.245852 0.111363 
3765.210301 0.111908 
3766.174751 0.112484 
3767.139200 0.111666 
3768.103650 0.111315 
3769.068099 0.111496 
3770.032548 0.112923 
3770.996998 0.111978 
3771.961447 0.111930 
3772.925896 0.112120 
3773.890346 0.112292 
3774.854795 0.112287 
3775.819244 0.112360 
3776.783694 0.112265 
3777.748143 0.111753 
3778.712592 0.111554 
3779.677042 0.112530 
3780.641491 0.111819 
3781.605941 0.111989 
3782.570390 0.112014 
3783.534839 0.111636 
3784.499289 0.111954 
3785.463738 0.112125 
3786.428187 0.112043 
3787.392637 0.112223 
3788.357086 0.112283 
3789.321535 0.112411 
3790.285985 0.112258 
3791.250434 0.112166 
3792.214884 0.112164 
3793.179333 0.112215 
3794.143782 0.111995 
3795.108232 0.111636 
3796.072681 0.111987 
3797.037130 0.112249 
3798.001580 0.111810 
3798.966029 0.111654 
3799.930478 0.110960 
3800.894928 0.111637 
3801.859377 0.112297 
3802.823826 0.111959 
3803.788276 0.111991 
3804.752725 0.111813 
3805.717175 0.111371 
3806.681624 0.112416 
3807.646073 0.112820 
3808.610523 0.112029 
3809.574972 0.112233 
3810.539421 0.112238 
3811.503871 0.112283 
3812.468320 0.112365 
3813.432769 0.112257 
3814.397219 0.111576 
3815.361668 0.111816 
3816.326118 0.113277 
3817.290567 0.112116 
3818.255016 0.111916 
3819.219466 0.111557 
3820.183915 0.111276 
3821.148364 0.112245 
3822.112814 0.112538 
3823.077263 0.112227 
3824.041712 0.112459 
3825.006162 0.112221 
3825.970611 0.112252 
3826.935060 0.112704 
3827.899510 0.112556 
3828.863959 0.112515 
3829.828409 0.112147 
3830.792858 0.112021 
3831.757307 0.113060 
3832.721757 0.112356 
3833.686206 0.111885 
3834.650655 0.112833 
3835.615105 0.112520 
3836.579554 0.111071 
3837.544003 0.112472 
3838.508453 0.112367 
3839.472902 0.111472 
3840.437352 0.112529 
3841.401801 0.112795 
3842.366250 0.112030 
3843.330700 0.112935 
3844.295149 0.113391 
3845.259598 0.112879 
3846.224048 0.112973 
3847.188497 0.112895 
3848.152946 0.112741 
3849.117396 0.112819 
3850.081845 0.112516 
3851.046294 0.112077 
3852.010744 0.112509 
3852.975193 0.111059 
3853.939643 0.113213 
3854.904092 0.113335 
3855.868541 0.112005 
3856.832991 0.112819 
3857.797440 0.113166 
3858.761889 0.112997 
3859.726339 0.112938 
3860.690788 0.112719 
3861.655237 0.113230 
3862.619687 0.112900 
3863.584136 0.112281 
3864.548586 0.113051 
3865.513035 0.113534 
3866.477484 0.112865 
3867.441934 0.112704 
3868.406383 0.112347 
3869.370832 0.112927 
3870.335282 0.113541 
3871.299731 0.113115 
3872.264180 0.112735 
3873.228630 0.112670 
3874.193079 0.113727 
3875.157528 0.113343 
3876.121978 0.113202 
3877.086427 0.113463 
3878.050877 0.113297 
3879.015326 0.112784 
3879.979775 0.113421 
3880.944225 0.113714 
3881.908674 0.112893 
3882.873123 0.113329 
3883.837573 0.113153 
3884.802022 0.112669 
3885.766471 0.113860 
3886.730921 0.113495 
3887.695370 0.113295 
3888.659820 0.113474 
3889.624269 0.113110 
3890.588718 0.113178 
3891.553168 0.114006 
3892.517617 0.113278 
3893.482066 0.113358 
3894.446516 0.113596 
3895.410965 0.113598 
3896.375414 0.113528 
3897.339864 0.113263 
3898.304313 0.113040 
3899.268762 0.113832 
3900.233212 0.112895 
3901.197661 0.113001 
3902.162111 0.113710 
3903.126560 0.112540 
3904.091009 0.113366 
3905.055459 0.113292 
3906.019908 0.113565 
3906.984357 0.113669 
3907.948807 0.113734 
3908.913256 0.113854 
3909.877705 0.113899 
3910.842155 0.113854 
3911.806604 0.113823 
3912.771054 0.113784 
3913.735503 0.113782 
3914.699952 0.113664 
3915.664402 0.113375 
3916.628851 0.113734 
3917.593300 0.113905 
3918.557750 0.113222 
3919.522199 0.113630 
3920.486648 0.114103 
3921.451098 0.113777 
3922.415547 0.113752 
3923.379996 0.113624 
3924.344446 0.113751 
3925.308895 0.114034 
3926.273345 0.113887 
3927.237794 0.113899 
3928.202243 0.113958 
3929.166693 0.113970 
3930.131142 0.113908 
3931.095591 0.113641 
3932.060041 0.114120 
3933.024490 0.114129 
3933.988939 0.114040 
3934.953389 0.114172 
3935.917838 0.114170 
3936.882288 0.114139 
3937.846737 0.114337 
3938.811186 0.114479 
3939.775636 0.114400 
3940.740085 0.114147 
3941.704534 0.114026 
3942.668984 0.114693 
3943.633433 0.114468 
3944.597882 0.114559 
3945.562332 0.114548 
3946.526781 0.114334 
3947.491230 0.114596 
3948.455680 0.114313 
3949.420129 0.114333 
3950.384579 0.114667 
3951.349028 0.114487 
3952.313477 0.114733 
3953.277927 0.114912 
3954.242376 0.114885 
3955.206825 0.114818 
3956.171275 0.114844 
3957.135724 0.114834 
3958.100173 0.114814 
3959.064623 0.114904 
3960.029072 0.114967 
3960.993522 0.114892 
3961.957971 0.115145 
3962.922420 0.115053 
3963.886870 0.115219 
3964.851319 0.115259 
3965.815768 0.115215 
3966.780218 0.115209 
3967.744667 0.115201 
3968.709116 0.115389 
3969.673566 0.115397 
3970.638015 0.115113 
3971.602464 0.115294 
3972.566914 0.115394 
3973.531363 0.115369 
3974.495813 0.115344 
3975.460262 0.115502 
3976.424711 0.115575 
3977.389161 0.115345 
3978.353610 0.115342 
3979.318059 0.115446 
3980.282509 0.115519 
3981.246958 0.115561 
3982.211407 0.115627 
3983.175857 0.115659 
3984.140306 0.115646 
3985.104756 0.115649 
3986.069205 0.115637 
3987.033654 0.115682 
3987.998104 0.115670 
3988.962553 0.115646 
3989.927002 0.115728 
3990.891452 0.115726 
3991.855901 0.115645 
3992.820350 0.115754 
3993.784800 0.115696 
3994.749249 0.115797 
3995.713698 0.115846 
3996.678148 0.115791 
3997.642597 0.115866 
3998.607047 0.115890 
3999.571496 0.115787 
4000.535945 0.115781 