##YUNITS=Abs
399.282035 0.199659 
400.246484 0.193043 
401.210934 0.169295 
402.175383 0.153504 
403.139832 0.150116 
404.104282 0.143589 
405.068731 0.141199 
406.033181 0.139827 
406.997630 0.139087 
407.962079 0.134036 
408.926529 0.132135 
409.890978 0.128200 
410.855427 0.124571 
411.819877 0.121118 
412.784326 0.120036 
413.748775 0.120823 
414.713225 0.118029 
415.677674 0.117226 
416.642124 0.125913 
417.606573 0.156220 
418.571022 0.192195 
419.535472 0.159746 
420.499921 0.121878 
421.464370 0.113014 
422.428820 0.125193 
423.393269 0.124649 
424.357718 0.113890 
425.322168 0.117316 
426.286617 0.105709 
427.251066 0.098432 
428.215516 0.099578 
429.179965 0.098656 
430.144415 0.098587 
431.108864 0.100672 
432.073313 0.099014 
433.037763 0.095158 
434.002212 0.097376 
434.966661 0.102536 
435.931111 0.106934 
436.895560 0.106129 
437.860009 0.097400 
438.824459 0.094167 
439.788908 0.087949 
440.753358 0.086005 
441.717807 0.089813 
442.682256 0.094834 
443.646706 0.101480 
444.611155 0.098944 
445.575604 0.097617 
446.540054 0.101989 
447.504503 0.097134 
448.468952 0.089932 
449.433402 0.087178 
450.397851 0.087371 
451.362300 0.090144 
452.326750 0.097818 
453.291199 0.097183 
454.255649 0.086218 
455.220098 0.082392 
456.184547 0.083884 
457.148997 0.093666 
458.113446 0.095370 
459.077895 0.082520 
460.042345 0.079966 
461.006794 0.088144 
461.971243 0.087594 
462.935693 0.079081 
463.900142 0.076934 
464.864592 0.075248 
465.829041 0.074932 
466.793490 0.079342 
467.757940 0.091268 
468.722389 0.089790 
469.686838 0.079751 
470.651288 0.077465 
471.615737 0.082661 
472.580186 0.091854 
473.544636 0.082098 
474.509085 0.075749 
475.473534 0.076667 
476.437984 0.078809 
477.402433 0.075154 
478.366883 0.072258 
479.331332 0.070864 
480.295781 0.072526 
481.260231 0.074120 
482.224680 0.071768 
483.189129 0.072246 
484.153579 0.073014 
485.118028 0.071094 
486.082477 0.071674 
487.046927 0.066379 
488.011376 0.061643 
488.975826 0.060425 
489.940275 0.060729 
490.904724 0.065231 
491.869174 0.069866 
492.833623 0.061511 
493.798072 0.055614 
494.762522 0.054060 
495.726971 0.053561 
496.691420 0.053616 
497.655870 0.052333 
498.620319 0.050710 
499.584768 0.049695 
500.549218 0.051197 
501.513667 0.058868 
502.478117 0.061323 
503.442566 0.053687 
504.407015 0.052387 
505.371465 0.050089 
506.335914 0.051039 
507.300363 0.051235 
508.264813 0.047275 
509.229262 0.047782 
510.193711 0.051676 
511.158161 0.050027 
512.122610 0.046244 
513.087060 0.046127 
514.051509 0.047496 
515.015958 0.047827 
515.980408 0.049848 
516.944857 0.056979 
517.909306 0.055729 
518.873756 0.054615 
519.838205 0.055163 
520.802654 0.048129 
521.767104 0.044685 
522.731553 0.043956 
523.696002 0.044318 
524.660452 0.046303 
525.624901 0.051641 
526.589351 0.051512 
527.553800 0.047391 
528.518249 0.047341 
529.482699 0.048270 
530.447148 0.048436 
531.411597 0.048280 
532.376047 0.046289 
533.340496 0.046081 
534.304945 0.048874 
535.269395 0.048624 
536.233844 0.047428 
537.198294 0.046292 
538.162743 0.044817 
539.127192 0.044042 
540.091642 0.044183 
541.056091 0.043308 
542.020540 0.042963 
542.984990 0.042698 
543.949439 0.043185 
544.913888 0.044131 
545.878338 0.044989 
546.842787 0.044819 
547.807236 0.045238 
548.771686 0.044406 
549.736135 0.047607 
550.700585 0.047091 
551.665034 0.043210 
552.629483 0.042058 
553.593933 0.041417 
554.558382 0.041598 
555.522831 0.041567 
556.487281 0.041814 
557.451730 0.041933 
558.416179 0.042261 
559.380629 0.042402 
560.345078 0.042296 
561.309528 0.041943 
562.273977 0.041879 
563.238426 0.042614 
564.202876 0.043570 
565.167325 0.044149 
566.131774 0.044969 
567.096224 0.046028 
568.060673 0.045359 
569.025122 0.045952 
569.989572 0.045321 
570.954021 0.045359 
571.918470 0.045252 
572.882920 0.043723 
573.847369 0.043459 
574.811819 0.044545 
575.776268 0.049703 
576.740717 0.048172 
577.705167 0.042715 
578.669616 0.041754 
579.634065 0.044462 
580.598515 0.049005 
581.562964 0.045624 
582.527413 0.041857 
583.491863 0.042104 
584.456312 0.044381 
585.420762 0.043224 
586.385211 0.041195 
587.349660 0.042113 
588.314110 0.042727 
589.278559 0.042130 
590.243008 0.042140 
591.207458 0.046408 
592.171907 0.047888 
593.136356 0.042793 
594.100806 0.042293 
595.065255 0.043001 
596.029704 0.042161 
596.994154 0.041722 
597.958603 0.041946 
598.923053 0.043532 
599.887502 0.047672 
600.851951 0.046034 
601.816401 0.042818 
602.780850 0.042629 
603.745299 0.043250 
604.709749 0.043809 
605.674198 0.043292 
606.638647 0.042996 
607.603097 0.042985 
608.567546 0.043218 
609.531996 0.043591 
610.496445 0.043786 
611.460894 0.044025 
612.425344 0.044300 
613.389793 0.044644 
614.354242 0.045097 
615.318692 0.046368 
616.283141 0.047987 
617.247590 0.048460 
618.212040 0.048135 
619.176489 0.048098 
620.140938 0.050195 
621.105388 0.051089 
622.069837 0.050476 
623.034287 0.050951 
623.998736 0.052411 
624.963185 0.055507 
625.927635 0.056394 
626.892084 0.055239 
627.856533 0.055421 
628.820983 0.056019 
629.785432 0.056397 
630.749881 0.056341 
631.714331 0.055629 
632.678780 0.054201 
633.643230 0.051459 
634.607679 0.050648 
635.572128 0.051357 
636.536578 0.047676 
637.501027 0.045407 
638.465476 0.044612 
639.429926 0.045843 
640.394375 0.045787 
641.358824 0.044172 
642.323274 0.044522 
643.287723 0.044477 
644.252172 0.043635 
645.216622 0.043803 
646.181071 0.043715 
647.145521 0.043072 
648.109970 0.043510 
649.074419 0.043901 
650.038869 0.042830 
651.003318 0.043313 
651.967767 0.043959 
652.932217 0.042955 
653.896666 0.042523 
654.861115 0.041946 
655.825565 0.042306 
656.790014 0.043054 
657.754464 0.042328 
658.718913 0.043766 
659.683362 0.044965 
660.647812 0.043752 
661.612261 0.043489 
662.576710 0.043460 
663.541160 0.044021 
664.505609 0.044687 
665.470058 0.044705 
666.434508 0.042658 
667.398957 0.039074 
668.363406 0.055862 
669.327856 0.056417 
670.292305 0.050352 
671.256755 0.046922 
672.221204 0.045366 
673.185653 0.044637 
674.150103 0.045373 
675.114552 0.045635 
676.079001 0.045971 
677.043451 0.045503 
678.007900 0.045741 
678.972349 0.046382 
679.936799 0.047115 
680.901248 0.048188 
681.865698 0.049021 
682.830147 0.049509 
683.794596 0.049777 
684.759046 0.050494 
685.723495 0.050984 
686.687944 0.052512 
687.652394 0.055486 
688.616843 0.059157 
689.581292 0.060269 
690.545742 0.060063 
691.510191 0.060608 
692.474640 0.061842 
693.439090 0.063142 
694.403539 0.063855 
695.367989 0.064096 
696.332438 0.065243 
697.296887 0.067128 
698.261337 0.068274 
699.225786 0.068308 
700.190235 0.068997 
701.154685 0.070207 
702.119134 0.071612 
703.083583 0.073520 
704.048033 0.075610 
705.012482 0.077677 
705.976932 0.079040 
706.941381 0.079887 
707.905830 0.081499 
708.870280 0.083280 
709.834729 0.085723 
710.799178 0.088327 
711.763628 0.091417 
712.728077 0.094907 
713.692526 0.098978 
714.656976 0.102619 
715.621425 0.106600 
716.585874 0.111469 
717.550324 0.117468 
718.514773 0.124632 
719.479223 0.133177 
720.443672 0.142378 
721.408121 0.150747 
722.372571 0.160106 
723.337020 0.171695 
724.301469 0.184904 
725.265919 0.200090 
726.230368 0.216999 
727.194817 0.235893 
728.159267 0.257150 
729.123716 0.281509 
730.088166 0.308799 
731.052615 0.339566 
732.017064 0.375393 
732.981514 0.417872 
733.945963 0.468515 
734.910412 0.528860 
735.874862 0.600419 
736.839311 0.685648 
737.803760 0.786506 
738.768210 0.905239 
739.732659 1.043136 
740.697108 1.204685 
741.661558 1.395078 
742.626007 1.624660 
743.590457 1.899964 
744.554906 2.252887 
745.519355 2.472171 
746.483805 2.419942 
747.448254 2.335140 
748.412703 2.306913 
749.377153 2.277967 
750.341602 2.265283 
751.306051 2.252812 
752.270501 2.280710 
753.234950 2.273407 
754.199400 2.264750 
755.163849 2.254216 
756.128298 2.263115 
757.092748 2.248071 
758.057197 2.256006 
759.021646 2.260688 
759.986096 2.284009 
760.950545 2.293483 
761.914994 2.281987 
762.879444 2.259632 
763.843893 2.269130 
764.808342 2.255549 
765.772792 2.250484 
766.737241 2.248562 
767.701691 2.272110 
768.666140 2.276256 
769.630589 2.272951 
770.595039 2.259149 
771.559488 2.269240 
772.523937 2.264705 
773.488387 2.291034 
774.452836 2.286832 
775.417285 2.282961 
776.381735 2.274870 
777.346184 2.276860 
778.310634 2.262478 
779.275083 2.269678 
780.239532 2.261805 
781.203982 2.263991 
782.168431 2.260298 
783.132880 2.259978 
784.097330 2.259051 
785.061779 2.277153 
786.026228 2.268318 
786.990678 2.276995 
787.955127 2.269712 
788.919576 2.272964 
789.884026 2.277176 
790.848475 2.296872 
791.812925 2.289381 
792.777374 2.275498 
793.741823 2.251824 
794.706273 2.256830 
795.670722 2.240312 
796.635171 2.244155 
797.599621 2.248631 
798.564070 2.280013 
799.528519 2.286505 
800.492969 2.275618 
801.457418 2.270125 
802.421868 2.305473 
803.386317 2.406938 
804.350766 2.268407 
805.315216 1.801657 
806.279665 1.468679 
807.244114 1.217081 
808.208564 1.031613 
809.173013 0.890729 
810.137462 0.776579 
811.101912 0.677516 
812.066361 0.590286 
813.030810 0.515329 
813.995260 0.454348 
814.959709 0.406989 
815.924159 0.371355 
816.888608 0.343910 
817.853057 0.321182 
818.817507 0.300478 
819.781956 0.280694 
820.746405 0.261372 
821.710855 0.242358 
822.675304 0.223269 
823.639753 0.204774 
824.604203 0.187693 
825.568652 0.172429 
826.533102 0.159067 
827.497551 0.147456 
828.462000 0.137893 
829.426450 0.130554 
830.390899 0.124885 
831.355348 0.120579 
832.319798 0.117263 
833.284247 0.114794 
834.248696 0.112827 
835.213146 0.111184 
836.177595 0.109656 
837.142044 0.108059 
838.106494 0.106479 
839.070943 0.104841 
840.035393 0.102942 
840.999842 0.100909 
841.964291 0.098791 
842.928741 0.096630 
843.893190 0.094298 
844.857639 0.091231 
845.822089 0.087885 
846.786538 0.084929 
847.750987 0.082148 
848.715437 0.079425 
849.679886 0.076714 
850.644336 0.074236 
851.608785 0.072085 
852.573234 0.070142 
853.537684 0.068094 
854.502133 0.066091 
855.466582 0.064182 
856.431032 0.062487 
857.395481 0.061002 
858.359930 0.059807 
859.324380 0.058808 
860.288829 0.057890 
861.253278 0.057171 
862.217728 0.056675 
863.182177 0.056307 
864.146627 0.056124 
865.111076 0.056012 
866.075525 0.055958 
867.039975 0.056042 
868.004424 0.056229 
868.968873 0.056463 
869.933323 0.056525 
870.897772 0.056405 
871.862221 0.056375 
872.826671 0.056533 
873.791120 0.056770 
874.755570 0.056879 
875.720019 0.056966 
876.684468 0.057083 
877.648918 0.057019 
878.613367 0.056845 
879.577816 0.056757 
880.542266 0.056636 
881.506715 0.056465 
882.471164 0.056486 
883.435614 0.056446 
884.400063 0.056202 
885.364512 0.055992 
886.328962 0.055880 
887.293411 0.055749 
888.257861 0.055483 
889.222310 0.055173 
890.186759 0.054834 
891.151209 0.054630 
892.115658 0.054386 
893.080107 0.054010 
894.044557 0.053603 
895.009006 0.053179 
895.973455 0.052912 
896.937905 0.052779 
897.902354 0.052678 
898.866804 0.052487 
899.831253 0.052312 
900.795702 0.052262 
901.760152 0.052216 
902.724601 0.052325 
903.689050 0.052399 
904.653500 0.052129 
905.617949 0.051815 
906.582398 0.051586 
907.546848 0.051301 
908.511297 0.050892 
909.475746 0.050409 
910.440196 0.049970 
911.404645 0.049690 
912.369095 0.049648 
913.333544 0.049804 
914.297993 0.049997 
915.262443 0.050259 
916.226892 0.050756 
917.191341 0.051365 
918.155791 0.051755 
919.120240 0.051907 
920.084689 0.051724 
921.049139 0.051295 
922.013588 0.050660 
922.978038 0.049780 
923.942487 0.048876 
924.906936 0.048085 
925.871386 0.047573 
926.835835 0.047369 
927.800284 0.047638 
928.764734 0.048120 
929.729183 0.048772 
930.693632 0.049553 
931.658082 0.050283 
932.622531 0.051074 
933.586980 0.051774 
934.551430 0.051230 
935.515879 0.049816 
936.480329 0.049001 
937.444778 0.048776 
938.409227 0.048668 
939.373677 0.048551 
940.338126 0.048506 
941.302575 0.048632 
942.267025 0.048938 
943.231474 0.049210 
944.195923 0.049448 
945.160373 0.049620 
946.124822 0.049902 
947.089272 0.050268 
948.053721 0.050687 
949.018170 0.051073 
949.982620 0.051464 
950.947069 0.051945 
951.911518 0.052531 
952.875968 0.053211 
953.840417 0.053875 
954.804866 0.054655 
955.769316 0.055497 
956.733765 0.056312 
957.698214 0.057153 
958.662664 0.058232 
959.627113 0.059372 
960.591563 0.060421 
961.556012 0.061570 
962.520461 0.062818 
963.484911 0.064111 
964.449360 0.065577 
965.413809 0.067051 
966.378259 0.068565 
967.342708 0.070178 
968.307157 0.071911 
969.271607 0.073722 
970.236056 0.075438 
971.200506 0.077141 
972.164955 0.078800 
973.129404 0.080376 
974.093854 0.081886 
975.058303 0.083163 
976.022752 0.084153 
976.987202 0.084960 
977.951651 0.085438 
978.916100 0.085558 
979.880550 0.085370 
980.844999 0.084930 
981.809448 0.084333 
982.773898 0.083489 
983.738347 0.082342 
984.702797 0.081156 
985.667246 0.080090 
986.631695 0.079058 
987.596145 0.077977 
988.560594 0.076948 
989.525043 0.076228 
990.489493 0.075945 
991.453942 0.075752 
992.418391 0.075595 
993.382841 0.075774 
994.347290 0.076340 
995.311740 0.077195 
996.276189 0.078096 
997.240638 0.079150 
998.205088 0.080453 
999.169537 0.081866 
1000.133986 0.083136 
1001.098436 0.084238 
1002.062885 0.085381 
1003.027334 0.086441 
1003.991784 0.087117 
1004.956233 0.087379 
1005.920682 0.087292 
1006.885132 0.087050 
1007.849581 0.086613 
1008.814031 0.085671 
1009.778480 0.084366 
1010.742929 0.083015 
1011.707379 0.081526 
1012.671828 0.079860 
1013.636277 0.078006 
1014.600727 0.076100 
1015.565176 0.074046 
1016.529625 0.071829 
1017.494075 0.069551 
1018.458524 0.067257 
1019.422974 0.064959 
1020.387423 0.062747 
1021.351872 0.060679 
1022.316322 0.058800 
1023.280771 0.057192 
1024.245220 0.055971 
1025.209670 0.054862 
1026.174119 0.053749 
1027.138568 0.052921 
1028.103018 0.052333 
1029.067467 0.051815 
1030.031916 0.051325 
1030.996366 0.050849 
1031.960815 0.050554 
1032.925265 0.050434 
1033.889714 0.050306 
1034.854163 0.050133 
1035.818613 0.050029 
1036.783062 0.050024 
1037.747511 0.050025 
1038.711961 0.050114 
1039.676410 0.050202 
1040.640859 0.050327 
1041.605309 0.050505 
1042.569758 0.050615 
1043.534208 0.050680 
1044.498657 0.050817 
1045.463106 0.051004 
1046.427556 0.051213 
1047.392005 0.051412 
1048.356454 0.051686 
1049.320904 0.052012 
1050.285353 0.052288 
1051.249802 0.052508 
1052.214252 0.052818 
1053.178701 0.053238 
1054.143150 0.053716 
1055.107600 0.054220 
1056.072049 0.054715 
1057.036499 0.055193 
1058.000948 0.055666 
1058.965397 0.056161 
1059.929847 0.056726 
1060.894296 0.057217 
1061.858745 0.057618 
1062.823195 0.058057 
1063.787644 0.058462 
1064.752093 0.058802 
1065.716543 0.059210 
1066.680992 0.059339 
1067.645442 0.059209 
1068.609891 0.059178 
1069.574340 0.059181 
1070.538790 0.059034 
1071.503239 0.058804 
1072.467688 0.058564 
1073.432138 0.058278 
1074.396587 0.057911 
1075.361036 0.057469 
1076.325486 0.057159 
1077.289935 0.056963 
1078.254384 0.056821 
1079.218834 0.056653 
1080.183283 0.056453 
1081.147733 0.056196 
1082.112182 0.055695 
1083.076631 0.055041 
1084.041081 0.054416 
1085.005530 0.053964 
1085.969979 0.053554 
1086.934429 0.053179 
1087.898878 0.052834 
1088.863327 0.052579 
1089.827777 0.052468 
1090.792226 0.052397 
1091.756676 0.052132 
1092.721125 0.051876 
1093.685574 0.051882 
1094.650024 0.051937 
1095.614473 0.051870 
1096.578922 0.051831 
1097.543372 0.051862 
1098.507821 0.051993 
1099.472270 0.052124 
1100.436720 0.052201 
1101.401169 0.052292 
1102.365618 0.052472 
1103.330068 0.052648 
1104.294517 0.052802 
1105.258967 0.052952 
1106.223416 0.053121 
1107.187865 0.053253 
1108.152315 0.053212 
1109.116764 0.053160 
1110.081213 0.053168 
1111.045663 0.053282 
1112.010112 0.053215 
1112.974561 0.052878 
1113.939011 0.052544 
1114.903460 0.052229 
1115.867910 0.051772 
1116.832359 0.051221 
1117.796808 0.050659 
1118.761258 0.050107 
1119.725707 0.049623 
1120.690156 0.049220 
1121.654606 0.048766 
1122.619055 0.048338 
1123.583504 0.048115 
1124.547954 0.047909 
1125.512403 0.047659 
1126.476852 0.047549 
1127.441302 0.047644 
1128.405751 0.047763 
1129.370201 0.047783 
1130.334650 0.047630 
1131.299099 0.047446 
1132.263549 0.047390 
1133.227998 0.047434 
1134.192447 0.047493 
1135.156897 0.047730 
1136.121346 0.047882 
1137.085795 0.047805 
1138.050245 0.047840 
1139.014694 0.047882 
1139.979144 0.047987 
1140.943593 0.048039 
1141.908042 0.047949 
1142.872492 0.047916 
1143.836941 0.047975 
1144.801390 0.048138 
1145.765840 0.048354 
1146.730289 0.048467 
1147.694738 0.048519 
1148.659188 0.048730 
1149.623637 0.048916 
1150.588086 0.048959 
1151.552536 0.048984 
1152.516985 0.048904 
1153.481435 0.048678 
1154.445884 0.048559 
1155.410333 0.048582 
1156.374783 0.048621 
1157.339232 0.048663 
1158.303681 0.048784 
1159.268131 0.049015 
1160.232580 0.049288 
1161.197029 0.049621 
1162.161479 0.050022 
1163.125928 0.050378 
1164.090378 0.050326 
1165.054827 0.049901 
1166.019276 0.049654 
1166.983726 0.049711 
1167.948175 0.049868 
1168.912624 0.050030 
1169.877074 0.050177 
1170.841523 0.050313 
1171.805972 0.050458 
1172.770422 0.050620 
1173.734871 0.051134 
1174.699320 0.051419 
1175.663770 0.051026 
1176.628219 0.051004 
1177.592669 0.051377 
1178.557118 0.051826 
1179.521567 0.052312 
1180.486017 0.052658 
1181.450466 0.052709 
1182.414915 0.052693 
1183.379365 0.052721 
1184.343814 0.052917 
1185.308263 0.053298 
1186.272713 0.054054 
1187.237162 0.054725 
1188.201612 0.054772 
1189.166061 0.055159 
1190.130510 0.055775 
1191.094960 0.056365 
1192.059409 0.056927 
1193.023858 0.057586 
1193.988308 0.058394 
1194.952757 0.059177 
1195.917206 0.059910 
1196.881656 0.060789 
1197.846105 0.061856 
1198.810554 0.062697 
1199.775004 0.063318 
1200.739453 0.064152 
1201.703903 0.065123 
1202.668352 0.066112 
1203.632801 0.067061 
1204.597251 0.067956 
1205.561700 0.068918 
1206.526149 0.069876 
1207.490599 0.070831 
1208.455048 0.071756 
1209.419497 0.072697 
1210.383947 0.073674 
1211.348396 0.074932 
1212.312846 0.076076 
1213.277295 0.076156 
1214.241744 0.076330 
1215.206194 0.076874 
1216.170643 0.077325 
1217.135092 0.077553 
1218.099542 0.077744 
1219.063991 0.077622 
1220.028440 0.077090 
1220.992890 0.076580 
1221.957339 0.076135 
1222.921788 0.075720 
1223.886238 0.075334 
1224.850687 0.075196 
1225.815137 0.074342 
1226.779586 0.073044 
1227.744035 0.072229 
1228.708485 0.071636 
1229.672934 0.071289 
1230.637383 0.071176 
1231.601833 0.071315 
1232.566282 0.071575 
1233.530731 0.071947 
1234.495181 0.072416 
1235.459630 0.073073 
1236.424080 0.073910 
1237.388529 0.074823 
1238.352978 0.075936 
1239.317428 0.077205 
1240.281877 0.078285 
1241.246326 0.079336 
1242.210776 0.080521 
1243.175225 0.081957 
1244.139674 0.083371 
1245.104124 0.084147 
1246.068573 0.084802 
1247.033022 0.085656 
1247.997472 0.086370 
1248.961921 0.086885 
1249.926371 0.087160 
1250.890820 0.087456 
1251.855269 0.087726 
1252.819719 0.087843 
1253.784168 0.087725 
1254.748617 0.087465 
1255.713067 0.087048 
1256.677516 0.086334 
1257.641965 0.085459 
1258.606415 0.084335 
1259.570864 0.083494 
1260.535314 0.082337 
1261.499763 0.078999 
1262.464212 0.075878 
1263.428662 0.073447 
1264.393111 0.071091 
1265.357560 0.069151 
1266.322010 0.067723 
1267.286459 0.065745 
1268.250908 0.064430 
1269.215358 0.063878 
1270.179807 0.063140 
1271.144256 0.061804 
1272.108706 0.061100 
1273.073155 0.059168 
1274.037605 0.057626 
1275.002054 0.056740 
1275.966503 0.056154 
1276.930953 0.055549 
1277.895402 0.054931 
1278.859851 0.054584 
1279.824301 0.054801 
1280.788750 0.054255 
1281.753199 0.053232 
1282.717649 0.052592 
1283.682098 0.052265 
1284.646548 0.052140 
1285.610997 0.051989 
1286.575446 0.053025 
1287.539896 0.055295 
1288.504345 0.054873 
1289.468794 0.052833 
1290.433244 0.052552 
1291.397693 0.051638 
1292.362142 0.050603 
1293.326592 0.050429 
1294.291041 0.050222 
1295.255490 0.050323 
1296.219940 0.051417 
1297.184389 0.051421 
1298.148839 0.050027 
1299.113288 0.049603 
1300.077737 0.049384 
1301.042187 0.049430 
1302.006636 0.049345 
1302.971085 0.049242 
1303.935535 0.048980 
1304.899984 0.049212 
1305.864433 0.049195 
1306.828883 0.049377 
1307.793332 0.050503 
1308.757782 0.050543 
1309.722231 0.049082 
1310.686680 0.049020 
1311.651130 0.051331 
1312.615579 0.055590 
1313.580028 0.054844 
1314.544478 0.053756 
1315.508927 0.052095 
1316.473376 0.053658 
1317.437826 0.054910 
1318.402275 0.054707 
1319.366724 0.055621 
1320.331174 0.053331 
1321.295623 0.051342 
1322.260073 0.049709 
1323.224522 0.050266 
1324.188971 0.049865 
1325.153421 0.049311 
1326.117870 0.049254 
1327.082319 0.049420 
1328.046769 0.049468 
1329.011218 0.049783 
1329.975667 0.050156 
1330.940117 0.049645 
1331.904566 0.049119 
1332.869016 0.049142 
1333.833465 0.049165 
1334.797914 0.049348 
1335.762364 0.052204 
1336.726813 0.057214 
1337.691262 0.058810 
1338.655712 0.066031 
1339.620161 0.072524 
1340.584610 0.066853 
1341.549060 0.054082 
1342.513509 0.049371 
1343.477958 0.049455 
1344.442408 0.049559 
1345.406857 0.049427 
1346.371307 0.049298 
1347.335756 0.049175 
1348.300205 0.049676 
1349.264655 0.050475 
1350.229104 0.049939 
1351.193553 0.049475 
1352.158003 0.049664 
1353.122452 0.049680 
1354.086901 0.051621 
1355.051351 0.053775 
1356.015800 0.051030 
1356.980250 0.050273 
1357.944699 0.051827 
1358.909148 0.051088 
1359.873598 0.051241 
1360.838047 0.056871 
1361.802496 0.060364 
1362.766946 0.066202 
1363.731395 0.062519 
1364.695844 0.051964 
1365.660294 0.049687 
1366.624743 0.049524 
1367.589192 0.051484 
1368.553642 0.055411 
1369.518091 0.054412 
1370.482541 0.051316 
1371.446990 0.051758 
1372.411439 0.053633 
1373.375889 0.058655 
1374.340338 0.061680 
1375.304787 0.057365 
1376.269237 0.052566 
1377.233686 0.053371 
1378.198135 0.056708 
1379.162585 0.055741 
1380.127034 0.053766 
1381.091484 0.051761 
1382.055933 0.051891 
1383.020382 0.051656 
1383.984832 0.051381 
1384.949281 0.051778 
1385.913730 0.056304 
1386.878180 0.063684 
1387.842629 0.062719 
1388.807078 0.054444 
1389.771528 0.051537 
1390.735977 0.052652 
1391.700426 0.051940 
1392.664876 0.050925 
1393.629325 0.054108 
1394.593775 0.062286 
1395.558224 0.062908 
1396.522673 0.058361 
1397.487123 0.060131 
1398.451572 0.061876 
1399.416021 0.059007 
1400.380471 0.054003 
1401.344920 0.050990 
1402.309369 0.050969 
1403.273819 0.051656 
1404.238268 0.055535 
1405.202718 0.059566 
1406.167167 0.054692 
1407.131616 0.051442 
1408.096066 0.051765 
1409.060515 0.053035 
1410.024964 0.055163 
1410.989414 0.056451 
1411.953863 0.057110 
1412.918312 0.053355 
1413.882762 0.051775 
1414.847211 0.052897 
1415.811660 0.057777 
1416.776110 0.063494 
1417.740559 0.065844 
1418.705009 0.064572 
1419.669458 0.065475 
1420.633907 0.056614 
1421.598357 0.052698 
1422.562806 0.052588 
1423.527255 0.059747 
1424.491705 0.061714 
1425.456154 0.054064 
1426.420603 0.051918 
1427.385053 0.053050 
1428.349502 0.054710 
1429.313952 0.055117 
1430.278401 0.055943 
1431.242850 0.054390 
1432.207300 0.055632 
1433.171749 0.057957 
1434.136198 0.055378 
1435.100648 0.055940 
1436.065097 0.063175 
1437.029546 0.065653 
1437.993996 0.056629 
1438.958445 0.052299 
1439.922894 0.051762 
1440.887344 0.051990 
1441.851793 0.052027 
1442.816243 0.051391 
1443.780692 0.051665 
1444.745141 0.052783 
1445.709591 0.053282 
1446.674040 0.053507 
1447.638489 0.058369 
1448.602939 0.058849 
1449.567388 0.054019 
1450.531837 0.053264 
1451.496287 0.057321 
1452.460736 0.059790 
1453.425186 0.056399 
1454.389635 0.059408 
1455.354084 0.065162 
1456.318534 0.066529 
1457.282983 0.068543 
1458.247432 0.066656 
1459.211882 0.064259 
1460.176331 0.058512 
1461.140780 0.055151 
1462.105230 0.054551 
1463.069679 0.054151 
1464.034128 0.053672 
1464.998578 0.056675 
1465.963027 0.057202 
1466.927477 0.055640 
1467.891926 0.055727 
1468.856375 0.054917 
1469.820825 0.055251 
1470.785274 0.057269 
1471.749723 0.063947 
1472.714173 0.068561 
1473.678622 0.069066 
1474.643071 0.063529 
1475.607521 0.062279 
1476.571970 0.066997 
1477.536420 0.060400 
1478.500869 0.056312 
1479.465318 0.056255 
1480.429768 0.058788 
1481.394217 0.062671 
1482.358666 0.059884 
1483.323116 0.057248 
1484.287565 0.057374 
1485.252014 0.060340 
1486.216464 0.064673 
1487.180913 0.064477 
1488.145362 0.067247 
1489.109812 0.078093 
1490.074261 0.083772 
1491.038711 0.073258 
1492.003160 0.065596 
1492.967609 0.061933 
1493.932059 0.062134 
1494.896508 0.062926 
1495.860957 0.066527 
1496.825407 0.070491 
1497.789856 0.067214 
1498.754305 0.068296 
1499.718755 0.071345 
1500.683204 0.072398 
1501.647654 0.076600 
1502.612103 0.074412 
1503.576552 0.070759 
1504.541002 0.069059 
1505.505451 0.069545 
1506.469900 0.088732 
1507.434350 0.121086 
1508.398799 0.112048 
1509.363248 0.105665 
1510.327698 0.101363 
1511.292147 0.092379 
1512.256596 0.093484 
1513.221046 0.089608 
1514.185495 0.088297 
1515.149945 0.096993 
1516.114394 0.103001 
1517.078843 0.105210 
1518.043293 0.096453 
1519.007742 0.092279 
1519.972191 0.096854 
1520.936641 0.106432 
1521.901090 0.101017 
1522.865539 0.097475 
1523.829989 0.098741 
1524.794438 0.103326 
1525.758888 0.107130 
1526.723337 0.107185 
1527.687786 0.110257 
1528.652236 0.106421 
1529.616685 0.102806 
1530.581134 0.104638 
1531.545584 0.113034 
1532.510033 0.112745 
1533.474482 0.113014 
1534.438932 0.120813 
1535.403381 0.122559 
1536.367830 0.119986 
1537.332280 0.117558 
1538.296729 0.117691 
1539.261179 0.120685 
1540.225628 0.127979 
1541.190077 0.129220 
1542.154527 0.135861 
1543.118976 0.148431 
1544.083425 0.155067 
1545.047875 0.161737 
1546.012324 0.153827 
1546.976773 0.144541 
1547.941223 0.143396 
1548.905672 0.148707 
1549.870122 0.162689 
1550.834571 0.156661 
1551.799020 0.145581 
1552.763470 0.143404 
1553.727919 0.145384 
1554.692368 0.149630 
1555.656818 0.142965 
1556.621267 0.136075 
1557.585716 0.129929 
1558.550166 0.134796 
1559.514615 0.137631 
1560.479064 0.132869 
1561.443514 0.126296 
1562.407963 0.122223 
1563.372413 0.118889 
1564.336862 0.116041 
1565.301311 0.115418 
1566.265761 0.113563 
1567.230210 0.110583 
1568.194659 0.108079 
1569.159109 0.106348 
1570.123558 0.106700 
1571.088007 0.105040 
1572.052457 0.103752 
1573.016906 0.102995 
1573.981356 0.101278 
1574.945805 0.097316 
1575.910254 0.093473 
1576.874704 0.101742 
1577.839153 0.102712 
1578.803602 0.100803 
1579.768052 0.099819 
1580.732501 0.099470 
1581.696950 0.099287 
1582.661400 0.099425 
1583.625849 0.098908 
1584.590298 0.097665 
1585.554748 0.096543 
1586.519197 0.095492 
1587.483647 0.094392 
1588.448096 0.093233 
1589.412545 0.092705 
1590.376995 0.091574 
1591.341444 0.089506 
1592.305893 0.087554 
1593.270343 0.085371 
1594.234792 0.084341 
1595.199241 0.083082 
1596.163691 0.081252 
1597.128140 0.078866 
1598.092590 0.076231 
1599.057039 0.074544 
1600.021488 0.072927 
1600.985938 0.072128 
1601.950387 0.071411 
1602.914836 0.070793 
1603.879286 0.068528 
1604.843735 0.066014 
1605.808184 0.065034 
1606.772634 0.065618 
1607.737083 0.064688 
1608.701532 0.062786 
1609.665982 0.062822 
1610.630431 0.061012 
1611.594881 0.059656 
1612.559330 0.059108 
1613.523779 0.057916 
1614.488229 0.056372 
1615.452678 0.052646 
1616.417127 0.048139 
1617.381577 0.053438 
1618.346026 0.055068 
1619.310475 0.055750 
1620.274925 0.056447 
1621.239374 0.056240 
1622.203824 0.054859 
1623.168273 0.053152 
1624.132722 0.053839 
1625.097172 0.053902 
1626.061621 0.053085 
1627.026070 0.050893 
1627.990520 0.051033 
1628.954969 0.052427 
1629.919418 0.052075 
1630.883868 0.051961 
1631.848317 0.051704 
1632.812766 0.051259 
1633.777216 0.048949 
1634.741665 0.044339 
1635.706115 0.048529 
1636.670564 0.051797 
1637.635013 0.053277 
1638.599463 0.053690 
1639.563912 0.052530 
1640.528361 0.052924 
1641.492811 0.052362 
1642.457260 0.052806 
1643.421709 0.051746 
1644.386159 0.050152 
1645.350608 0.048355 
1646.315058 0.051637 
1647.279507 0.054251 
1648.243956 0.054409 
1649.208406 0.053039 
1650.172855 0.051392 
1651.137304 0.047702 
1652.101754 0.041055 
1653.066203 0.040719 
1654.030652 0.058693 
1654.995102 0.057992 
1655.959551 0.054617 
1656.924000 0.054152 
1657.888450 0.053199 
1658.852899 0.051736 
1659.817349 0.051898 
1660.781798 0.053220 
1661.746247 0.052701 
1662.710697 0.050687 
1663.675146 0.052468 
1664.639595 0.052112 
1665.604045 0.052266 
1666.568494 0.052109 
1667.532943 0.054073 
1668.497393 0.056704 
1669.461842 0.055461 
1670.426292 0.052707 
1671.390741 0.054384 
1672.355190 0.055680 
1673.319640 0.053077 
1674.284089 0.050482 
1675.248538 0.053898 
1676.212988 0.057517 
1677.177437 0.054376 
1678.141886 0.054005 
1679.106336 0.057878 
1680.070785 0.068544 
1681.035234 0.066083 
1681.999684 0.057293 
1682.964133 0.056104 
1683.928583 0.063100 
1684.893032 0.060925 
1685.857481 0.056396 
1686.821931 0.056079 
1687.786380 0.062153 
1688.750829 0.064577 
1689.715279 0.059600 
1690.679728 0.057525 
1691.644177 0.055002 
1692.608627 0.054327 
1693.573076 0.054091 
1694.537526 0.052867 
1695.501975 0.053198 
1696.466424 0.061914 
1697.430874 0.060130 
1698.395323 0.057301 
1699.359772 0.053091 
1700.324222 0.059407 
1701.288671 0.062800 
1702.253120 0.060499 
1703.217570 0.059241 
1704.182019 0.059475 
1705.146468 0.059102 
1706.110918 0.057470 
1707.075367 0.060371 
1708.039817 0.058924 
1709.004266 0.058356 
1709.968715 0.061704 
1710.933165 0.062144 
1711.897614 0.061345 
1712.862063 0.063900 
1713.826513 0.067355 
1714.790962 0.072347 
1715.755411 0.073023 
1716.719861 0.068111 
1717.684310 0.068701 
1718.648760 0.070020 
1719.613209 0.064082 
1720.577658 0.060557 
1721.542108 0.060241 
1722.506557 0.060415 
1723.471006 0.062195 
1724.435456 0.059496 
1725.399905 0.055946 
1726.364354 0.055198 
1727.328804 0.054995 
1728.293253 0.055150 
1729.257702 0.060022 
1730.222152 0.067236 
1731.186601 0.061192 
1732.151051 0.058461 
1733.115500 0.061740 
1734.079949 0.067534 
1735.044399 0.060778 
1736.008848 0.055699 
1736.973297 0.055406 
1737.937747 0.056076 
1738.902196 0.053727 
1739.866645 0.053672 
1740.831095 0.053957 
1741.795544 0.053974 
1742.759994 0.060522 
1743.724443 0.068422 
1744.688892 0.063328 
1745.653342 0.059252 
1746.617791 0.060417 
1747.582240 0.062505 
1748.546690 0.064196 
1749.511139 0.065629 
1750.475588 0.064916 
1751.440038 0.069999 
1752.404487 0.063780 
1753.368936 0.057546 
1754.333386 0.055027 
1755.297835 0.054880 
1756.262285 0.058696 
1757.226734 0.063292 
1758.191183 0.061220 
1759.155633 0.058427 
1760.120082 0.056127 
1761.084531 0.057905 
1762.048981 0.061835 
1763.013430 0.058171 
1763.977879 0.055176 
1764.942329 0.055096 
1765.906778 0.055322 
1766.871228 0.057329 
1767.835677 0.064202 
1768.800126 0.064343 
1769.764576 0.056729 
1770.729025 0.054282 
1771.693474 0.053250 
1772.657924 0.054376 
1773.622373 0.056258 
1774.586822 0.056889 
1775.551272 0.060560 
1776.515721 0.059348 
1777.480170 0.056743 
1778.444620 0.059292 
1779.409069 0.060700 
1780.373519 0.061618 
1781.337968 0.062804 
1782.302417 0.059965 
1783.266867 0.058632 
1784.231316 0.062286 
1785.195765 0.066873 
1786.160215 0.062544 
1787.124664 0.060301 
1788.089113 0.061470 
1789.053563 0.062945 
1790.018012 0.066164 
1790.982462 0.070998 
1791.946911 0.068647 
1792.911360 0.067483 
1793.875810 0.065855 
1794.840259 0.066074 
1795.804708 0.072111 
1796.769158 0.070569 
1797.733607 0.063934 
1798.698056 0.061141 
1799.662506 0.062409 
1800.626955 0.065371 
1801.591404 0.069690 
1802.555854 0.069438 
1803.520303 0.062353 
1804.484753 0.058712 
1805.449202 0.058470 
1806.413651 0.058708 
1807.378101 0.061748 
1808.342550 0.061980 
1809.306999 0.058791 
1810.271449 0.059814 
1811.235898 0.062846 
1812.200347 0.063562 
1813.164797 0.060792 
1814.129246 0.057724 
1815.093696 0.057561 
1816.058145 0.058001 
1817.022594 0.061099 
1817.987044 0.061450 
1818.951493 0.058173 
1819.915942 0.057154 
1820.880392 0.057481 
1821.844841 0.058716 
1822.809290 0.060311 
1823.773740 0.059006 
1824.738189 0.061456 
1825.702638 0.064892 
1826.667088 0.059199 
1827.631537 0.056514 
1828.595987 0.057065 
1829.560436 0.060405 
1830.524885 0.061257 
1831.489335 0.057751 
1832.453784 0.057507 
1833.418233 0.059052 
1834.382683 0.057364 
1835.347132 0.056091 
1836.311581 0.057535 
1837.276031 0.060068 
1838.240480 0.058208 
1839.204930 0.056311 
1840.169379 0.056095 
1841.133828 0.057528 
1842.098278 0.060949 
1843.062727 0.060396 
1844.027176 0.061321 
1844.991626 0.064923 
1845.956075 0.061358 
1846.920524 0.059935 
1847.884974 0.063133 
1848.849423 0.060385 
1849.813872 0.055918 
1850.778322 0.054709 
1851.742771 0.054610 
1852.707221 0.054669 
1853.671670 0.054486 
1854.636119 0.054372 
1855.600569 0.054303 
1856.565018 0.054376 
1857.529467 0.055148 
1858.493917 0.056786 
1859.458366 0.056351 
1860.422815 0.056119 
1861.387265 0.057245 
1862.351714 0.055905 
1863.316164 0.054688 
1864.280613 0.054927 
1865.245062 0.054915 
1866.209512 0.056729 
1867.173961 0.058464 
1868.138410 0.060897 
1869.102860 0.062722 
1870.067309 0.061847 
1871.031758 0.059092 
1871.996208 0.055602 
1872.960657 0.054042 
1873.925106 0.053983 
1874.889556 0.054003 
1875.854005 0.054031 
1876.818455 0.054066 
1877.782904 0.054212 
1878.747353 0.055230 
1879.711803 0.055686 
1880.676252 0.054537 
1881.640701 0.054114 
1882.605151 0.054146 
1883.569600 0.054521 
1884.534049 0.055566 
1885.498499 0.055812 
1886.462948 0.054855 
1887.427398 0.054663 
1888.391847 0.055451 
1889.356296 0.059626 
1890.320746 0.059588 
1891.285195 0.055956 
1892.249644 0.055348 
1893.214094 0.055594 
1894.178543 0.056816 
1895.142992 0.059356 
1896.107442 0.058077 
1897.071891 0.055949 
1898.036340 0.055794 
1899.000790 0.055365 
1899.965239 0.055363 
1900.929689 0.055658 
1901.894138 0.056261 
1902.858587 0.055772 
1903.823037 0.055690 
1904.787486 0.055647 
1905.751935 0.055494 
1906.716385 0.055949 
1907.680834 0.058296 
1908.645283 0.058709 
1909.609733 0.059362 
1910.574182 0.059238 
1911.538632 0.056385 
1912.503081 0.055635 
1913.467530 0.055655 
1914.431980 0.056084 
1915.396429 0.056133 
1916.360878 0.055984 
1917.325328 0.057572 
1918.289777 0.061029 
1919.254226 0.058517 
1920.218676 0.056353 
1921.183125 0.057242 
1922.147574 0.062329 
1923.112024 0.065631 
1924.076473 0.060078 
1925.040923 0.056314 
1926.005372 0.055810 
1926.969821 0.055820 
1927.934271 0.055843 
1928.898720 0.055729 
1929.863169 0.055630 
1930.827619 0.055641 
1931.792068 0.055832 
1932.756517 0.056680 
1933.720967 0.056656 
1934.685416 0.055832 
1935.649866 0.055558 
1936.614315 0.055573 
1937.578764 0.055631 
1938.543214 0.055654 
1939.507663 0.055580 
1940.472112 0.056096 
1941.436562 0.058593 
1942.401011 0.063983 
1943.365460 0.061869 
1944.329910 0.056764 
1945.294359 0.056765 
1946.258808 0.056916 
1947.223258 0.056081 
1948.187707 0.055643 
1949.152157 0.056252 
1950.116606 0.056154 
1951.081055 0.055594 
1952.045505 0.055251 
1953.009954 0.055280 
1953.974403 0.055741 
1954.938853 0.056874 
1955.903302 0.056584 
1956.867751 0.056723 
1957.832201 0.059507 
1958.796650 0.061244 
1959.761100 0.058459 
1960.725549 0.056509 
1961.689998 0.055990 
1962.654448 0.055286 
1963.618897 0.055029 
1964.583346 0.055165 
1965.547796 0.056458 
1966.512245 0.059388 
1967.476694 0.061114 
1968.441144 0.057999 
1969.405593 0.055325 
1970.370042 0.055095 
1971.334492 0.054961 
1972.298941 0.055005 
1973.263391 0.055036 
1974.227840 0.055110 
1975.192289 0.055066 
1976.156739 0.055154 
1977.121188 0.055156 
1978.085637 0.055234 
1979.050087 0.055195 
1980.014536 0.055247 
1980.978985 0.055253 
1981.943435 0.055310 
1982.907884 0.055225 
1983.872334 0.055298 
1984.836783 0.055256 
1985.801232 0.055366 
1986.765682 0.055554 
1987.730131 0.057545 
1988.694580 0.059002 
1989.659030 0.056833 
1990.623479 0.056335 
1991.587928 0.060756 
1992.552378 0.063230 
1993.516827 0.058574 
1994.481276 0.056089 
1995.445726 0.055881 
1996.410175 0.055925 
1997.374625 0.055928 
1998.339074 0.056214 
1999.303523 0.056411 
2000.267973 0.056241 
2001.232422 0.056187 
2002.196871 0.056273 
2003.161321 0.056315 
2004.125770 0.056334 
2005.090219 0.056366 
2006.054669 0.056428 
2007.019118 0.056813 
2007.983568 0.057060 
2008.948017 0.056778 
2009.912466 0.056515 
2010.876916 0.056437 
2011.841365 0.056413 
2012.805814 0.056453 
2013.770264 0.056392 
2014.734713 0.056492 
2015.699162 0.057584 
2016.663612 0.060773 
2017.628061 0.061051 
2018.592510 0.059676 
2019.556960 0.058236 
2020.521409 0.056873 
2021.485859 0.056723 
2022.450308 0.057191 
2023.414757 0.057497 
2024.379207 0.056890 
2025.343656 0.056727 
2026.308105 0.056928 
2027.272555 0.057374 
2028.237004 0.058087 
2029.201453 0.058167 
2030.165903 0.057235 
2031.130352 0.056827 
2032.094802 0.056702 
2033.059251 0.056735 
2034.023700 0.056718 
2034.988150 0.056702 
2035.952599 0.056648 
2036.917048 0.056822 
2037.881498 0.056816 
2038.845947 0.056697 
2039.810396 0.056870 
2040.774846 0.058796 
2041.739295 0.059633 
2042.703744 0.057553 
2043.668194 0.056911 
2044.632643 0.056932 
2045.597093 0.056828 
2046.561542 0.056937 
2047.525991 0.056817 
2048.490441 0.056705 
2049.454890 0.056695 
2050.419339 0.056658 
2051.383789 0.056630 
2052.348238 0.056596 
2053.312687 0.056587 
2054.277137 0.056612 
2055.241586 0.056661 
2056.206036 0.056606 
2057.170485 0.056549 
2058.134934 0.056519 
2059.099384 0.056556 
2060.063833 0.056813 
2061.028282 0.056867 
2061.992732 0.056572 
2062.957181 0.056436 
2063.921630 0.057534 
2064.886080 0.059874 
2065.850529 0.059289 
2066.814978 0.057130 
2067.779428 0.056418 
2068.743877 0.056461 
2069.708327 0.056456 
2070.672776 0.056349 
2071.637225 0.056368 
2072.601675 0.056491 
2073.566124 0.056670 
2074.530573 0.056609 
2075.495023 0.056408 
2076.459472 0.056381 
2077.423921 0.056627 
2078.388371 0.056734 
2079.352820 0.056497 
2080.317270 0.056376 
2081.281719 0.056593 
2082.246168 0.056702 
2083.210618 0.056449 
2084.175067 0.056323 
2085.139516 0.056416 
2086.103966 0.056712 
2087.068415 0.056987 
2088.032864 0.056793 
2088.997314 0.057038 
2089.961763 0.058358 
2090.926212 0.057931 
2091.890662 0.056534 
2092.855111 0.056365 
2093.819561 0.056572 
2094.784010 0.056913 
2095.748459 0.056686 
2096.712909 0.056507 
2097.677358 0.056572 
2098.641807 0.056934 
2099.606257 0.057000 
2100.570706 0.056743 
2101.535155 0.056655 
2102.499605 0.056969 
2103.464054 0.057218 
2104.428504 0.056860 
2105.392953 0.056688 
2106.357402 0.056927 
2107.321852 0.057293 
2108.286301 0.057032 
2109.250750 0.056720 
2110.215200 0.056813 
2111.179649 0.057213 
2112.144098 0.057149 
2113.108548 0.056815 
2114.072997 0.057219 
2115.037446 0.058018 
2116.001896 0.057695 
2116.966345 0.056881 
2117.930795 0.056700 
2118.895244 0.057001 
2119.859693 0.057230 
2120.824143 0.056876 
2121.788592 0.056756 
2122.753041 0.057055 
2123.717491 0.057409 
2124.681940 0.057163 
2125.646389 0.056858 
2126.610839 0.056990 
2127.575288 0.057384 
2128.539738 0.057245 
2129.504187 0.056984 
2130.468636 0.057079 
2131.433086 0.057363 
2132.397535 0.057269 
2133.361984 0.057038 
2134.326434 0.057070 
2135.290883 0.057542 
2136.255332 0.057905 
2137.219782 0.057405 
2138.184231 0.057132 
2139.148680 0.057385 
2140.113130 0.057324 
2141.077579 0.057024 
2142.042029 0.056998 
2143.006478 0.057009 
2143.970927 0.057037 
2144.935377 0.057045 
2145.899826 0.057076 
2146.864275 0.057141 
2147.828725 0.057171 
2148.793174 0.057051 
2149.757623 0.057111 
2150.722073 0.057308 
2151.686522 0.057306 
2152.650972 0.057220 
2153.615421 0.057350 
2154.579870 0.057537 
2155.544320 0.057438 
2156.508769 0.057286 
2157.473218 0.057522 
2158.437668 0.057706 
2159.402117 0.057466 
2160.366566 0.057397 
2161.331016 0.057988 
2162.295465 0.058158 
2163.259914 0.057620 
2164.224364 0.057450 
2165.188813 0.057859 
2166.153263 0.057934 
2167.117712 0.057536 
2168.082161 0.057663 
2169.046611 0.058097 
2170.011060 0.057872 
2170.975509 0.057519 
2171.939959 0.057866 
2172.904408 0.058238 
2173.868857 0.057879 
2174.833307 0.057705 
2175.797756 0.058174 
2176.762206 0.058292 
2177.726655 0.057849 
2178.691104 0.057918 
2179.655554 0.058321 
2180.620003 0.058213 
2181.584452 0.057938 
2182.548902 0.058214 
2183.513351 0.058434 
2184.477800 0.058189 
2185.442250 0.058198 
2186.406699 0.058627 
2187.371148 0.058547 
2188.335598 0.058206 
2189.300047 0.058451 
2190.264497 0.058644 
2191.228946 0.058338 
2192.193395 0.058277 
2193.157845 0.058566 
2194.122294 0.058507 
2195.086743 0.058281 
2196.051193 0.058465 
2197.015642 0.058608 
2197.980091 0.058457 
2198.944541 0.058481 
2199.908990 0.058699 
2200.873440 0.058641 
2201.837889 0.058560 
2202.802338 0.058738 
2203.766788 0.058816 
2204.731237 0.058785 
2205.695686 0.058935 
2206.660136 0.058952 
2207.624585 0.058816 
2208.589034 0.058830 
2209.553484 0.058955 
2210.517933 0.058907 
2211.482382 0.058884 
2212.446832 0.058911 
2213.411281 0.058872 
2214.375731 0.058820 
2215.340180 0.058885 
2216.304629 0.058892 
2217.269079 0.058872 
2218.233528 0.058912 
2219.197977 0.058963 
2220.162427 0.058896 
2221.126876 0.058908 
2222.091325 0.058981 
2223.055775 0.058977 
2224.020224 0.058951 
2224.984674 0.058967 
2225.949123 0.058967 
2226.913572 0.059017 
2227.878022 0.059064 
2228.842471 0.059092 
2229.806920 0.059144 
2230.771370 0.059245 
2231.735819 0.059224 
2232.700268 0.059230 
2233.664718 0.059242 
2234.629167 0.059288 
2235.593616 0.059373 
2236.558066 0.059412 
2237.522515 0.059417 
2238.486965 0.059452 
2239.451414 0.059511 
2240.415863 0.059505 
2241.380313 0.059522 
2242.344762 0.059550 
2243.309211 0.059584 
2244.273661 0.059594 
2245.238110 0.059609 
2246.202559 0.059690 
2247.167009 0.059742 
2248.131458 0.059763 
2249.095908 0.059747 
2250.060357 0.059890 
2251.024806 0.059955 
2251.989256 0.060054 
2252.953705 0.060077 
2253.918154 0.060186 
2254.882604 0.060248 
2255.847053 0.060337 
2256.811502 0.060312 
2257.775952 0.060375 
2258.740401 0.060402 
2259.704850 0.060467 
2260.669300 0.060471 
2261.633749 0.060563 
2262.598199 0.060601 
2263.562648 0.060703 
2264.527097 0.060759 
2265.491547 0.060798 
2266.455996 0.060791 
2267.420445 0.060906 
2268.384895 0.060940 
2269.349344 0.061019 
2270.313793 0.061084 
2271.278243 0.061287 
2272.242692 0.061450 
2273.207142 0.061531 
2274.171591 0.061661 
2275.136040 0.061912 
2276.100490 0.062035 
2277.064939 0.062277 
2278.029388 0.062459 
2278.993838 0.062670 
2279.958287 0.062972 
2280.922736 0.063200 
2281.887186 0.063569 
2282.851635 0.063878 
2283.816084 0.064082 
2284.780534 0.064448 
2285.744983 0.064416 
2286.709433 0.064794 
2287.673882 0.064987 
2288.638331 0.065304 
2289.602781 0.065802 
2290.567230 0.065760 
2291.531679 0.066506 
2292.496129 0.066472 
2293.460578 0.067231 
2294.425027 0.067654 
2295.389477 0.067846 
2296.353926 0.068933 
2297.318376 0.068787 
2298.282825 0.070190 
2299.247274 0.069893 
2300.211724 0.071014 
2301.176173 0.071441 
2302.140622 0.071466 
2303.105072 0.072508 
2304.069521 0.072369 
2305.033970 0.074219 
2305.998420 0.073785 
2306.962869 0.075642 
2307.927318 0.075015 
2308.891768 0.075953 
2309.856217 0.075899 
2310.820667 0.076019 
2311.785116 0.076299 
2312.749565 0.074964 
2313.714015 0.075340 
2314.678464 0.072974 
2315.642913 0.073308 
2316.607363 0.071956 
2317.571812 0.072668 
2318.536261 0.071869 
2319.500711 0.072581 
2320.465160 0.071258 
2321.429610 0.071645 
2322.394059 0.070044 
2323.358508 0.069789 
2324.322958 0.067561 
2325.287407 0.065520 
2326.251856 0.063597 
2327.216306 0.062575 
2328.180755 0.061714 
2329.145204 0.061038 
2330.109654 0.060271 
2331.074103 0.059219 
2332.038552 0.057593 
2333.003002 0.055743 
2333.967451 0.053887 
2334.931901 0.052108 
2335.896350 0.051571 
2336.860799 0.051222 
2337.825249 0.050289 
2338.789698 0.050211 
2339.754147 0.050888 
2340.718597 0.050798 
2341.683046 0.051130 
2342.647495 0.052266 
2343.611945 0.054593 
2344.576394 0.057465 
2345.540844 0.059866 
2346.505293 0.062083 
2347.469742 0.064150 
2348.434192 0.067914 
2349.398641 0.068269 
2350.363090 0.065844 
2351.327540 0.062663 
2352.291989 0.058680 
2353.256438 0.055321 
2354.220888 0.054151 
2355.185337 0.052742 
2356.149786 0.049641 
2357.114236 0.047753 
2358.078685 0.047420 
2359.043135 0.047213 
2360.007584 0.045777 
2360.972033 0.045644 
2361.936483 0.045945 
2362.900932 0.046540 
2363.865381 0.047445 
2364.829831 0.048822 
2365.794280 0.049947 
2366.758729 0.051827 
2367.723179 0.053769 
2368.687628 0.055822 
2369.652078 0.057658 
2370.616527 0.059774 
2371.580976 0.061874 
2372.545426 0.063882 
2373.509875 0.065720 
2374.474324 0.067382 
2375.438774 0.068949 
2376.403223 0.070320 
2377.367672 0.071390 
2378.332122 0.072036 
2379.296571 0.072249 
2380.261020 0.071887 
2381.225470 0.071040 
2382.189919 0.069861 
2383.154369 0.068505 
2384.118818 0.067061 
2385.083267 0.065707 
2386.047717 0.064599 
2387.012166 0.063720 
2387.976615 0.063053 
2388.941065 0.062576 
2389.905514 0.062299 
2390.869963 0.062101 
2391.834413 0.062034 
2392.798862 0.062021 
2393.763312 0.062003 
2394.727761 0.062002 
2395.692210 0.062048 
2396.656660 0.062062 
2397.621109 0.062083 
2398.585558 0.062077 
2399.550008 0.062108 
2400.514457 0.062122 
2401.478906 0.062149 
2402.443356 0.062182 
2403.407805 0.062244 
2404.372254 0.062316 
2405.336704 0.062378 
2406.301153 0.062418 
2407.265603 0.062519 
2408.230052 0.062629 
2409.194501 0.062672 
2410.158951 0.062693 
2411.123400 0.062749 
2412.087849 0.062808 
2413.052299 0.062863 
2414.016748 0.062889 
2414.981197 0.062902 
2415.945647 0.062944 
2416.910096 0.063012 
2417.874546 0.063027 
2418.838995 0.063042 
2419.803444 0.063078 
2420.767894 0.063136 
2421.732343 0.063170 
2422.696792 0.063213 
2423.661242 0.063265 
2424.625691 0.063351 
2425.590140 0.063454 
2426.554590 0.063474 
2427.519039 0.063407 
2428.483488 0.063421 
2429.447938 0.063497 
2430.412387 0.063514 
2431.376837 0.063479 
2432.341286 0.063542 
2433.305735 0.063568 
2434.270185 0.063551 
2435.234634 0.063548 
2436.199083 0.063534 
2437.163533 0.063556 
2438.127982 0.063586 
2439.092431 0.063597 
2440.056881 0.063620 
2441.021330 0.063661 
2441.985780 0.063680 
2442.950229 0.063685 
2443.914678 0.063701 
2444.879128 0.063700 
2445.843577 0.063676 
2446.808026 0.063660 
2447.772476 0.063658 
2448.736925 0.063588 
2449.701374 0.063501 
2450.665824 0.063432 
2451.630273 0.063334 
2452.594722 0.063248 
2453.559172 0.063226 
2454.523621 0.063240 
2455.488071 0.063247 
2456.452520 0.063178 
2457.416969 0.063133 
2458.381419 0.063087 
2459.345868 0.063057 
2460.310317 0.063063 
2461.274767 0.063047 
2462.239216 0.063020 
2463.203665 0.063035 
2464.168115 0.063002 
2465.132564 0.062956 
2466.097014 0.062926 
2467.061463 0.062889 
2468.025912 0.062812 
2468.990362 0.062736 
2469.954811 0.062672 
2470.919260 0.062655 
2471.883710 0.062643 
2472.848159 0.062589 
2473.812608 0.062485 
2474.777058 0.062440 
2475.741507 0.062394 
2476.705956 0.062307 
2477.670406 0.062267 
2478.634855 0.062288 
2479.599305 0.062281 
2480.563754 0.062259 
2481.528203 0.062234 
2482.492653 0.062232 
2483.457102 0.062171 
2484.421551 0.062111 
2485.386001 0.062064 
2486.350450 0.062090 
2487.314899 0.062092 
2488.279349 0.062051 
2489.243798 0.062055 
2490.208248 0.062100 
2491.172697 0.062123 
2492.137146 0.062151 
2493.101596 0.062134 
2494.066045 0.062174 
2495.030494 0.062238 
2495.994944 0.062315 
2496.959393 0.062337 
2497.923842 0.062333 
2498.888292 0.062347 
2499.852741 0.062396 
2500.817190 0.062405 
2501.781640 0.062430 
2502.746089 0.062458 
2503.710539 0.062503 
2504.674988 0.062529 
2505.639437 0.062531 
2506.603887 0.062531 
2507.568336 0.062637 
2508.532785 0.062694 
2509.497235 0.062732 
2510.461684 0.062799 
2511.426133 0.062879 
2512.390583 0.062940 
2513.355032 0.063025 
2514.319482 0.063041 
2515.283931 0.063126 
2516.248380 0.063238 
2517.212830 0.063349 
2518.177279 0.063457 
2519.141728 0.063535 
2520.106178 0.063587 
2521.070627 0.063620 
2522.035076 0.063626 
2522.999526 0.063693 
2523.963975 0.063778 
2524.928424 0.063910 
2525.892874 0.063974 
2526.857323 0.064052 
2527.821773 0.064060 
2528.786222 0.064180 
2529.750671 0.064230 
2530.715121 0.064307 
2531.679570 0.064322 
2532.644019 0.064465 
2533.608469 0.064537 
2534.572918 0.064622 
2535.537367 0.064650 
2536.501817 0.064694 
2537.466266 0.064747 
2538.430716 0.064803 
2539.395165 0.064820 
2540.359614 0.064898 
2541.324064 0.065002 
2542.288513 0.065093 
2543.252962 0.065100 
2544.217412 0.065138 
2545.181861 0.065227 
2546.146310 0.065303 
2547.110760 0.065335 
2548.075209 0.065324 
2549.039658 0.065420 
2550.004108 0.065515 
2550.968557 0.065536 
2551.933007 0.065505 
2552.897456 0.065516 
2553.861905 0.065503 
2554.826355 0.065486 
2555.790804 0.065465 
2556.755253 0.065471 
2557.719703 0.065478 
2558.684152 0.065447 
2559.648601 0.065402 
2560.613051 0.065376 
2561.577500 0.065359 
2562.541950 0.065391 
2563.506399 0.065408 
2564.470848 0.065355 
2565.435298 0.065351 
2566.399747 0.065426 
2567.364196 0.065451 
2568.328646 0.065436 
2569.293095 0.065408 
2570.257544 0.065442 
2571.221994 0.065433 
2572.186443 0.065396 
2573.150892 0.065333 
2574.115342 0.065267 
2575.079791 0.065208 
2576.044241 0.065146 
2577.008690 0.065056 
2577.973139 0.065055 
2578.937589 0.065062 
2579.902038 0.065014 
2580.866487 0.064958 
2581.830937 0.064929 
2582.795386 0.064871 
2583.759835 0.064794 
2584.724285 0.064691 
2585.688734 0.064637 
2586.653184 0.064655 
2587.617633 0.064691 
2588.582082 0.064653 
2589.546532 0.064645 
2590.510981 0.064601 
2591.475430 0.064512 
2592.439880 0.064460 
2593.404329 0.064456 
2594.368778 0.064401 
2595.333228 0.064379 
2596.297677 0.064395 
2597.262126 0.064347 
2598.226576 0.064286 
2599.191025 0.064313 
2600.155475 0.064300 
2601.119924 0.064253 
2602.084373 0.064245 
2603.048823 0.064272 
2604.013272 0.064271 
2604.977721 0.064294 
2605.942171 0.064315 
2606.906620 0.064320 
2607.871069 0.064316 
2608.835519 0.064335 
2609.799968 0.064347 
2610.764418 0.064329 
2611.728867 0.064371 
2612.693316 0.064391 
2613.657766 0.064316 
2614.622215 0.064286 
2615.586664 0.064326 
2616.551114 0.064358 
2617.515563 0.064381 
2618.480012 0.064426 
2619.444462 0.064541 
2620.408911 0.064587 
2621.373360 0.064577 
2622.337810 0.064645 
2623.302259 0.064716 
2624.266709 0.064759 
2625.231158 0.064827 
2626.195607 0.064915 
2627.160057 0.064991 
2628.124506 0.065049 
2629.088955 0.065025 
2630.053405 0.064987 
2631.017854 0.065061 
2631.982303 0.065234 
2632.946753 0.065293 
2633.911202 0.065264 
2634.875652 0.065215 
2635.840101 0.065288 
2636.804550 0.065413 
2637.769000 0.065441 
2638.733449 0.065448 
2639.697898 0.065549 
2640.662348 0.065660 
2641.626797 0.065729 
2642.591246 0.065775 
2643.555696 0.065830 
2644.520145 0.065944 
2645.484594 0.066038 
2646.449044 0.066078 
2647.413493 0.066169 
2648.377943 0.066271 
2649.342392 0.066331 
2650.306841 0.066342 
2651.271291 0.066384 
2652.235740 0.066464 
2653.200189 0.066516 
2654.164639 0.066501 
2655.129088 0.066472 
2656.093537 0.066470 
2657.057987 0.066514 
2658.022436 0.066575 
2658.986886 0.066616 
2659.951335 0.066644 
2660.915784 0.066718 
2661.880234 0.066737 
2662.844683 0.066739 
2663.809132 0.066716 
2664.773582 0.066716 
2665.738031 0.066802 
2666.702480 0.066857 
2667.666930 0.066814 
2668.631379 0.066825 
2669.595828 0.066886 
2670.560278 0.066919 
2671.524727 0.066925 
2672.489177 0.066955 
2673.453626 0.066966 
2674.418075 0.066991 
2675.382525 0.067035 
2676.346974 0.067057 
2677.311423 0.067029 
2678.275873 0.067044 
2679.240322 0.067038 
2680.204771 0.067001 
2681.169221 0.066948 
2682.133670 0.066950 
2683.098120 0.066930 
2684.062569 0.066949 
2685.027018 0.066963 
2685.991468 0.066946 
2686.955917 0.066876 
2687.920366 0.066817 
2688.884816 0.066823 
2689.849265 0.066848 
2690.813714 0.066813 
2691.778164 0.066762 
2692.742613 0.066726 
2693.707062 0.066760 
2694.671512 0.066779 
2695.635961 0.066740 
2696.600411 0.066650 
2697.564860 0.066639 
2698.529309 0.066657 
2699.493759 0.066678 
2700.458208 0.066666 
2701.422657 0.066653 
2702.387107 0.066624 
2703.351556 0.066586 
2704.316005 0.066593 
2705.280455 0.066613 
2706.244904 0.066596 
2707.209354 0.066562 
2708.173803 0.066514 
2709.138252 0.066520 
2710.102702 0.066517 
2711.067151 0.066528 
2712.031600 0.066478 
2712.996050 0.066459 
2713.960499 0.066499 
2714.924948 0.066535 
2715.889398 0.066484 
2716.853847 0.066455 
2717.818296 0.066501 
2718.782746 0.066535 
2719.747195 0.066551 
2720.711645 0.066606 
2721.676094 0.066558 
2722.640543 0.066492 
2723.604993 0.066569 
2724.569442 0.066657 
2725.533891 0.066634 
2726.498341 0.066565 
2727.462790 0.066594 
2728.427239 0.066696 
2729.391689 0.066756 
2730.356138 0.066825 
2731.320588 0.066830 
2732.285037 0.066854 
2733.249486 0.066906 
2734.213936 0.066907 
2735.178385 0.066951 
2736.142834 0.067025 
2737.107284 0.067014 
2738.071733 0.067031 
2739.036182 0.067075 
2740.000632 0.067159 
2740.965081 0.067199 
2741.929530 0.067190 
2742.893980 0.067234 
2743.858429 0.067287 
2744.822879 0.067339 
2745.787328 0.067412 
2746.751777 0.067473 
2747.716227 0.067493 
2748.680676 0.067560 
2749.645125 0.067632 
2750.609575 0.067674 
2751.574024 0.067790 
2752.538473 0.067877 
2753.502923 0.067902 
2754.467372 0.067931 
2755.431822 0.067964 
2756.396271 0.068038 
2757.360720 0.068109 
2758.325170 0.068135 
2759.289619 0.068136 
2760.254068 0.068145 
2761.218518 0.068177 
2762.182967 0.068240 
2763.147416 0.068260 
2764.111866 0.068285 
2765.076315 0.068355 
2766.040764 0.068359 
2767.005214 0.068383 
2767.969663 0.068424 
2768.934113 0.068479 
2769.898562 0.068545 
2770.863011 0.068577 
2771.827461 0.068625 
2772.791910 0.068673 
2773.756359 0.068691 
2774.720809 0.068692 
2775.685258 0.068690 
2776.649707 0.068758 
2777.614157 0.068836 
2778.578606 0.068899 
2779.543056 0.068895 
2780.507505 0.068936 
2781.471954 0.068998 
2782.436404 0.069019 
2783.400853 0.068980 
2784.365302 0.068977 
2785.329752 0.069028 
2786.294201 0.069112 
2787.258650 0.069134 
2788.223100 0.069110 
2789.187549 0.069024 
2790.151998 0.069036 
2791.116448 0.069006 
2792.080897 0.068959 
2793.045347 0.068991 
2794.009796 0.069042 
2794.974245 0.069021 
2795.938695 0.068993 
2796.903144 0.069064 
2797.867593 0.069037 
2798.832043 0.068959 
2799.796492 0.068960 
2800.760941 0.068937 
2801.725391 0.068996 
2802.689840 0.069066 
2803.654290 0.069085 
2804.618739 0.069042 
2805.583188 0.069036 
2806.547638 0.069062 
2807.512087 0.069084 
2808.476536 0.069107 
2809.440986 0.069121 
2810.405435 0.069068 
2811.369884 0.069045 
2812.334334 0.068984 
2813.298783 0.069016 
2814.263232 0.069029 
2815.227682 0.069040 
2816.192131 0.069054 
2817.156581 0.069021 
2818.121030 0.069038 
2819.085479 0.069035 
2820.049929 0.068949 
2821.014378 0.068943 
2821.978827 0.068994 
2822.943277 0.069017 
2823.907726 0.068960 
2824.872175 0.068959 
2825.836625 0.069019 
2826.801074 0.069080 
2827.765524 0.069070 
2828.729973 0.069098 
2829.694422 0.069105 
2830.658872 0.069170 
2831.623321 0.069208 
2832.587770 0.069209 
2833.552220 0.069230 
2834.516669 0.069179 
2835.481118 0.069150 
2836.445568 0.069237 
2837.410017 0.069298 
2838.374466 0.069330 
2839.338916 0.069315 
2840.303365 0.069321 
2841.267815 0.069333 
2842.232264 0.069442 
2843.196713 0.069520 
2844.161163 0.069601 
2845.125612 0.069700 
2846.090061 0.069819 
2847.054511 0.069928 
2848.018960 0.069943 
2848.983409 0.069956 
2849.947859 0.070070 
2850.912308 0.070211 
2851.876758 0.070296 
2852.841207 0.070249 
2853.805656 0.070244 
2854.770106 0.070299 
2855.734555 0.070374 
2856.699004 0.070404 
2857.663454 0.070412 
2858.627903 0.070443 
2859.592352 0.070431 
2860.556802 0.070401 
2861.521251 0.070469 
2862.485700 0.070497 
2863.450150 0.070498 
2864.414599 0.070516 
2865.379049 0.070547 
2866.343498 0.070535 
2867.307947 0.070554 
2868.272397 0.070586 
2869.236846 0.070634 
2870.201295 0.070671 
2871.165745 0.070765 
2872.130194 0.070860 
2873.094643 0.070863 
2874.059093 0.070783 
2875.023542 0.070815 
2875.987992 0.070910 
2876.952441 0.071029 
2877.916890 0.071119 
2878.881340 0.071221 
2879.845789 0.071312 
2880.810238 0.071414 
2881.774688 0.071484 
2882.739137 0.071515 
2883.703586 0.071539 
2884.668036 0.071606 
2885.632485 0.071672 
2886.596934 0.071730 
2887.561384 0.071756 
2888.525833 0.071795 
2889.490283 0.071773 
2890.454732 0.071768 
2891.419181 0.071786 
2892.383631 0.071769 
2893.348080 0.071760 
2894.312529 0.071809 
2895.276979 0.071753 
2896.241428 0.071709 
2897.205877 0.071826 
2898.170327 0.071962 
2899.134776 0.071999 
2900.099226 0.072035 
2901.063675 0.072063 
2902.028124 0.072069 
2902.992574 0.072095 
2903.957023 0.072185 
2904.921472 0.072293 
2905.885922 0.072336 
2906.850371 0.072307 
2907.814820 0.072351 
2908.779270 0.072450 
2909.743719 0.072534 
2910.708168 0.072544 
2911.672618 0.072721 
2912.637067 0.072849 
2913.601517 0.072909 
2914.565966 0.072979 
2915.530415 0.073053 
2916.494865 0.073049 
2917.459314 0.073107 
2918.423763 0.073233 
2919.388213 0.073372 
2920.352662 0.073424 
2921.317111 0.073460 
2922.281561 0.073477 
2923.246010 0.073481 
2924.210460 0.073489 
2925.174909 0.073549 
2926.139358 0.073527 
2927.103808 0.073456 
2928.068257 0.073435 
2929.032706 0.073447 
2929.997156 0.073427 
2930.961605 0.073354 
2931.926054 0.073341 
2932.890504 0.073489 
2933.854953 0.073545 
2934.819402 0.073439 
2935.783852 0.073408 
2936.748301 0.073371 
2937.712751 0.073287 
2938.677200 0.073324 
2939.641649 0.073392 
2940.606099 0.073497 
2941.570548 0.073604 
2942.534997 0.073685 
2943.499447 0.073683 
2944.463896 0.073693 
2945.428345 0.073749 
2946.392795 0.073680 
2947.357244 0.073409 
2948.321694 0.073265 
2949.286143 0.073250 
2950.250592 0.073325 
2951.215042 0.073376 
2952.179491 0.073258 
2953.143940 0.073186 
2954.108390 0.073338 
2955.072839 0.073389 
2956.037288 0.073355 
2957.001738 0.073287 
2957.966187 0.073242 
2958.930636 0.073340 
2959.895086 0.073471 
2960.859535 0.073597 
2961.823985 0.073659 
2962.788434 0.073476 
2963.752883 0.073448 
2964.717333 0.073513 
2965.681782 0.073650 
2966.646231 0.073622 
2967.610681 0.073460 
2968.575130 0.073332 
2969.539579 0.073339 
2970.504029 0.073355 
2971.468478 0.073381 
2972.432928 0.073467 
2973.397377 0.073683 
2974.361826 0.073765 
2975.326276 0.073760 
2976.290725 0.073678 
2977.255174 0.073695 
2978.219624 0.073733 
2979.184073 0.073767 
2980.148522 0.074003 
2981.112972 0.074106 
2982.077421 0.073948 
2983.041870 0.073943 
2984.006320 0.074047 
2984.970769 0.074183 
2985.935219 0.074198 
2986.899668 0.074379 
2987.864117 0.074607 
2988.828567 0.074515 
2989.793016 0.074372 
2990.757465 0.074445 
2991.721915 0.074475 
2992.686364 0.074405 
2993.650813 0.074439 
2994.615263 0.074602 
2995.579712 0.074448 
2996.544162 0.074152 
2997.508611 0.073846 
2998.473060 0.073678 
2999.437510 0.073641 
3000.401959 0.073595 
3001.366408 0.073512 
3002.330858 0.073503 
3003.295307 0.073587 
3004.259756 0.073867 
3005.224206 0.073961 
3006.188655 0.073681 
3007.153104 0.073422 
3008.117554 0.073443 
3009.082003 0.073543 
3010.046453 0.073857 
3011.010902 0.073932 
3011.975351 0.074175 
3012.939801 0.074484 
3013.904250 0.073944 
3014.868699 0.073601 
3015.833149 0.073674 
3016.797598 0.073288 
3017.762047 0.073029 
3018.726497 0.073301 
3019.690946 0.073613 
3020.655396 0.073775 
3021.619845 0.073931 
3022.584294 0.074136 
3023.548744 0.074113 
3024.513193 0.073851 
3025.477642 0.073870 
3026.442092 0.073996 
3027.406541 0.073979 
3028.370990 0.074012 
3029.335440 0.074008 
3030.299889 0.074231 
3031.264338 0.074936 
3032.228788 0.075157 
3033.193237 0.074627 
3034.157687 0.074589 
3035.122136 0.074567 
3036.086585 0.074418 
3037.051035 0.074448 
3038.015484 0.074430 
3038.979933 0.074453 
3039.944383 0.074558 
3040.908832 0.074646 
3041.873281 0.074642 
3042.837731 0.074617 
3043.802180 0.074564 
3044.766630 0.074523 
3045.731079 0.074434 
3046.695528 0.074419 
3047.659978 0.074473 
3048.624427 0.074911 
3049.588876 0.075118 
3050.553326 0.074887 
3051.517775 0.074716 
3052.482224 0.074838 
3053.446674 0.074924 
3054.411123 0.074871 
3055.375572 0.075016 
3056.340022 0.075522 
3057.304471 0.075263 
3058.268921 0.074803 
3059.233370 0.074871 
3060.197819 0.075014 
3061.162269 0.075067 
3062.126718 0.075145 
3063.091167 0.075133 
3064.055617 0.075398 
3065.020066 0.075676 
3065.984515 0.075407 
3066.948965 0.075281 
3067.913414 0.075130 
3068.877864 0.075102 
3069.842313 0.075231 
3070.806762 0.075240 
3071.771212 0.075264 
3072.735661 0.075312 
3073.700110 0.075393 
3074.664560 0.075457 
3075.629009 0.075474 
3076.593458 0.075400 
3077.557908 0.075608 
3078.522357 0.075830 
3079.486806 0.075969 
3080.451256 0.075859 
3081.415705 0.075768 
3082.380155 0.075978 
3083.344604 0.075906 
3084.309053 0.075553 
3085.273503 0.075238 
3086.237952 0.075188 
3087.202401 0.075495 
3088.166851 0.075608 
3089.131300 0.075529 
3090.095749 0.075406 
3091.060199 0.075325 
3092.024648 0.075353 
3092.989098 0.075369 
3093.953547 0.075405 
3094.917996 0.075281 
3095.882446 0.075417 
3096.846895 0.075657 
3097.811344 0.075545 
3098.775794 0.075496 
3099.740243 0.075488 
3100.704692 0.075339 
3101.669142 0.075280 
3102.633591 0.075203 
3103.598040 0.075016 
3104.562490 0.074819 
3105.526939 0.074843 
3106.491389 0.075030 
3107.455838 0.075310 
3108.420287 0.075323 
3109.384737 0.075178 
3110.349186 0.075200 
3111.313635 0.075137 
3112.278085 0.075237 
3113.242534 0.075205 
3114.206983 0.075156 
3115.171433 0.075345 
3116.135882 0.075690 
3117.100332 0.075588 
3118.064781 0.075658 
3119.029230 0.075932 
3119.993680 0.075474 
3120.958129 0.075020 
3121.922578 0.075144 
3122.887028 0.075534 
3123.851477 0.075328 
3124.815926 0.075108 
3125.780376 0.075173 
3126.744825 0.075307 
3127.709274 0.075373 
3128.673724 0.075350 
3129.638173 0.075206 
3130.602623 0.075047 
3131.567072 0.075044 
3132.531521 0.075177 
3133.495971 0.075446 
3134.460420 0.075353 
3135.424869 0.075348 
3136.389319 0.075491 
3137.353768 0.075567 
3138.318217 0.075500 
3139.282667 0.075380 
3140.247116 0.075277 
3141.211566 0.075378 
3142.176015 0.075515 
3143.140464 0.075591 
3144.104914 0.075562 
3145.069363 0.075612 
3146.033812 0.075656 
3146.998262 0.075675 
3147.962711 0.075715 
3148.927160 0.075862 
3149.891610 0.076049 
3150.856059 0.076203 
3151.820508 0.076223 
3152.784958 0.076161 
3153.749407 0.076119 
3154.713857 0.076116 
3155.678306 0.076172 
3156.642755 0.076251 
3157.607205 0.076269 
3158.571654 0.076292 
3159.536103 0.076318 
3160.500553 0.076390 
3161.465002 0.076411 
3162.429451 0.076442 
3163.393901 0.076458 
3164.358350 0.076551 
3165.322800 0.076649 
3166.287249 0.076709 
3167.251698 0.076744 
3168.216148 0.076813 
3169.180597 0.076919 
3170.145046 0.077070 
3171.109496 0.077092 
3172.073945 0.077130 
3173.038394 0.077170 
3174.002844 0.077256 
3174.967293 0.077293 
3175.931742 0.077298 
3176.896192 0.077193 
3177.860641 0.077326 
3178.825091 0.077475 
3179.789540 0.077309 
3180.753989 0.077216 
3181.718439 0.077285 
3182.682888 0.077362 
3183.647337 0.077297 
3184.611787 0.077380 
3185.576236 0.077604 
3186.540685 0.077578 
3187.505135 0.077525 
3188.469584 0.077527 
3189.434034 0.077580 
3190.398483 0.077681 
3191.362932 0.077780 
3192.327382 0.077809 
3193.291831 0.077761 
3194.256280 0.077763 
3195.220730 0.077729 
3196.185179 0.077708 
3197.149628 0.077756 
3198.114078 0.077989 
3199.078527 0.077990 
3200.042976 0.077820 
3201.007426 0.077722 
3201.971875 0.077699 
3202.936325 0.077734 
3203.900774 0.077697 
3204.865223 0.077604 
3205.829673 0.077511 
3206.794122 0.077491 
3207.758571 0.077480 
3208.723021 0.077449 
3209.687470 0.077616 
3210.651919 0.077734 
3211.616369 0.077558 
3212.580818 0.077384 
3213.545268 0.077315 
3214.509717 0.077519 
3215.474166 0.077516 
3216.438616 0.077438 
3217.403065 0.077351 
3218.367514 0.077276 
3219.331964 0.077441 
3220.296413 0.077589 
3221.260862 0.077340 
3222.225312 0.077188 
3223.189761 0.077144 
3224.154210 0.077110 
3225.118660 0.077163 
3226.083109 0.077256 
3227.047559 0.077391 
3228.012008 0.077510 
3228.976457 0.077342 
3229.940907 0.077424 
3230.905356 0.077515 
3231.869805 0.077320 
3232.834255 0.077174 
3233.798704 0.077033 
3234.763153 0.076892 
3235.727603 0.076887 
3236.692052 0.076922 
3237.656502 0.076852 
3238.620951 0.076736 
3239.585400 0.076873 
3240.549850 0.076988 
3241.514299 0.076934 
3242.478748 0.076892 
3243.443198 0.076852 
3244.407647 0.077010 
3245.372096 0.077345 
3246.336546 0.077122 
3247.300995 0.076882 
3248.265444 0.076937 
3249.229894 0.077010 
3250.194343 0.077050 
3251.158793 0.077136 
3252.123242 0.077153 
3253.087691 0.077194 
3254.052141 0.077546 
3255.016590 0.077588 
3255.981039 0.077312 
3256.945489 0.077434 
3257.909938 0.077464 
3258.874387 0.077354 
3259.838837 0.077359 
3260.803286 0.077479 
3261.767736 0.077343 
3262.732185 0.077358 
3263.696634 0.077410 
3264.661084 0.077502 
3265.625533 0.077616 
3266.589982 0.077625 
3267.554432 0.077609 
3268.518881 0.077764 
3269.483330 0.077845 
3270.447780 0.077901 
3271.412229 0.077927 
3272.376678 0.077982 
3273.341128 0.078283 
3274.305577 0.078569 
3275.270027 0.078415 
3276.234476 0.078716 
3277.198925 0.078777 
3278.163375 0.078508 
3279.127824 0.078473 
3280.092273 0.078409 
3281.056723 0.078261 
3282.021172 0.078457 
3282.985621 0.079051 
3283.950071 0.079314 
3284.914520 0.078886 
3285.878970 0.078587 
3286.843419 0.078587 
3287.807868 0.078738 
3288.772318 0.078987 
3289.736767 0.079090 
3290.701216 0.079117 
3291.665666 0.079335 
3292.630115 0.079394 
3293.594564 0.079378 
3294.559014 0.079133 
3295.523463 0.078955 
3296.487912 0.078971 
3297.452362 0.079403 
3298.416811 0.079627 
3299.381261 0.079407 
3300.345710 0.079302 
3301.310159 0.079272 
3302.274609 0.079298 
3303.239058 0.079423 
3304.203507 0.079369 
3305.167957 0.079286 
3306.132406 0.079234 
3307.096855 0.079335 
3308.061305 0.079733 
3309.025754 0.080143 
3309.990204 0.080151 
3310.954653 0.080081 
3311.919102 0.079644 
3312.883552 0.079545 
3313.848001 0.079563 
3314.812450 0.079328 
3315.776900 0.079248 
3316.741349 0.079412 
3317.705798 0.079453 
3318.670248 0.079264 
3319.634697 0.079104 
3320.599146 0.079107 
3321.563596 0.079077 
3322.528045 0.079111 
3323.492495 0.079250 
3324.456944 0.079485 
3325.421393 0.079491 
3326.385843 0.079646 
3327.350292 0.079794 
3328.314741 0.079591 
3329.279191 0.079455 
3330.243640 0.079455 
3331.208089 0.079325 
3332.172539 0.079244 
3333.136988 0.079249 
3334.101438 0.079728 
3335.065887 0.080086 
3336.030336 0.080141 
3336.994786 0.080617 
3337.959235 0.079792 
3338.923684 0.078835 
3339.888134 0.078861 
3340.852583 0.078955 
3341.817032 0.078992 
3342.781482 0.078748 
3343.745931 0.078514 
3344.710380 0.078486 
3345.674830 0.078591 
3346.639279 0.078714 
3347.603729 0.078884 
3348.568178 0.079010 
3349.532627 0.078958 
3350.497077 0.078748 
3351.461526 0.078711 
3352.425975 0.078723 
3353.390425 0.078797 
3354.354874 0.079032 
3355.319323 0.079677 
3356.283773 0.080018 
3357.248222 0.079609 
3358.212672 0.079069 
3359.177121 0.079072 
3360.141570 0.079228 
3361.106020 0.079536 
3362.070469 0.080053 
3363.034918 0.079509 
3363.999368 0.079098 
3364.963817 0.079305 
3365.928266 0.079387 
3366.892716 0.079671 
3367.857165 0.080163 
3368.821614 0.079938 
3369.786064 0.079334 
3370.750513 0.079050 
3371.714963 0.079088 
3372.679412 0.079202 
3373.643861 0.079257 
3374.608311 0.079408 
3375.572760 0.079403 
3376.537209 0.079286 
3377.501659 0.079433 
3378.466108 0.079704 
3379.430557 0.079647 
3380.395007 0.079434 
3381.359456 0.079393 
3382.323906 0.079666 
3383.288355 0.080155 
3384.252804 0.080640 
3385.217254 0.080580 
3386.181703 0.080189 
3387.146152 0.079986 
3388.110602 0.080002 
3389.075051 0.080133 
3390.039500 0.080228 
3391.003950 0.080457 
3391.968399 0.081432 
3392.932848 0.082767 
3393.897298 0.081747 
3394.861747 0.080417 
3395.826197 0.080541 
3396.790646 0.081828 
3397.755095 0.082414 
3398.719545 0.081300 
3399.683994 0.080908 
3400.648443 0.081174 
3401.612893 0.081277 
3402.577342 0.080922 
3403.541791 0.081105 
3404.506241 0.081178 
3405.470690 0.081023 
3406.435140 0.081135 
3407.399589 0.081312 
3408.364038 0.081229 
3409.328488 0.081191 
3410.292937 0.081329 
3411.257386 0.081460 
3412.221836 0.081470 
3413.186285 0.081650 
3414.150734 0.081676 
3415.115184 0.081478 
3416.079633 0.081473 
3417.044082 0.081416 
3418.008532 0.081518 
3418.972981 0.082228 
3419.937431 0.083862 
3420.901880 0.084699 
3421.866329 0.083877 
3422.830779 0.083395 
3423.795228 0.082695 
3424.759677 0.081887 
3425.724127 0.081629 
3426.688576 0.081856 
3427.653025 0.082071 
3428.617475 0.082069 
3429.581924 0.081821 
3430.546374 0.081973 
3431.510823 0.082323 
3432.475272 0.082417 
3433.439722 0.082376 
3434.404171 0.082053 
3435.368620 0.082124 
3436.333070 0.082534 
3437.297519 0.082519 
3438.261968 0.082481 
3439.226418 0.082318 
3440.190867 0.081949 
3441.155316 0.082104 
3442.119766 0.083597 
3443.084215 0.084420 
3444.048665 0.083188 
3445.013114 0.083234 
3445.977563 0.084068 
3446.942013 0.086647 
3447.906462 0.086676 
3448.870911 0.083467 
3449.835361 0.082063 
3450.799810 0.081703 
3451.764259 0.081733 
3452.728709 0.081749 
3453.693158 0.081762 
3454.657608 0.081724 
3455.622057 0.082123 
3456.586506 0.082289 
3457.550956 0.082286 
3458.515405 0.082825 
3459.479854 0.083006 
3460.444304 0.083092 
3461.408753 0.083459 
3462.373202 0.083947 
3463.337652 0.083756 
3464.302101 0.082539 
3465.266550 0.082374 
3466.231000 0.083114 
3467.195449 0.083947 
3468.159899 0.082765 
3469.124348 0.081831 
3470.088797 0.082099 
3471.053247 0.082451 
3472.017696 0.081991 
3472.982145 0.081886 
3473.946595 0.082370 
3474.911044 0.083260 
3475.875493 0.082686 
3476.839943 0.081806 
3477.804392 0.081640 
3478.768842 0.082056 
3479.733291 0.083809 
3480.697740 0.085933 
3481.662190 0.085867 
3482.626639 0.085624 
3483.591088 0.083962 
3484.555538 0.083149 
3485.519987 0.083507 
3486.484436 0.083346 
3487.448886 0.083927 
3488.413335 0.085306 
3489.377784 0.083623 
3490.342234 0.082646 
3491.306683 0.082943 
3492.271133 0.082535 
3493.235582 0.082138 
3494.200031 0.082504 
3495.164481 0.083458 
3496.128930 0.084339 
3497.093379 0.084181 
3498.057829 0.082865 
3499.022278 0.082845 
3499.986727 0.084286 
3500.951177 0.086744 
3501.915626 0.090749 
3502.880076 0.092337 
3503.844525 0.090281 
3504.808974 0.086898 
3505.773424 0.084425 
3506.737873 0.083017 
3507.702322 0.083191 
3508.666772 0.086753 
3509.631221 0.091236 
3510.595670 0.088407 
3511.560120 0.084970 
3512.524569 0.083779 
3513.489018 0.083218 
3514.453468 0.082865 
3515.417917 0.082656 
3516.382367 0.082939 
3517.346816 0.083950 
3518.311265 0.084403 
3519.275715 0.084486 
3520.240164 0.083867 
3521.204613 0.083721 
3522.169063 0.086567 
3523.133512 0.093461 
3524.097961 0.095612 
3525.062411 0.092640 
3526.026860 0.090248 
3526.991310 0.090325 
3527.955759 0.090582 
3528.920208 0.089195 
3529.884658 0.087491 
3530.849107 0.086738 
3531.813556 0.086286 
3532.778006 0.084282 
3533.742455 0.083611 
3534.706904 0.084246 
3535.671354 0.088225 
3536.635803 0.092212 
3537.600252 0.088071 
3538.564702 0.084253 
3539.529151 0.083921 
3540.493601 0.083884 
3541.458050 0.083841 
3542.422499 0.084764 
3543.386949 0.087720 
3544.351398 0.092773 
3545.315847 0.099202 
3546.280297 0.099295 
3547.244746 0.097660 
3548.209195 0.091425 
3549.173645 0.085795 
3550.138094 0.084775 
3551.102544 0.085363 
3552.066993 0.089239 
3553.031442 0.091314 
3553.995892 0.090019 
3554.960341 0.086434 
3555.924790 0.083630 
3556.889240 0.083565 
3557.853689 0.083987 
3558.818138 0.084896 
3559.782588 0.088778 
3560.747037 0.090366 
3561.711486 0.087548 
3562.675936 0.086817 
3563.640385 0.086927 
3564.604835 0.089502 
3565.569284 0.099518 
3566.533733 0.112812 
3567.498183 0.110211 
3568.462632 0.105089 
3569.427081 0.093599 
3570.391531 0.088279 
3571.355980 0.086650 
3572.320429 0.084427 
3573.284879 0.084315 
3574.249328 0.084842 
3575.213778 0.084952 
3576.178227 0.084305 
3577.142676 0.085186 
3578.107126 0.084827 
3579.071575 0.085147 
3580.036024 0.088086 
3581.000474 0.087358 
3581.964923 0.084825 
3582.929372 0.084965 
3583.893822 0.085694 
3584.858271 0.085973 
3585.822720 0.089608 
3586.787170 0.101807 
3587.751619 0.105543 
3588.716069 0.101716 
3589.680518 0.092846 
3590.644967 0.085749 
3591.609417 0.084143 
3592.573866 0.086142 
3593.538315 0.090276 
3594.502765 0.089664 
3595.467214 0.093176 
3596.431663 0.091729 
3597.396113 0.086351 
3598.360562 0.086537 
3599.325012 0.087016 
3600.289461 0.086005 
3601.253910 0.087267 
3602.218360 0.086796 
3603.182809 0.086087 
3604.147258 0.084163 
3605.111708 0.083301 
3606.076157 0.084810 
3607.040606 0.092048 
3608.005056 0.092827 
3608.969505 0.092429 
3609.933954 0.093881 
3610.898404 0.087400 
3611.862853 0.087357 
3612.827303 0.094018 
3613.791752 0.093650 
3614.756201 0.093815 
3615.720651 0.090908 
3616.685100 0.086098 
3617.649549 0.090121 
3618.613999 0.092046 
3619.578448 0.092178 
3620.542897 0.092336 
3621.507347 0.088687 
3622.471796 0.085416 
3623.436246 0.084097 
3624.400695 0.083780 
3625.365144 0.084688 
3626.329594 0.087498 
3627.294043 0.086186 
3628.258492 0.089193 
3629.222942 0.102682 
3630.187391 0.099077 
3631.151840 0.090453 
3632.116290 0.086291 
3633.080739 0.086142 
3634.045188 0.089333 
3635.009638 0.087325 
3635.974087 0.084507 
3636.938537 0.083661 
3637.902986 0.084003 
3638.867435 0.084574 
3639.831885 0.084456 
3640.796334 0.085259 
3641.760783 0.087699 
3642.725233 0.089451 
3643.689682 0.086913 
3644.654131 0.085167 
3645.618581 0.085753 
3646.583030 0.089781 
3647.547480 0.096445 
3648.511929 0.092949 
3649.476378 0.092931 
3650.440828 0.094661 
3651.405277 0.094873 
3652.369726 0.089776 
3653.334176 0.086309 
3654.298625 0.084701 
3655.263074 0.083243 
3656.227524 0.087942 
3657.191973 0.089566 
3658.156422 0.085422 
3659.120872 0.084813 
3660.085321 0.085420 
3661.049771 0.084928 
3662.014220 0.084216 
3662.978669 0.084246 
3663.943119 0.084245 
3664.907568 0.084567 
3665.872017 0.084853 
3666.836467 0.084191 
3667.800916 0.082574 
3668.765365 0.085280 
3669.729815 0.087362 
3670.694264 0.090496 
3671.658714 0.090049 
3672.623163 0.085123 
3673.587612 0.082598 
3674.552062 0.082123 
3675.516511 0.089043 
3676.480960 0.092714 
3677.445410 0.089781 
3678.409859 0.086002 
3679.374308 0.086197 
3680.338758 0.087026 
3681.303207 0.085247 
3682.267656 0.084548 
3683.232106 0.084441 
3684.196555 0.085094 
3685.161005 0.085391 
3686.125454 0.084301 
3687.089903 0.081592 
3688.054353 0.080466 
3689.018802 0.085861 
3689.983251 0.083742 
3690.947701 0.085934 
3691.912150 0.088328 
3692.876599 0.085959 
3693.841049 0.085886 
3694.805498 0.085549 
3695.769948 0.085373 
3696.734397 0.086523 
3697.698846 0.085775 
3698.663296 0.085354 
3699.627745 0.085609 
3700.592194 0.084087 
3701.556644 0.086616 
3702.521093 0.088963 
3703.485542 0.085412 
3704.449992 0.084501 
3705.414441 0.085708 
3706.378890 0.086541 
3707.343340 0.085135 
3708.307789 0.082202 
3709.272239 0.083197 
3710.236688 0.087101 
3711.201137 0.086282 
3712.165587 0.091078 
3713.130036 0.093353 
3714.094485 0.090579 
3715.058935 0.091408 
3716.023384 0.088843 
3716.987833 0.085716 
3717.952283 0.085257 
3718.916732 0.089215 
3719.881182 0.089812 
3720.845631 0.085809 
3721.810080 0.088798 
3722.774530 0.096971 
3723.738979 0.094033 
3724.703428 0.093804 
3725.667878 0.096895 
3726.632327 0.098024 
3727.596776 0.095975 
3728.561226 0.089510 
3729.525675 0.086219 
3730.490124 0.084074 
3731.454574 0.080705 
3732.419023 0.083998 
3733.383473 0.086690 
3734.347922 0.094785 
3735.312371 0.112529 
3736.276821 0.105811 
3737.241270 0.096584 
3738.205719 0.090868 
3739.170169 0.089906 
3740.134618 0.088584 
3741.099067 0.091024 
3742.063517 0.089378 
3743.027966 0.083772 
3743.992416 0.083553 
3744.956865 0.100360 
3745.921314 0.093184 
3746.885764 0.089111 
3747.850213 0.086051 
3748.814662 0.080819 
3749.779112 0.085437 
3750.743561 0.085236 
3751.708010 0.084505 
3752.672460 0.092762 
3753.636909 0.090798 
3754.601358 0.087377 
3755.565808 0.084410 
3756.530257 0.086221 
3757.494707 0.087885 
3758.459156 0.087346 
3759.423605 0.089277 
3760.388055 0.088361 
3761.352504 0.084957 
3762.316953 0.084903 
3763.281403 0.085204 
3764.245852 0.085045 
3765.210301 0.086405 
3766.174751 0.090442 
3767.139200 0.088078 
3768.103650 0.084932 
3769.068099 0.082788 
3770.032548 0.086530 
3770.996998 0.088397 
3771.961447 0.086861 
3772.925896 0.085671 
3773.890346 0.085253 
3774.854795 0.085125 
3775.819244 0.085013 
3776.783694 0.084908 
3777.748143 0.084264 
3778.712592 0.082778 
3779.677042 0.085977 
3780.641491 0.087150 
3781.605941 0.086094 
3782.570390 0.086129 
3783.534839 0.085313 
3784.499289 0.087110 
3785.463738 0.089466 
3786.428187 0.088747 
3787.392637 0.087377 
3788.357086 0.086291 
3789.321535 0.086151 
3790.285985 0.085758 
3791.250434 0.085399 
3792.214884 0.085496 
3793.179333 0.085652 
3794.143782 0.085269 
3795.108232 0.083601 
3796.072681 0.083573 
3797.037130 0.088462 
3798.001580 0.089677 
3798.966029 0.087067 
3799.930478 0.082381 
3800.894928 0.080054 
3801.859377 0.084700 
3802.823826 0.087874 
3803.788276 0.087330 
3804.752725 0.085005 
3805.717175 0.081452 
3806.681624 0.081163 
3807.646073 0.086552 
3808.610523 0.085961 
3809.574972 0.085716 
3810.539421 0.086079 
3811.503871 0.086072 
3812.468320 0.086072 
3813.432769 0.085625 
3814.397219 0.083148 
3815.361668 0.080101 
3816.326118 0.085870 
3817.290567 0.087854 
3818.255016 0.087044 
3819.219466 0.085671 
3820.183915 0.082233 
3821.148364 0.084316 
3822.112814 0.090155 
3823.077263 0.089261 
3824.041712 0.088263 
3825.006162 0.087102 
3825.970611 0.086120 
3826.935060 0.088290 
3827.899510 0.089086 
3828.863959 0.087744 
3829.828409 0.085863 
3830.792858 0.083721 
3831.757307 0.086618 
3832.721757 0.087804 
3833.686206 0.084775 
3834.650655 0.085739 
3835.615105 0.088307 
3836.579554 0.083274 
3837.544003 0.083079 
3838.508453 0.090381 
3839.472902 0.090987 
3840.437352 0.094000 
3841.401801 0.093577 
3842.366250 0.088429 
3843.330700 0.088758 
3844.295149 0.092697 
3845.259598 0.089798 
3846.224048 0.087812 
3847.188497 0.087259 
3848.152946 0.087406 
3849.117396 0.089281 
3850.081845 0.089977 
3851.046294 0.085775 
3852.010744 0.086427 
3852.975193 0.086752 
3853.939643 0.089991 
3854.904092 0.096236 
3855.868541 0.090323 
3856.832991 0.092144 
3857.797440 0.094602 
3858.761889 0.090091 
3859.726339 0.087551 
3860.690788 0.086925 
3861.655237 0.090633 
3862.619687 0.092455 
3863.584136 0.088925 
3864.548586 0.091751 
3865.513035 0.097097 
3866.477484 0.092567 
3867.441934 0.088334 
3868.406383 0.086910 
3869.370832 0.091471 
3870.335282 0.101793 
3871.299731 0.098579 
3872.264180 0.092380 
3873.228630 0.089162 
3874.193079 0.094632 
3875.157528 0.093324 
3876.121978 0.088600 
3877.086427 0.087852 
3878.050877 0.087592 
3879.015326 0.087167 
3879.979775 0.093627 
3880.944225 0.102674 
3881.908674 0.095626 
3882.873123 0.092741 
3883.837573 0.094136 
3884.802022 0.092002 
3885.766471 0.097178 
3886.730921 0.097030 
3887.695370 0.090177 
3888.659820 0.088204 
3889.624269 0.087182 
3890.588718 0.088180 
3891.553168 0.095734 
3892.517617 0.095181 
3893.482066 0.092882 
3894.446516 0.093906 
3895.410965 0.091072 
3896.375414 0.089168 
3897.339864 0.090223 
3898.304313 0.093253 
3899.268762 0.099221 
3900.233212 0.097784 
3901.197661 0.095579 
3902.162111 0.104251 
3903.126560 0.099801 
3904.091009 0.098799 
3905.055459 0.102788 
3906.019908 0.100560 
3906.984357 0.094643 
3907.948807 0.089615 
3908.913256 0.088592 
3909.877705 0.088410 
3910.842155 0.088482 
3911.806604 0.088509 
3912.771054 0.088927 
3913.735503 0.089222 
3914.699952 0.089462 
3915.664402 0.091928 
3916.628851 0.099165 
3917.593300 0.101327 
3918.557750 0.094245 
3919.522199 0.093388 
3920.486648 0.096533 
3921.451098 0.092509 
3922.415547 0.090778 
3923.379996 0.094789 
3924.344446 0.100144 
3925.308895 0.099962 
3926.273345 0.093905 
3927.237794 0.090374 
3928.202243 0.090525 
3929.166693 0.091665 
3930.131142 0.094924 
3931.095591 0.097253 
3932.060041 0.101274 
3933.024490 0.101859 
3933.988939 0.096052 
3934.953389 0.092424 
3935.917838 0.090092 
3936.882288 0.089803 
3937.846737 0.091215 
3938.811186 0.092384 
3939.775636 0.091324 
3940.740085 0.090800 
3941.704534 0.093088 
3942.668984 0.100777 
3943.633433 0.101213 
3944.597882 0.095430 
3945.562332 0.092153 
3946.526781 0.093095 
3947.491230 0.099208 
3948.455680 0.100069 
3949.420129 0.097864 
3950.384579 0.097806 
3951.349028 0.093220 
3952.313477 0.090362 
3953.277927 0.090527 
3954.242376 0.090342 
3955.206825 0.090717 
3956.171275 0.091935 
3957.135724 0.093034 
3958.100173 0.092533 
3959.064623 0.091902 
3960.029072 0.091905 
3960.993522 0.093284 
3961.957971 0.096418 
3962.922420 0.094670 
3963.886870 0.091447 
3964.851319 0.090981 
3965.815768 0.090191 
3966.780218 0.089708 
3967.744667 0.090174 
3968.709116 0.092254 
3969.673566 0.092983 
3970.638015 0.091125 
3971.602464 0.091029 
3972.566914 0.091852 
3973.531363 0.091210 
3974.495813 0.092083 
3975.460262 0.094295 
3976.424711 0.094317 
3977.389161 0.091370 
3978.353610 0.089698 
3979.318059 0.090055 
3980.282509 0.090670 
3981.246958 0.090708 
3982.211407 0.090755 
3983.175857 0.090133 
3984.140306 0.089602 
3985.104756 0.089856 
3986.069205 0.089881 
3987.033654 0.089461 
3987.998104 0.089575 
3988.962553 0.090663 
3989.927002 0.092843 
3990.891452 0.093749 
3991.855901 0.091870 
3992.820350 0.090433 
3993.784800 0.090324 
3994.749249 0.091032 
3995.713698 0.091169 
3996.678148 0.089981 
3997.642597 0.089606 
3998.607047 0.089580 
3999.571496 0.089585 
4000.535945 0.089601 