##YUNITS=Abs
399.282035 0.117665 
400.246484 0.121502 
401.210934 0.126303 
402.175383 0.125037 
403.139832 0.124557 
404.104282 0.125574 
405.068731 0.122754 
406.033181 0.120456 
406.997630 0.118165 
407.962079 0.110808 
408.926529 0.106003 
409.890978 0.105741 
410.855427 0.106592 
411.819877 0.107256 
412.784326 0.104358 
413.748775 0.104077 
414.713225 0.104122 
415.677674 0.104596 
416.642124 0.103140 
417.606573 0.095832 
418.571022 0.081253 
419.535472 0.083401 
420.499921 0.092450 
421.464370 0.095697 
422.428820 0.092865 
423.393269 0.091783 
424.357718 0.095561 
425.322168 0.095912 
426.286617 0.094542 
427.251066 0.095584 
428.215516 0.094451 
429.179965 0.091539 
430.144415 0.089400 
431.108864 0.088860 
432.073313 0.091741 
433.037763 0.094059 
434.002212 0.094613 
434.966661 0.092883 
435.931111 0.092417 
436.895560 0.095631 
437.860009 0.096773 
438.824459 0.095536 
439.788908 0.095598 
440.753358 0.096064 
441.717807 0.095702 
442.682256 0.095711 
443.646706 0.095353 
444.611155 0.095609 
445.575604 0.096577 
446.540054 0.095525 
447.504503 0.095598 
448.468952 0.095997 
449.433402 0.095469 
450.397851 0.094235 
451.362300 0.094233 
452.326750 0.093005 
453.291199 0.090896 
454.255649 0.090689 
455.220098 0.089834 
456.184547 0.089140 
457.148997 0.086856 
458.113446 0.086373 
459.077895 0.089019 
460.042345 0.089232 
461.006794 0.089327 
461.971243 0.088671 
462.935693 0.087990 
463.900142 0.087214 
464.864592 0.086880 
465.829041 0.087386 
466.793490 0.087414 
467.757940 0.085735 
468.722389 0.085735 
469.686838 0.087194 
470.651288 0.088498 
471.615737 0.088580 
472.580186 0.087740 
473.544636 0.089010 
474.509085 0.089777 
475.473534 0.089166 
476.437984 0.088480 
477.402433 0.088644 
478.366883 0.088632 
479.331332 0.087779 
480.295781 0.087564 
481.260231 0.087239 
482.224680 0.086236 
483.189129 0.083944 
484.153579 0.082588 
485.118028 0.082756 
486.082477 0.082768 
487.046927 0.082089 
488.011376 0.080730 
488.975826 0.078777 
489.940275 0.077656 
490.904724 0.076758 
491.869174 0.075020 
492.833623 0.074450 
493.798072 0.074618 
494.762522 0.073760 
495.726971 0.072594 
496.691420 0.071659 
497.655870 0.070809 
498.620319 0.070564 
499.584768 0.070548 
500.549218 0.069816 
501.513667 0.068305 
502.478117 0.068279 
503.442566 0.068731 
504.407015 0.068320 
505.371465 0.068729 
506.335914 0.068299 
507.300363 0.067577 
508.264813 0.067815 
509.229262 0.068532 
510.193711 0.068935 
511.158161 0.068424 
512.122610 0.068099 
513.087060 0.068407 
514.051509 0.068578 
515.015958 0.068539 
515.980408 0.067304 
516.944857 0.066106 
517.909306 0.067165 
518.873756 0.067444 
519.838205 0.067385 
520.802654 0.068578 
521.767104 0.069095 
522.731553 0.069715 
523.696002 0.070070 
524.660452 0.070379 
525.624901 0.070335 
526.589351 0.070668 
527.553800 0.071249 
528.518249 0.072033 
529.482699 0.072700 
530.447148 0.073638 
531.411597 0.074478 
532.376047 0.075802 
533.340496 0.075943 
534.304945 0.074895 
535.269395 0.073838 
536.233844 0.072084 
537.198294 0.071538 
538.162743 0.071567 
539.127192 0.071379 
540.091642 0.070938 
541.056091 0.070949 
542.020540 0.071118 
542.984990 0.070649 
543.949439 0.070049 
544.913888 0.069942 
545.878338 0.069737 
546.842787 0.069777 
547.807236 0.070156 
548.771686 0.070063 
549.736135 0.069613 
550.700585 0.069562 
551.665034 0.070046 
552.629483 0.070040 
553.593933 0.069611 
554.558382 0.070046 
555.522831 0.070703 
556.487281 0.070601 
557.451730 0.070245 
558.416179 0.070441 
559.380629 0.071201 
560.345078 0.071646 
561.309528 0.071273 
562.273977 0.071142 
563.238426 0.071793 
564.202876 0.072032 
565.167325 0.071868 
566.131774 0.071678 
567.096224 0.071523 
568.060673 0.071757 
569.025122 0.071863 
569.989572 0.071881 
570.954021 0.072085 
571.918470 0.072244 
572.882920 0.072161 
573.847369 0.071895 
574.811819 0.071959 
575.776268 0.071820 
576.740717 0.071629 
577.705167 0.071602 
578.669616 0.071754 
579.634065 0.071929 
580.598515 0.071601 
581.562964 0.071298 
582.527413 0.071320 
583.491863 0.071591 
584.456312 0.071661 
585.420762 0.071838 
586.385211 0.072036 
587.349660 0.072882 
588.314110 0.073864 
589.278559 0.073311 
590.243008 0.072666 
591.207458 0.072178 
592.171907 0.072264 
593.136356 0.072797 
594.100806 0.072873 
595.065255 0.072908 
596.029704 0.073210 
596.994154 0.073512 
597.958603 0.073664 
598.923053 0.073617 
599.887502 0.073626 
600.851951 0.074110 
601.816401 0.074466 
602.780850 0.074475 
603.745299 0.074577 
604.709749 0.074854 
605.674198 0.074979 
606.638647 0.074946 
607.603097 0.075082 
608.567546 0.075696 
609.531996 0.076043 
610.496445 0.076018 
611.460894 0.076250 
612.425344 0.076310 
613.389793 0.076525 
614.354242 0.077002 
615.318692 0.077252 
616.283141 0.077658 
617.247590 0.078255 
618.212040 0.079065 
619.176489 0.080078 
620.140938 0.081152 
621.105388 0.082205 
622.069837 0.082704 
623.034287 0.083396 
623.998736 0.084314 
624.963185 0.085196 
625.927635 0.085919 
626.892084 0.086432 
627.856533 0.087131 
628.820983 0.088040 
629.785432 0.088744 
630.749881 0.088832 
631.714331 0.087547 
632.678780 0.085030 
633.643230 0.082318 
634.607679 0.079872 
635.572128 0.078169 
636.536578 0.077642 
637.501027 0.077164 
638.465476 0.076601 
639.429926 0.075941 
640.394375 0.075646 
641.358824 0.075665 
642.323274 0.075695 
643.287723 0.075731 
644.252172 0.075661 
645.216622 0.075743 
646.181071 0.076064 
647.145521 0.076137 
648.109970 0.076145 
649.074419 0.076252 
650.038869 0.076439 
651.003318 0.076346 
651.967767 0.076285 
652.932217 0.076452 
653.896666 0.076806 
654.861115 0.077069 
655.825565 0.077112 
656.790014 0.077330 
657.754464 0.077769 
658.718913 0.078002 
659.683362 0.078081 
660.647812 0.078285 
661.612261 0.078804 
662.576710 0.079209 
663.541160 0.079482 
664.505609 0.079628 
665.470058 0.079789 
666.434508 0.080052 
667.398957 0.079623 
668.363406 0.077415 
669.327856 0.079216 
670.292305 0.080554 
671.256755 0.081007 
672.221204 0.080992 
673.185653 0.080950 
674.150103 0.081140 
675.114552 0.081466 
676.079001 0.081732 
677.043451 0.081899 
678.007900 0.082188 
678.972349 0.082668 
679.936799 0.083053 
680.901248 0.083506 
681.865698 0.084203 
682.830147 0.084955 
683.794596 0.085554 
684.759046 0.086153 
685.723495 0.086891 
686.687944 0.087850 
687.652394 0.088654 
688.616843 0.089201 
689.581292 0.090052 
690.545742 0.091138 
691.510191 0.092257 
692.474640 0.093406 
693.439090 0.094500 
694.403539 0.095603 
695.367989 0.096789 
696.332438 0.098061 
697.296887 0.099181 
698.261337 0.100454 
699.225786 0.101813 
700.190235 0.103246 
701.154685 0.104715 
702.119134 0.106329 
703.083583 0.108150 
704.048033 0.109843 
705.012482 0.111454 
705.976932 0.113212 
706.941381 0.115267 
707.905830 0.117690 
708.870280 0.120098 
709.834729 0.122775 
710.799178 0.125835 
711.763628 0.129245 
712.728077 0.132773 
713.692526 0.136876 
714.656976 0.141734 
715.621425 0.147035 
716.585874 0.152799 
717.550324 0.159388 
718.514773 0.166654 
719.479223 0.174585 
720.443672 0.183748 
721.408121 0.193794 
722.372571 0.204535 
723.337020 0.216481 
724.301469 0.229682 
725.265919 0.244268 
726.230368 0.260632 
727.194817 0.279333 
728.159267 0.300420 
729.123716 0.324522 
730.088166 0.352470 
731.052615 0.384931 
732.017064 0.423081 
732.981514 0.467982 
733.945963 0.521168 
734.910412 0.584192 
735.874862 0.658666 
736.839311 0.746903 
737.803760 0.850777 
738.768210 0.972903 
739.732659 1.115952 
740.697108 1.285751 
741.661558 1.489365 
742.626007 1.746285 
743.590457 2.089069 
744.554906 2.570756 
745.519355 2.479536 
746.483805 2.350687 
747.448254 2.267944 
748.412703 2.232656 
749.377153 2.198694 
750.341602 2.191797 
751.306051 2.193427 
752.270501 2.220042 
753.234950 2.212821 
754.199400 2.198772 
755.163849 2.190570 
756.128298 2.199046 
757.092748 2.188510 
758.057197 2.190612 
759.021646 2.198616 
759.986096 2.199101 
760.950545 2.181193 
761.914994 2.176682 
762.879444 2.185243 
763.843893 2.196626 
764.808342 2.199063 
765.772792 2.200491 
766.737241 2.182143 
767.701691 2.191427 
768.666140 2.202514 
769.630589 2.208859 
770.595039 2.192790 
771.559488 2.190274 
772.523937 2.181597 
773.488387 2.189044 
774.452836 2.198714 
775.417285 2.212379 
776.381735 2.195574 
777.346184 2.192004 
778.310634 2.184871 
779.275083 2.196795 
780.239532 2.204211 
781.203982 2.213789 
782.168431 2.208054 
783.132880 2.212061 
784.097330 2.214309 
785.061779 2.215099 
786.026228 2.216901 
786.990678 2.221960 
787.955127 2.215649 
788.919576 2.214332 
789.884026 2.208753 
790.848475 2.199526 
791.812925 2.193292 
792.777374 2.191734 
793.741823 2.184794 
794.706273 2.179345 
795.670722 2.172237 
796.635171 2.184853 
797.599621 2.191679 
798.564070 2.199904 
799.528519 2.210058 
800.492969 2.223587 
801.457418 2.218916 
802.421868 2.249733 
803.386317 2.403764 
804.350766 2.637282 
805.315216 1.967589 
806.279665 1.582216 
807.244114 1.313907 
808.208564 1.118016 
809.173013 0.968304 
810.137462 0.847023 
811.101912 0.742649 
812.066361 0.652641 
813.030810 0.577664 
813.995260 0.518911 
814.959709 0.473734 
815.924159 0.438651 
816.888608 0.410048 
817.853057 0.384773 
818.817507 0.360400 
819.781956 0.336337 
820.746405 0.313076 
821.710855 0.290965 
822.675304 0.270203 
823.639753 0.251257 
824.604203 0.234368 
825.568652 0.220046 
826.533102 0.208378 
827.497551 0.198804 
828.462000 0.191131 
829.426450 0.185109 
830.390899 0.180251 
831.355348 0.176122 
832.319798 0.172671 
833.284247 0.169751 
834.248696 0.167048 
835.213146 0.164499 
836.177595 0.161651 
837.142044 0.158578 
838.106494 0.155603 
839.070943 0.152699 
840.035393 0.149685 
840.999842 0.146396 
841.964291 0.143095 
842.928741 0.140191 
843.893190 0.137065 
844.857639 0.133243 
845.822089 0.129291 
846.786538 0.125894 
847.750987 0.122827 
848.715437 0.119946 
849.679886 0.117251 
850.644336 0.114990 
851.608785 0.113105 
852.573234 0.111239 
853.537684 0.109450 
854.502133 0.108049 
855.466582 0.106990 
856.431032 0.106034 
857.395481 0.104990 
858.359930 0.104048 
859.324380 0.103598 
860.288829 0.103334 
861.253278 0.102885 
862.217728 0.102476 
863.182177 0.102429 
864.146627 0.102647 
865.111076 0.102665 
866.075525 0.102610 
867.039975 0.102799 
868.004424 0.103123 
868.968873 0.103444 
869.933323 0.103458 
870.897772 0.103289 
871.862221 0.103233 
872.826671 0.103316 
873.791120 0.103255 
874.755570 0.102940 
875.720019 0.102753 
876.684468 0.102674 
877.648918 0.102158 
878.613367 0.101421 
879.577816 0.100864 
880.542266 0.100405 
881.506715 0.099916 
882.471164 0.099359 
883.435614 0.098806 
884.400063 0.098446 
885.364512 0.098133 
886.328962 0.097653 
887.293411 0.097057 
888.257861 0.096630 
889.222310 0.096361 
890.186759 0.095874 
891.151209 0.095248 
892.115658 0.094703 
893.080107 0.094310 
894.044557 0.093889 
895.009006 0.093362 
895.973455 0.092943 
896.937905 0.092689 
897.902354 0.092348 
898.866804 0.091882 
899.831253 0.091514 
900.795702 0.091282 
901.760152 0.091040 
902.724601 0.090717 
903.689050 0.090272 
904.653500 0.089890 
905.617949 0.089516 
906.582398 0.089163 
907.546848 0.088745 
908.511297 0.088348 
909.475746 0.088065 
910.440196 0.087810 
911.404645 0.087456 
912.369095 0.087182 
913.333544 0.087123 
914.297993 0.087049 
915.262443 0.086876 
916.226892 0.086968 
917.191341 0.087273 
918.155791 0.087602 
919.120240 0.087682 
920.084689 0.087788 
921.049139 0.088175 
922.013588 0.088520 
922.978038 0.088578 
923.942487 0.088515 
924.906936 0.088449 
925.871386 0.088528 
926.835835 0.088781 
927.800284 0.089166 
928.764734 0.089810 
929.729183 0.090736 
930.693632 0.091635 
931.658082 0.092451 
932.622531 0.093453 
933.586980 0.094455 
934.551430 0.094039 
935.515879 0.092538 
936.480329 0.091604 
937.444778 0.091403 
938.409227 0.091462 
939.373677 0.091433 
940.338126 0.091326 
941.302575 0.091397 
942.267025 0.091717 
943.231474 0.091871 
944.195923 0.091928 
945.160373 0.092128 
946.124822 0.092460 
947.089272 0.092871 
948.053721 0.093123 
949.018170 0.093257 
949.982620 0.093662 
950.947069 0.094242 
951.911518 0.094712 
952.875968 0.094997 
953.840417 0.095579 
954.804866 0.096506 
955.769316 0.097311 
956.733765 0.097881 
957.698214 0.098704 
958.662664 0.099795 
959.627113 0.100859 
960.591563 0.101879 
961.556012 0.102951 
962.520461 0.104321 
963.484911 0.105788 
964.449360 0.107085 
965.413809 0.108342 
966.378259 0.110001 
967.342708 0.111922 
968.307157 0.113690 
969.271607 0.115364 
970.236056 0.117113 
971.200506 0.118956 
972.164955 0.120822 
973.129404 0.122479 
974.093854 0.123975 
975.058303 0.125405 
976.022752 0.126652 
976.987202 0.127417 
977.951651 0.127801 
978.916100 0.128047 
979.880550 0.128167 
980.844999 0.127879 
981.809448 0.127204 
982.773898 0.126399 
983.738347 0.125586 
984.702797 0.124663 
985.667246 0.123468 
986.631695 0.122351 
987.596145 0.121571 
988.560594 0.120990 
989.525043 0.120403 
990.489493 0.120006 
991.453942 0.120035 
992.418391 0.120369 
993.382841 0.120961 
994.347290 0.121657 
995.311740 0.122595 
996.276189 0.123776 
997.240638 0.125059 
998.205088 0.126400 
999.169537 0.127865 
1000.133986 0.129433 
1001.098436 0.130910 
1002.062885 0.132016 
1003.027334 0.133048 
1003.991784 0.133892 
1004.956233 0.134406 
1005.920682 0.134544 
1006.885132 0.134388 
1007.849581 0.134035 
1008.814031 0.133338 
1009.778480 0.132231 
1010.742929 0.130890 
1011.707379 0.129470 
1012.671828 0.127991 
1013.636277 0.126319 
1014.600727 0.124405 
1015.565176 0.122459 
1016.529625 0.120591 
1017.494075 0.118672 
1018.458524 0.116546 
1019.422974 0.114447 
1020.387423 0.112653 
1021.351872 0.110988 
1022.316322 0.109269 
1023.280771 0.107684 
1024.245220 0.106408 
1025.209670 0.105352 
1026.174119 0.104346 
1027.138568 0.103335 
1028.103018 0.102565 
1029.067467 0.102169 
1030.031916 0.101701 
1030.996366 0.101071 
1031.960815 0.100564 
1032.925265 0.100377 
1033.889714 0.100283 
1034.854163 0.099997 
1035.818613 0.099675 
1036.783062 0.099516 
1037.747511 0.099449 
1038.711961 0.099298 
1039.676410 0.099098 
1040.640859 0.099089 
1041.605309 0.099297 
1042.569758 0.099381 
1043.534208 0.099361 
1044.498657 0.099480 
1045.463106 0.099889 
1046.427556 0.100247 
1047.392005 0.100356 
1048.356454 0.100441 
1049.320904 0.100766 
1050.285353 0.101160 
1051.249802 0.101455 
1052.214252 0.101700 
1053.178701 0.102084 
1054.143150 0.102700 
1055.107600 0.103197 
1056.072049 0.103391 
1057.036499 0.103723 
1058.000948 0.104240 
1058.965397 0.104820 
1059.929847 0.105174 
1060.894296 0.105402 
1061.858745 0.105713 
1062.823195 0.106106 
1063.787644 0.106339 
1064.752093 0.106351 
1065.716543 0.106417 
1066.680992 0.106576 
1067.645442 0.106538 
1068.609891 0.106239 
1069.574340 0.105937 
1070.538790 0.105747 
1071.503239 0.105539 
1072.467688 0.105144 
1073.432138 0.104557 
1074.396587 0.104106 
1075.361036 0.103768 
1076.325486 0.103299 
1077.289935 0.102656 
1078.254384 0.102126 
1079.218834 0.101816 
1080.183283 0.101361 
1081.147733 0.100680 
1082.112182 0.100056 
1083.076631 0.099678 
1084.041081 0.099401 
1085.005530 0.099034 
1085.969979 0.098809 
1086.934429 0.098730 
1087.898878 0.098663 
1088.863327 0.098476 
1089.827777 0.098326 
1090.792226 0.098281 
1091.756676 0.098362 
1092.721125 0.098419 
1093.685574 0.098394 
1094.650024 0.098473 
1095.614473 0.098722 
1096.578922 0.098976 
1097.543372 0.099091 
1098.507821 0.099177 
1099.472270 0.099429 
1100.436720 0.099739 
1101.401169 0.099985 
1102.365618 0.100260 
1103.330068 0.100561 
1104.294517 0.100877 
1105.258967 0.101125 
1106.223416 0.101236 
1107.187865 0.101310 
1108.152315 0.101414 
1109.116764 0.101524 
1110.081213 0.101514 
1111.045663 0.101530 
1112.010112 0.101550 
1112.974561 0.101345 
1113.939011 0.100934 
1114.903460 0.100521 
1115.867910 0.100097 
1116.832359 0.099650 
1117.796808 0.099044 
1118.761258 0.098410 
1119.725707 0.097834 
1120.690156 0.097342 
1121.654606 0.096853 
1122.619055 0.096394 
1123.583504 0.096016 
1124.547954 0.095779 
1125.512403 0.095469 
1126.476852 0.095080 
1127.441302 0.094842 
1128.405751 0.094791 
1129.370201 0.094668 
1130.334650 0.094204 
1131.299099 0.093736 
1132.263549 0.093530 
1133.227998 0.093388 
1134.192447 0.093178 
1135.156897 0.092882 
1136.121346 0.092695 
1137.085795 0.092624 
1138.050245 0.092483 
1139.014694 0.092310 
1139.979144 0.092266 
1140.943593 0.092412 
1141.908042 0.092584 
1142.872492 0.092622 
1143.836941 0.092730 
1144.801390 0.093065 
1145.765840 0.093338 
1146.730289 0.093433 
1147.694738 0.093549 
1148.659188 0.093849 
1149.623637 0.094208 
1150.588086 0.094278 
1151.552536 0.094140 
1152.516985 0.094089 
1153.481435 0.094181 
1154.445884 0.094143 
1155.410333 0.093964 
1156.374783 0.093860 
1157.339232 0.094018 
1158.303681 0.094183 
1159.268131 0.094175 
1160.232580 0.094177 
1161.197029 0.094346 
1162.161479 0.094609 
1163.125928 0.094839 
1164.090378 0.094885 
1165.054827 0.094766 
1166.019276 0.094445 
1166.983726 0.094013 
1167.948175 0.093649 
1168.912624 0.093517 
1169.877074 0.093577 
1170.841523 0.093629 
1171.805972 0.093479 
1172.770422 0.093299 
1173.734871 0.093218 
1174.699320 0.093209 
1175.663770 0.093237 
1176.628219 0.093174 
1177.592669 0.093317 
1178.557118 0.093744 
1179.521567 0.094197 
1180.486017 0.094601 
1181.450466 0.094725 
1182.414915 0.094547 
1183.379365 0.094299 
1184.343814 0.094223 
1185.308263 0.094343 
1186.272713 0.094657 
1187.237162 0.095000 
1188.201612 0.095387 
1189.166061 0.095847 
1190.130510 0.096410 
1191.094960 0.097114 
1192.059409 0.097758 
1193.023858 0.098378 
1193.988308 0.099148 
1194.952757 0.099999 
1195.917206 0.100863 
1196.881656 0.101675 
1197.846105 0.102580 
1198.810554 0.103581 
1199.775004 0.104562 
1200.739453 0.105459 
1201.703903 0.106379 
1202.668352 0.107420 
1203.632801 0.108522 
1204.597251 0.109507 
1205.561700 0.110395 
1206.526149 0.111282 
1207.490599 0.112258 
1208.455048 0.113204 
1209.419497 0.114015 
1210.383947 0.114759 
1211.348396 0.115537 
1212.312846 0.116152 
1213.277295 0.116632 
1214.241744 0.117170 
1215.206194 0.117787 
1216.170643 0.118244 
1217.135092 0.118436 
1218.099542 0.118348 
1219.063991 0.118163 
1220.028440 0.117898 
1220.992890 0.117420 
1221.957339 0.116882 
1222.921788 0.116417 
1223.886238 0.115908 
1224.850687 0.115205 
1225.815137 0.114384 
1226.779586 0.113649 
1227.744035 0.113018 
1228.708485 0.112557 
1229.672934 0.112136 
1230.637383 0.111839 
1231.601833 0.111900 
1232.566282 0.112171 
1233.530731 0.112500 
1234.495181 0.112909 
1235.459630 0.113432 
1236.424080 0.114156 
1237.388529 0.114960 
1238.352978 0.115816 
1239.317428 0.116783 
1240.281877 0.117955 
1241.246326 0.119275 
1242.210776 0.120520 
1243.175225 0.121737 
1244.139674 0.123080 
1245.104124 0.124470 
1246.068573 0.125694 
1247.033022 0.126603 
1247.997472 0.127348 
1248.961921 0.128044 
1249.926371 0.128555 
1250.890820 0.128842 
1251.855269 0.129122 
1252.819719 0.129378 
1253.784168 0.129478 
1254.748617 0.129333 
1255.713067 0.128905 
1256.677516 0.128314 
1257.641965 0.127548 
1258.606415 0.126322 
1259.570864 0.124595 
1260.535314 0.122569 
1261.499763 0.120507 
1262.464212 0.118094 
1263.428662 0.115328 
1264.393111 0.112588 
1265.357560 0.110100 
1266.322010 0.107888 
1267.286459 0.105998 
1268.250908 0.104412 
1269.215358 0.103137 
1270.179807 0.101993 
1271.144256 0.100937 
1272.108706 0.099970 
1273.073155 0.099321 
1274.037605 0.098765 
1275.002054 0.098055 
1275.966503 0.097288 
1276.930953 0.096691 
1277.895402 0.096225 
1278.859851 0.095760 
1279.824301 0.095202 
1280.788750 0.094732 
1281.753199 0.094431 
1282.717649 0.094051 
1283.682098 0.093539 
1284.646548 0.093051 
1285.610997 0.092734 
1286.575446 0.092477 
1287.539896 0.092078 
1288.504345 0.091750 
1289.468794 0.091582 
1290.433244 0.091466 
1291.397693 0.091403 
1292.362142 0.091265 
1293.326592 0.091116 
1294.291041 0.091081 
1295.255490 0.091031 
1296.219940 0.090902 
1297.184389 0.090864 
1298.148839 0.091067 
1299.113288 0.091205 
1300.077737 0.091229 
1301.042187 0.091239 
1302.006636 0.091412 
1302.971085 0.091592 
1303.935535 0.091694 
1304.899984 0.091681 
1305.864433 0.091762 
1306.828883 0.091940 
1307.793332 0.091980 
1308.757782 0.091999 
1309.722231 0.092219 
1310.686680 0.092390 
1311.651130 0.092423 
1312.615579 0.092260 
1313.580028 0.092317 
1314.544478 0.092591 
1315.508927 0.092840 
1316.473376 0.092786 
1317.437826 0.092609 
1318.402275 0.092543 
1319.366724 0.092459 
1320.331174 0.092609 
1321.295623 0.092733 
1322.260073 0.092852 
1323.224522 0.092944 
1324.188971 0.092968 
1325.153421 0.092887 
1326.117870 0.092808 
1327.082319 0.092877 
1328.046769 0.092974 
1329.011218 0.092926 
1329.975667 0.092822 
1330.940117 0.092910 
1331.904566 0.093085 
1332.869016 0.093145 
1333.833465 0.093083 
1334.797914 0.093078 
1335.762364 0.093061 
1336.726813 0.092850 
1337.691262 0.092629 
1338.655712 0.092142 
1339.620161 0.091694 
1340.584610 0.091977 
1341.549060 0.092599 
1342.513509 0.092864 
1343.477958 0.092838 
1344.442408 0.092857 
1345.406857 0.092856 
1346.371307 0.092811 
1347.335756 0.092783 
1348.300205 0.092871 
1349.264655 0.092937 
1350.229104 0.092989 
1351.193553 0.092989 
1352.158003 0.093103 
1353.122452 0.093264 
1354.086901 0.093184 
1355.051351 0.093002 
1356.015800 0.093186 
1356.980250 0.093382 
1357.944699 0.093379 
1358.909148 0.093353 
1359.873598 0.093389 
1360.838047 0.093205 
1361.802496 0.092912 
1362.766946 0.092521 
1363.731395 0.092668 
1364.695844 0.093522 
1365.660294 0.093945 
1366.624743 0.093995 
1367.589192 0.093957 
1368.553642 0.093825 
1369.518091 0.094044 
1370.482541 0.094315 
1371.446990 0.094349 
1372.411439 0.094210 
1373.375889 0.093765 
1374.340338 0.093203 
1375.304787 0.093338 
1376.269237 0.093878 
1377.233686 0.094206 
1378.198135 0.094119 
1379.162585 0.094066 
1380.127034 0.094157 
1381.091484 0.094457 
1382.055933 0.094693 
1383.020382 0.094917 
1383.984832 0.095057 
1384.949281 0.095050 
1385.913730 0.094508 
1386.878180 0.093533 
1387.842629 0.092941 
1388.807078 0.093482 
1389.771528 0.093886 
1390.735977 0.093884 
1391.700426 0.093923 
1392.664876 0.093944 
1393.629325 0.093780 
1394.593775 0.093281 
1395.558224 0.093194 
1396.522673 0.093868 
1397.487123 0.094189 
1398.451572 0.094154 
1399.416021 0.094194 
1400.380471 0.094839 
1401.344920 0.095476 
1402.309369 0.095708 
1403.273819 0.095629 
1404.238268 0.095266 
1405.202718 0.094887 
1406.167167 0.095247 
1407.131616 0.095633 
1408.096066 0.095600 
1409.060515 0.095512 
1410.024964 0.095501 
1410.989414 0.095531 
1411.953863 0.095371 
1412.918312 0.095427 
1413.882762 0.095670 
1414.847211 0.095720 
1415.811660 0.095474 
1416.776110 0.095150 
1417.740559 0.094922 
1418.705009 0.094929 
1419.669458 0.094654 
1420.633907 0.095496 
1421.598357 0.096335 
1422.562806 0.096540 
1423.527255 0.096173 
1424.491705 0.095997 
1425.456154 0.096664 
1426.420603 0.096972 
1427.385053 0.097041 
1428.349502 0.096886 
1429.313952 0.096643 
1430.278401 0.096288 
1431.242850 0.096646 
1432.207300 0.096848 
1433.171749 0.096603 
1434.136198 0.096515 
1435.100648 0.096366 
1436.065097 0.095962 
1437.029546 0.094928 
1437.993996 0.095285 
1438.958445 0.096143 
1439.922894 0.096425 
1440.887344 0.096459 
1441.851793 0.096281 
1442.816243 0.096293 
1443.780692 0.096351 
1444.745141 0.096355 
1445.709591 0.096231 
1446.674040 0.096130 
1447.638489 0.095733 
1448.602939 0.095755 
1449.567388 0.096335 
1450.531837 0.096567 
1451.496287 0.096409 
1452.460736 0.096353 
1453.425186 0.096535 
1454.389635 0.096308 
1455.354084 0.095490 
1456.318534 0.095537 
1457.282983 0.094667 
1458.247432 0.094340 
1459.211882 0.095219 
1460.176331 0.096382 
1461.140780 0.096967 
1462.105230 0.096990 
1463.069679 0.096821 
1464.034128 0.096767 
1464.998578 0.096375 
1465.963027 0.096493 
1466.927477 0.096991 
1467.891926 0.097278 
1468.856375 0.097483 
1469.820825 0.097509 
1470.785274 0.097252 
1471.749723 0.096246 
1472.714173 0.094656 
1473.678622 0.095040 
1474.643071 0.095912 
1475.607521 0.096310 
1476.571970 0.096096 
1477.536420 0.096740 
1478.500869 0.097323 
1479.465318 0.097447 
1480.429768 0.097470 
1481.394217 0.097554 
1482.358666 0.098008 
1483.323116 0.098530 
1484.287565 0.098802 
1485.252014 0.098922 
1486.216464 0.098793 
1487.180913 0.098668 
1488.145362 0.098872 
1489.109812 0.098910 
1490.074261 0.098393 
1491.038711 0.099700 
1492.003160 0.101523 
1492.967609 0.102845 
1493.932059 0.103572 
1494.896508 0.103848 
1495.860957 0.103841 
1496.825407 0.104364 
1497.789856 0.105445 
1498.754305 0.106208 
1499.718755 0.107125 
1500.683204 0.108466 
1501.647654 0.109479 
1502.612103 0.110787 
1503.576552 0.111912 
1504.541002 0.112592 
1505.505451 0.112743 
1506.469900 0.111966 
1507.434350 0.112236 
1508.398799 0.114538 
1509.363248 0.116788 
1510.327698 0.118663 
1511.292147 0.120115 
1512.256596 0.121393 
1513.221046 0.122736 
1514.185495 0.123811 
1515.149945 0.124070 
1516.114394 0.124170 
1517.078843 0.124564 
1518.043293 0.127118 
1519.007742 0.128567 
1519.972191 0.128950 
1520.936641 0.128648 
1521.901090 0.129651 
1522.865539 0.131713 
1523.829989 0.133261 
1524.794438 0.134186 
1525.758888 0.135529 
1526.723337 0.137017 
1527.687786 0.138411 
1528.652236 0.140235 
1529.616685 0.142475 
1530.581134 0.144240 
1531.545584 0.145782 
1532.510033 0.147042 
1533.474482 0.148932 
1534.438932 0.152478 
1535.403381 0.155636 
1536.367830 0.158582 
1537.332280 0.161071 
1538.296729 0.162780 
1539.261179 0.165098 
1540.225628 0.168500 
1541.190077 0.171253 
1542.154527 0.174203 
1543.118976 0.177003 
1544.083425 0.178749 
1545.047875 0.180984 
1546.012324 0.183283 
1546.976773 0.185195 
1547.941223 0.186206 
1548.905672 0.186394 
1549.870122 0.185803 
1550.834571 0.185935 
1551.799020 0.186308 
1552.763470 0.185726 
1553.727919 0.184629 
1554.692368 0.181870 
1555.656818 0.180331 
1556.621267 0.179966 
1557.585716 0.179234 
1558.550166 0.175004 
1559.514615 0.171118 
1560.479064 0.167755 
1561.443514 0.166858 
1562.407963 0.165874 
1563.372413 0.163808 
1564.336862 0.161533 
1565.301311 0.158557 
1566.265761 0.156872 
1567.230210 0.155534 
1568.194659 0.153852 
1569.159109 0.151714 
1570.123558 0.149229 
1571.088007 0.149006 
1572.052457 0.148842 
1573.016906 0.148064 
1573.981356 0.147286 
1574.945805 0.146690 
1575.910254 0.146140 
1576.874704 0.144545 
1577.839153 0.145076 
1578.803602 0.145649 
1579.768052 0.145638 
1580.732501 0.145359 
1581.696950 0.144930 
1582.661400 0.144341 
1583.625849 0.143798 
1584.590298 0.143275 
1585.554748 0.142557 
1586.519197 0.141659 
1587.483647 0.140585 
1588.448096 0.139357 
1589.412545 0.138051 
1590.376995 0.136594 
1591.341444 0.135092 
1592.305893 0.133512 
1593.270343 0.132030 
1594.234792 0.130337 
1595.199241 0.128642 
1596.163691 0.127123 
1597.128140 0.125626 
1598.092590 0.124235 
1599.057039 0.122692 
1600.021488 0.121042 
1600.985938 0.119455 
1601.950387 0.117908 
1602.914836 0.116395 
1603.879286 0.115235 
1604.843735 0.114563 
1605.808184 0.113761 
1606.772634 0.112684 
1607.737083 0.111661 
1608.701532 0.111077 
1609.665982 0.110360 
1610.630431 0.109979 
1611.594881 0.109660 
1612.559330 0.109139 
1613.523779 0.108814 
1614.488229 0.108497 
1615.452678 0.108128 
1616.417127 0.107727 
1617.381577 0.106594 
1618.346026 0.106912 
1619.310475 0.107166 
1620.274925 0.107098 
1621.239374 0.107051 
1622.203824 0.106748 
1623.168273 0.106271 
1624.132722 0.105692 
1625.097172 0.106010 
1626.061621 0.106255 
1627.026070 0.106255 
1627.990520 0.105701 
1628.954969 0.105651 
1629.919418 0.106090 
1630.883868 0.106108 
1631.848317 0.105828 
1632.812766 0.105645 
1633.777216 0.105607 
1634.741665 0.105657 
1635.706115 0.103888 
1636.670564 0.103471 
1637.635013 0.104145 
1638.599463 0.104729 
1639.563912 0.105182 
1640.528361 0.105092 
1641.492811 0.105063 
1642.457260 0.105078 
1643.421709 0.105143 
1644.386159 0.104963 
1645.350608 0.104689 
1646.315058 0.103234 
1647.279507 0.102449 
1648.243956 0.102697 
1649.208406 0.103487 
1650.172855 0.104069 
1651.137304 0.103974 
1652.101754 0.104092 
1653.066203 0.102043 
1654.030652 0.100217 
1654.995102 0.101976 
1655.959551 0.102880 
1656.924000 0.103158 
1657.888450 0.103159 
1658.852899 0.103169 
1659.817349 0.102945 
1660.781798 0.102545 
1661.746247 0.102107 
1662.710697 0.101611 
1663.675146 0.101347 
1664.639595 0.101848 
1665.604045 0.101821 
1666.568494 0.101487 
1667.532943 0.101056 
1668.497393 0.100460 
1669.461842 0.099626 
1670.426292 0.099487 
1671.390741 0.099626 
1672.355190 0.099519 
1673.319640 0.099616 
1674.284089 0.099480 
1675.248538 0.098883 
1676.212988 0.098274 
1677.177437 0.098824 
1678.141886 0.098809 
1679.106336 0.098305 
1680.070785 0.097558 
1681.035234 0.097382 
1681.999684 0.097641 
1682.964133 0.097109 
1683.928583 0.095163 
1684.893032 0.094842 
1685.857481 0.095902 
1686.821931 0.096638 
1687.786380 0.096682 
1688.750829 0.096169 
1689.715279 0.095944 
1690.679728 0.095858 
1691.644177 0.096192 
1692.608627 0.096492 
1693.573076 0.096207 
1694.537526 0.095700 
1695.501975 0.094861 
1696.466424 0.092779 
1697.430874 0.093517 
1698.395323 0.094156 
1699.359772 0.094400 
1700.324222 0.094446 
1701.288671 0.093554 
1702.253120 0.094273 
1703.217570 0.094600 
1704.182019 0.094494 
1705.146468 0.094053 
1706.110918 0.093897 
1707.075367 0.093839 
1708.039817 0.094499 
1709.004266 0.094910 
1709.968715 0.094692 
1710.933165 0.094526 
1711.897614 0.094606 
1712.862063 0.094419 
1713.826513 0.093925 
1714.790962 0.093296 
1715.755411 0.093128 
1716.719861 0.093537 
1717.684310 0.092847 
1718.648760 0.092180 
1719.613209 0.093636 
1720.577658 0.094558 
1721.542108 0.094859 
1722.506557 0.094697 
1723.471006 0.094443 
1724.435456 0.094528 
1725.399905 0.094901 
1726.364354 0.094888 
1727.328804 0.094718 
1728.293253 0.094520 
1729.257702 0.094310 
1730.222152 0.093839 
1731.186601 0.094036 
1732.151051 0.094227 
1733.115500 0.093899 
1734.079949 0.093034 
1735.044399 0.093424 
1736.008848 0.094343 
1736.973297 0.094940 
1737.937747 0.094853 
1738.902196 0.094699 
1739.866645 0.094324 
1740.831095 0.094463 
1741.795544 0.094984 
1742.759994 0.094703 
1743.724443 0.093844 
1744.688892 0.094212 
1745.653342 0.094619 
1746.617791 0.094539 
1747.582240 0.093899 
1748.546690 0.093365 
1749.511139 0.093235 
1750.475588 0.093790 
1751.440038 0.093718 
1752.404487 0.093803 
1753.368936 0.094452 
1754.333386 0.094721 
1755.297835 0.094714 
1756.262285 0.094422 
1757.226734 0.093826 
1758.191183 0.093875 
1759.155633 0.094329 
1760.120082 0.094396 
1761.084531 0.094167 
1762.048981 0.093586 
1763.013430 0.093944 
1763.977879 0.094457 
1764.942329 0.094528 
1765.906778 0.094531 
1766.871228 0.094455 
1767.835677 0.094282 
1768.800126 0.093885 
1769.764576 0.094079 
1770.729025 0.094115 
1771.693474 0.093322 
1772.657924 0.092919 
1773.622373 0.093355 
1774.586822 0.094034 
1775.551272 0.094057 
1776.515721 0.093987 
1777.480170 0.094272 
1778.444620 0.094347 
1779.409069 0.094272 
1780.373519 0.094200 
1781.337968 0.094022 
1782.302417 0.094323 
1783.266867 0.094571 
1784.231316 0.094643 
1785.195765 0.094403 
1786.160215 0.094336 
1787.124664 0.094663 
1788.089113 0.094868 
1789.053563 0.094801 
1790.018012 0.094556 
1790.982462 0.094047 
1791.946911 0.093711 
1792.911360 0.093773 
1793.875810 0.093924 
1794.840259 0.094329 
1795.804708 0.094285 
1796.769158 0.094448 
1797.733607 0.094740 
1798.698056 0.094756 
1799.662506 0.094358 
1800.626955 0.094174 
1801.591404 0.094312 
1802.555854 0.094410 
1803.520303 0.094704 
1804.484753 0.094926 
1805.449202 0.094975 
1806.413651 0.094994 
1807.378101 0.094937 
1808.342550 0.094940 
1809.306999 0.094990 
1810.271449 0.094808 
1811.235898 0.094504 
1812.200347 0.094759 
1813.164797 0.095133 
1814.129246 0.095268 
1815.093696 0.095229 
1816.058145 0.095210 
1817.022594 0.095278 
1817.987044 0.095305 
1818.951493 0.095444 
1819.915942 0.095593 
1820.880392 0.095566 
1821.844841 0.095425 
1822.809290 0.095289 
1823.773740 0.095145 
1824.738189 0.095063 
1825.702638 0.094805 
1826.667088 0.095146 
1827.631537 0.095452 
1828.595987 0.095213 
1829.560436 0.094884 
1830.524885 0.094819 
1831.489335 0.095357 
1832.453784 0.095765 
1833.418233 0.095806 
1834.382683 0.095801 
1835.347132 0.095798 
1836.311581 0.095700 
1837.276031 0.095723 
1838.240480 0.095871 
1839.204930 0.096070 
1840.169379 0.096120 
1841.133828 0.096130 
1842.098278 0.095991 
1843.062727 0.095779 
1844.027176 0.095758 
1844.991626 0.095322 
1845.956075 0.095748 
1846.920524 0.096163 
1847.884974 0.096115 
1848.849423 0.096289 
1849.813872 0.096633 
1850.778322 0.096759 
1851.742771 0.096810 
1852.707221 0.096847 
1853.671670 0.096932 
1854.636119 0.097045 
1855.600569 0.097068 
1856.565018 0.097080 
1857.529467 0.097062 
1858.493917 0.097031 
1859.458366 0.097041 
1860.422815 0.097081 
1861.387265 0.097125 
1862.351714 0.097148 
1863.316164 0.097166 
1864.280613 0.097120 
1865.245062 0.097054 
1866.209512 0.096795 
1867.173961 0.096431 
1868.138410 0.096071 
1869.102860 0.095981 
1870.067309 0.096215 
1871.031758 0.096639 
1871.996208 0.096903 
1872.960657 0.096880 
1873.925106 0.096927 
1874.889556 0.096991 
1875.854005 0.097022 
1876.818455 0.096952 
1877.782904 0.096946 
1878.747353 0.096932 
1879.711803 0.096888 
1880.676252 0.096849 
1881.640701 0.096914 
1882.605151 0.096951 
1883.569600 0.096896 
1884.534049 0.096841 
1885.498499 0.096876 
1886.462948 0.096910 
1887.427398 0.096824 
1888.391847 0.096756 
1889.356296 0.096582 
1890.320746 0.096418 
1891.285195 0.096789 
1892.249644 0.096993 
1893.214094 0.096923 
1894.178543 0.096786 
1895.142992 0.096647 
1896.107442 0.096735 
1897.071891 0.096941 
1898.036340 0.096924 
1899.000790 0.096924 
1899.965239 0.096982 
1900.929689 0.096947 
1901.894138 0.096883 
1902.858587 0.096915 
1903.823037 0.096920 
1904.787486 0.096914 
1905.751935 0.096905 
1906.716385 0.096824 
1907.680834 0.096704 
1908.645283 0.096624 
1909.609733 0.096597 
1910.574182 0.096529 
1911.538632 0.096687 
1912.503081 0.096766 
1913.467530 0.096768 
1914.431980 0.096795 
1915.396429 0.096840 
1916.360878 0.096810 
1917.325328 0.096707 
1918.289777 0.096435 
1919.254226 0.096476 
1920.218676 0.096887 
1921.183125 0.096861 
1922.147574 0.096567 
1923.112024 0.096285 
1924.076473 0.096597 
1925.040923 0.096963 
1926.005372 0.097025 
1926.969821 0.097014 
1927.934271 0.097099 
1928.898720 0.097162 
1929.863169 0.097211 
1930.827619 0.097130 
1931.792068 0.097141 
1932.756517 0.097167 
1933.720967 0.097237 
1934.685416 0.097316 
1935.649866 0.097404 
1936.614315 0.097452 
1937.578764 0.097474 
1938.543214 0.097442 
1939.507663 0.097521 
1940.472112 0.097549 
1941.436562 0.097467 
1942.401011 0.097266 
1943.365460 0.097191 
1944.329910 0.097574 
1945.294359 0.097766 
1946.258808 0.097787 
1947.223258 0.097901 
1948.187707 0.098102 
1949.152157 0.098610 
1950.116606 0.098836 
1951.081055 0.098513 
1952.045505 0.098279 
1953.009954 0.098279 
1953.974403 0.098290 
1954.938853 0.098342 
1955.903302 0.098516 
1956.867751 0.099303 
1957.832201 0.102059 
1958.796650 0.105466 
1959.761100 0.103240 
1960.725549 0.099703 
1961.689998 0.098828 
1962.654448 0.098808 
1963.618897 0.098807 
1964.583346 0.098761 
1965.547796 0.098689 
1966.512245 0.098549 
1967.476694 0.098478 
1968.441144 0.098612 
1969.405593 0.098943 
1970.370042 0.099047 
1971.334492 0.099026 
1972.298941 0.099046 
1973.263391 0.099121 
1974.227840 0.099178 
1975.192289 0.099176 
1976.156739 0.099160 
1977.121188 0.099205 
1978.085637 0.099280 
1979.050087 0.099331 
1980.014536 0.099354 
1980.978985 0.099364 
1981.943435 0.099428 
1982.907884 0.099477 
1983.872334 0.099487 
1984.836783 0.099421 
1985.801232 0.099402 
1986.765682 0.099463 
1987.730131 0.099364 
1988.694580 0.099226 
1989.659030 0.099363 
1990.623479 0.099402 
1991.587928 0.099287 
1992.552378 0.099123 
1993.516827 0.099395 
1994.481276 0.099703 
1995.445726 0.099721 
1996.410175 0.099693 
1997.374625 0.099691 
1998.339074 0.099706 
1999.303523 0.099758 
2000.267973 0.099793 
2001.232422 0.099818 
2002.196871 0.099847 
2003.161321 0.099866 
2004.125770 0.099875 
2005.090219 0.099849 
2006.054669 0.099830 
2007.019118 0.099863 
2007.983568 0.099849 
2008.948017 0.099807 
2009.912466 0.099761 
2010.876916 0.099759 
2011.841365 0.099762 
2012.805814 0.099723 
2013.770264 0.099753 
2014.734713 0.099819 
2015.699162 0.099763 
2016.663612 0.099591 
2017.628061 0.099511 
2018.592510 0.099707 
2019.556960 0.099840 
2020.521409 0.099803 
2021.485859 0.099716 
2022.450308 0.099701 
2023.414757 0.099713 
2024.379207 0.099726 
2025.343656 0.099734 
2026.308105 0.099792 
2027.272555 0.100096 
2028.237004 0.101083 
2029.201453 0.101582 
2030.165903 0.100626 
2031.130352 0.099918 
2032.094802 0.099807 
2033.059251 0.099849 
2034.023700 0.099856 
2034.988150 0.099809 
2035.952599 0.099823 
2036.917048 0.099900 
2037.881498 0.099884 
2038.845947 0.099858 
2039.810396 0.099873 
2040.774846 0.099858 
2041.739295 0.099812 
2042.703744 0.099878 
2043.668194 0.099955 
2044.632643 0.100027 
2045.597093 0.100054 
2046.561542 0.100021 
2047.525991 0.100018 
2048.490441 0.100082 
2049.454890 0.100160 
2050.419339 0.100181 
2051.383789 0.100160 
2052.348238 0.100198 
2053.312687 0.100261 
2054.277137 0.100293 
2055.241586 0.100253 
2056.206036 0.100251 
2057.170485 0.100287 
2058.134934 0.100346 
2059.099384 0.100353 
2060.063833 0.100316 
2061.028282 0.100339 
2061.992732 0.100348 
2062.957181 0.100331 
2063.921630 0.100338 
2064.886080 0.100344 
2065.850529 0.100339 
2066.814978 0.100408 
2067.779428 0.100450 
2068.743877 0.100496 
2069.708327 0.100498 
2070.672776 0.100456 
2071.637225 0.100448 
2072.601675 0.100504 
2073.566124 0.100561 
2074.530573 0.100553 
2075.495023 0.100484 
2076.459472 0.100519 
2077.423921 0.100646 
2078.388371 0.100655 
2079.352820 0.100561 
2080.317270 0.100538 
2081.281719 0.100599 
2082.246168 0.100682 
2083.210618 0.100659 
2084.175067 0.100598 
2085.139516 0.100602 
2086.103966 0.100673 
2087.068415 0.100634 
2088.032864 0.100597 
2088.997314 0.100580 
2089.961763 0.100590 
2090.926212 0.100599 
2091.890662 0.100592 
2092.855111 0.100648 
2093.819561 0.100718 
2094.784010 0.100731 
2095.748459 0.100662 
2096.712909 0.100634 
2097.677358 0.100675 
2098.641807 0.100758 
2099.606257 0.100769 
2100.570706 0.100698 
2101.535155 0.100676 
2102.499605 0.100717 
2103.464054 0.100751 
2104.428504 0.100729 
2105.392953 0.100707 
2106.357402 0.100718 
2107.321852 0.100758 
2108.286301 0.100704 
2109.250750 0.100677 
2110.215200 0.100721 
2111.179649 0.100761 
2112.144098 0.100724 
2113.108548 0.100636 
2114.072997 0.100629 
2115.037446 0.100729 
2116.001896 0.100760 
2116.966345 0.100684 
2117.930795 0.100703 
2118.895244 0.100757 
2119.859693 0.100776 
2120.824143 0.100723 
2121.788592 0.100665 
2122.753041 0.100673 
2123.717491 0.100720 
2124.681940 0.100713 
2125.646389 0.100679 
2126.610839 0.100705 
2127.575288 0.100779 
2128.539738 0.100747 
2129.504187 0.100679 
2130.468636 0.100734 
2131.433086 0.100827 
2132.397535 0.100848 
2133.361984 0.100791 
2134.326434 0.100760 
2135.290883 0.100774 
2136.255332 0.100795 
2137.219782 0.100837 
2138.184231 0.100893 
2139.148680 0.100915 
2140.113130 0.100912 
2141.077579 0.100920 
2142.042029 0.100927 
2143.006478 0.100906 
2143.970927 0.100966 
2144.935377 0.101032 
2145.899826 0.101014 
2146.864275 0.100990 
2147.828725 0.101016 
2148.793174 0.101066 
2149.757623 0.101105 
2150.722073 0.101069 
2151.686522 0.101045 
2152.650972 0.101098 
2153.615421 0.101172 
2154.579870 0.101237 
2155.544320 0.101271 
2156.508769 0.101278 
2157.473218 0.101287 
2158.437668 0.101301 
2159.402117 0.101319 
2160.366566 0.101348 
2161.331016 0.101415 
2162.295465 0.101443 
2163.259914 0.101417 
2164.224364 0.101450 
2165.188813 0.101515 
2166.153263 0.101524 
2167.117712 0.101473 
2168.082161 0.101515 
2169.046611 0.101570 
2170.011060 0.101580 
2170.975509 0.101587 
2171.939959 0.101702 
2172.904408 0.101778 
2173.868857 0.101730 
2174.833307 0.101696 
2175.797756 0.101761 
2176.762206 0.101834 
2177.726655 0.101825 
2178.691104 0.101825 
2179.655554 0.101865 
2180.620003 0.101889 
2181.584452 0.101896 
2182.548902 0.101915 
2183.513351 0.101968 
2184.477800 0.101917 
2185.442250 0.101942 
2186.406699 0.101998 
2187.371148 0.101976 
2188.335598 0.101992 
2189.300047 0.102076 
2190.264497 0.102084 
2191.228946 0.102022 
2192.193395 0.102017 
2193.157845 0.102104 
2194.122294 0.102153 
2195.086743 0.102098 
2196.051193 0.102092 
2197.015642 0.102153 
2197.980091 0.102138 
2198.944541 0.102169 
2199.908990 0.102210 
2200.873440 0.102182 
2201.837889 0.102156 
2202.802338 0.102154 
2203.766788 0.102129 
2204.731237 0.102147 
2205.695686 0.102203 
2206.660136 0.102222 
2207.624585 0.102210 
2208.589034 0.102241 
2209.553484 0.102249 
2210.517933 0.102254 
2211.482382 0.102245 
2212.446832 0.102241 
2213.411281 0.102308 
2214.375731 0.102394 
2215.340180 0.102380 
2216.304629 0.102331 
2217.269079 0.102302 
2218.233528 0.102342 
2219.197977 0.102364 
2220.162427 0.102321 
2221.126876 0.102298 
2222.091325 0.102339 
2223.055775 0.102375 
2224.020224 0.102401 
2224.984674 0.102421 
2225.949123 0.102453 
2226.913572 0.102482 
2227.878022 0.102529 
2228.842471 0.102540 
2229.806920 0.102591 
2230.771370 0.102647 
2231.735819 0.102663 
2232.700268 0.102666 
2233.664718 0.102724 
2234.629167 0.102744 
2235.593616 0.102755 
2236.558066 0.102790 
2237.522515 0.102833 
2238.486965 0.102868 
2239.451414 0.102930 
2240.415863 0.102967 
2241.380313 0.103007 
2242.344762 0.103048 
2243.309211 0.103131 
2244.273661 0.103209 
2245.238110 0.103253 
2246.202559 0.103270 
2247.167009 0.103360 
2248.131458 0.103460 
2249.095908 0.103563 
2250.060357 0.103617 
2251.024806 0.103668 
2251.989256 0.103748 
2252.953705 0.103817 
2253.918154 0.103845 
2254.882604 0.103947 
2255.847053 0.104059 
2256.811502 0.104151 
2257.775952 0.104195 
2258.740401 0.104274 
2259.704850 0.104368 
2260.669300 0.104428 
2261.633749 0.104520 
2262.598199 0.104691 
2263.562648 0.104812 
2264.527097 0.104903 
2265.491547 0.104967 
2266.455996 0.105052 
2267.420445 0.105096 
2268.384895 0.105214 
2269.349344 0.105315 
2270.313793 0.105432 
2271.278243 0.105558 
2272.242692 0.105696 
2273.207142 0.105782 
2274.171591 0.105906 
2275.136040 0.106012 
2276.100490 0.106129 
2277.064939 0.106221 
2278.029388 0.106332 
2278.993838 0.106405 
2279.958287 0.106509 
2280.922736 0.106573 
2281.887186 0.106682 
2282.851635 0.106768 
2283.816084 0.106878 
2284.780534 0.106917 
2285.744983 0.107006 
2286.709433 0.107011 
2287.673882 0.107024 
2288.638331 0.107036 
2289.602781 0.107065 
2290.567230 0.107058 
2291.531679 0.107161 
2292.496129 0.107068 
2293.460578 0.107084 
2294.425027 0.106988 
2295.389477 0.107029 
2296.353926 0.106956 
2297.318376 0.106922 
2298.282825 0.106843 
2299.247274 0.106743 
2300.211724 0.106709 
2301.176173 0.106600 
2302.140622 0.106601 
2303.105072 0.106526 
2304.069521 0.106470 
2305.033970 0.106579 
2305.998420 0.106368 
2306.962869 0.106417 
2307.927318 0.106082 
2308.891768 0.106217 
2309.856217 0.105783 
2310.820667 0.106051 
2311.785116 0.105663 
2312.749565 0.105885 
2313.714015 0.105513 
2314.678464 0.105748 
2315.642913 0.105558 
2316.607363 0.105615 
2317.571812 0.105394 
2318.536261 0.105445 
2319.500711 0.105250 
2320.465160 0.105085 
2321.429610 0.105037 
2322.394059 0.104986 
2323.358508 0.104998 
2324.322958 0.104769 
2325.287407 0.104799 
2326.251856 0.104809 
2327.216306 0.104842 
2328.180755 0.104691 
2329.145204 0.104744 
2330.109654 0.104638 
2331.074103 0.104742 
2332.038552 0.104678 
2333.003002 0.104882 
2333.967451 0.104880 
2334.931901 0.105035 
2335.896350 0.104943 
2336.860799 0.104878 
2337.825249 0.104767 
2338.789698 0.104869 
2339.754147 0.104691 
2340.718597 0.104610 
2341.683046 0.104529 
2342.647495 0.104544 
2343.611945 0.104267 
2344.576394 0.104201 
2345.540844 0.104279 
2346.505293 0.104457 
2347.469742 0.104630 
2348.434192 0.104726 
2349.398641 0.104824 
2350.363090 0.104756 
2351.327540 0.104560 
2352.291989 0.104399 
2353.256438 0.104230 
2354.220888 0.104256 
2355.185337 0.104243 
2356.149786 0.104058 
2357.114236 0.103828 
2358.078685 0.103984 
2359.043135 0.103886 
2360.007584 0.103786 
2360.972033 0.103655 
2361.936483 0.103939 
2362.900932 0.104026 
2363.865381 0.104094 
2364.829831 0.103914 
2365.794280 0.104154 
2366.758729 0.104220 
2367.723179 0.104262 
2368.687628 0.104225 
2369.652078 0.104492 
2370.616527 0.104428 
2371.580976 0.104474 
2372.545426 0.104440 
2373.509875 0.104615 
2374.474324 0.104745 
2375.438774 0.104865 
2376.403223 0.104933 
2377.367672 0.105041 
2378.332122 0.105066 
2379.296571 0.105235 
2380.261020 0.105341 
2381.225470 0.105481 
2382.189919 0.105522 
2383.154369 0.105661 
2384.118818 0.105730 
2385.083267 0.105810 
2386.047717 0.105848 
2387.012166 0.105918 
2387.976615 0.105913 
2388.941065 0.105948 
2389.905514 0.105986 
2390.869963 0.106066 
2391.834413 0.106068 
2392.798862 0.106067 
2393.763312 0.106017 
2394.727761 0.106017 
2395.692210 0.106033 
2396.656660 0.106073 
2397.621109 0.106042 
2398.585558 0.106010 
2399.550008 0.105959 
2400.514457 0.105968 
2401.478906 0.105948 
2402.443356 0.105956 
2403.407805 0.105968 
2404.372254 0.105991 
2405.336704 0.105920 
2406.301153 0.105893 
2407.265603 0.105879 
2408.230052 0.105956 
2409.194501 0.105968 
2410.158951 0.105936 
2411.123400 0.105916 
2412.087849 0.105961 
2413.052299 0.106007 
2414.016748 0.106028 
2414.981197 0.105956 
2415.945647 0.105966 
2416.910096 0.105982 
2417.874546 0.106024 
2418.838995 0.106002 
2419.803444 0.105988 
2420.767894 0.106015 
2421.732343 0.106094 
2422.696792 0.106025 
2423.661242 0.105992 
2424.625691 0.106011 
2425.590140 0.106086 
2426.554590 0.106087 
2427.519039 0.106076 
2428.483488 0.106071 
2429.447938 0.106128 
2430.412387 0.106157 
2431.376837 0.106145 
2432.341286 0.106138 
2433.305735 0.106179 
2434.270185 0.106195 
2435.234634 0.106211 
2436.199083 0.106201 
2437.163533 0.106231 
2438.127982 0.106208 
2439.092431 0.106187 
2440.056881 0.106167 
2441.021330 0.106212 
2441.985780 0.106211 
2442.950229 0.106221 
2443.914678 0.106209 
2444.879128 0.106182 
2445.843577 0.106165 
2446.808026 0.106211 
2447.772476 0.106265 
2448.736925 0.106270 
2449.701374 0.106280 
2450.665824 0.106352 
2451.630273 0.106349 
2452.594722 0.106352 
2453.559172 0.106358 
2454.523621 0.106413 
2455.488071 0.106404 
2456.452520 0.106391 
2457.416969 0.106376 
2458.381419 0.106476 
2459.345868 0.106509 
2460.310317 0.106524 
2461.274767 0.106518 
2462.239216 0.106501 
2463.203665 0.106538 
2464.168115 0.106615 
2465.132564 0.106617 
2466.097014 0.106662 
2467.061463 0.106701 
2468.025912 0.106686 
2468.990362 0.106698 
2469.954811 0.106755 
2470.919260 0.106743 
2471.883710 0.106800 
2472.848159 0.106801 
2473.812608 0.106785 
2474.777058 0.106778 
2475.741507 0.106807 
2476.705956 0.106861 
2477.670406 0.106926 
2478.634855 0.106969 
2479.599305 0.107010 
2480.563754 0.107002 
2481.528203 0.106956 
2482.492653 0.106964 
2483.457102 0.107048 
2484.421551 0.107086 
2485.386001 0.107139 
2486.350450 0.107171 
2487.314899 0.107198 
2488.279349 0.107172 
2489.243798 0.107187 
2490.208248 0.107195 
2491.172697 0.107237 
2492.137146 0.107259 
2493.101596 0.107279 
2494.066045 0.107329 
2495.030494 0.107360 
2495.994944 0.107384 
2496.959393 0.107440 
2497.923842 0.107411 
2498.888292 0.107382 
2499.852741 0.107402 
2500.817190 0.107452 
2501.781640 0.107492 
2502.746089 0.107511 
2503.710539 0.107471 
2504.674988 0.107485 
2505.639437 0.107508 
2506.603887 0.107513 
2507.568336 0.107513 
2508.532785 0.107567 
2509.497235 0.107581 
2510.461684 0.107595 
2511.426133 0.107556 
2512.390583 0.107535 
2513.355032 0.107552 
2514.319482 0.107565 
2515.283931 0.107559 
2516.248380 0.107562 
2517.212830 0.107582 
2518.177279 0.107605 
2519.141728 0.107589 
2520.106178 0.107597 
2521.070627 0.107639 
2522.035076 0.107671 
2522.999526 0.107650 
2523.963975 0.107620 
2524.928424 0.107568 
2525.892874 0.107647 
2526.857323 0.107703 
2527.821773 0.107708 
2528.786222 0.107688 
2529.750671 0.107706 
2530.715121 0.107704 
2531.679570 0.107717 
2532.644019 0.107709 
2533.608469 0.107707 
2534.572918 0.107690 
2535.537367 0.107689 
2536.501817 0.107697 
2537.466266 0.107720 
2538.430716 0.107744 
2539.395165 0.107784 
2540.359614 0.107748 
2541.324064 0.107755 
2542.288513 0.107723 
2543.252962 0.107735 
2544.217412 0.107770 
2545.181861 0.107803 
2546.146310 0.107783 
2547.110760 0.107750 
2548.075209 0.107750 
2549.039658 0.107780 
2550.004108 0.107772 
2550.968557 0.107805 
2551.933007 0.107817 
2552.897456 0.107829 
2553.861905 0.107826 
2554.826355 0.107863 
2555.790804 0.107874 
2556.755253 0.107873 
2557.719703 0.107884 
2558.684152 0.107918 
2559.648601 0.107943 
2560.613051 0.107976 
2561.577500 0.107972 
2562.541950 0.108013 
2563.506399 0.108072 
2564.470848 0.108110 
2565.435298 0.108133 
2566.399747 0.108161 
2567.364196 0.108152 
2568.328646 0.108190 
2569.293095 0.108220 
2570.257544 0.108256 
2571.221994 0.108315 
2572.186443 0.108333 
2573.150892 0.108338 
2574.115342 0.108370 
2575.079791 0.108392 
2576.044241 0.108407 
2577.008690 0.108408 
2577.973139 0.108469 
2578.937589 0.108558 
2579.902038 0.108590 
2580.866487 0.108579 
2581.830937 0.108571 
2582.795386 0.108638 
2583.759835 0.108703 
2584.724285 0.108701 
2585.688734 0.108777 
2586.653184 0.108834 
2587.617633 0.108893 
2588.582082 0.108896 
2589.546532 0.108900 
2590.510981 0.108939 
2591.475430 0.108969 
2592.439880 0.108982 
2593.404329 0.108984 
2594.368778 0.108962 
2595.333228 0.109041 
2596.297677 0.109030 
2597.262126 0.109078 
2598.226576 0.109172 
2599.191025 0.109195 
2600.155475 0.109192 
2601.119924 0.109250 
2602.084373 0.109309 
2603.048823 0.109326 
2604.013272 0.109295 
2604.977721 0.109286 
2605.942171 0.109313 
2606.906620 0.109387 
2607.871069 0.109423 
2608.835519 0.109426 
2609.799968 0.109388 
2610.764418 0.109415 
2611.728867 0.109456 
2612.693316 0.109483 
2613.657766 0.109471 
2614.622215 0.109489 
2615.586664 0.109530 
2616.551114 0.109541 
2617.515563 0.109519 
2618.480012 0.109554 
2619.444462 0.109556 
2620.408911 0.109558 
2621.373360 0.109580 
2622.337810 0.109611 
2623.302259 0.109611 
2624.266709 0.109647 
2625.231158 0.109657 
2626.195607 0.109659 
2627.160057 0.109638 
2628.124506 0.109636 
2629.088955 0.109632 
2630.053405 0.109631 
2631.017854 0.109647 
2631.982303 0.109700 
2632.946753 0.109663 
2633.911202 0.109626 
2634.875652 0.109600 
2635.840101 0.109612 
2636.804550 0.109620 
2637.769000 0.109571 
2638.733449 0.109566 
2639.697898 0.109633 
2640.662348 0.109641 
2641.626797 0.109629 
2642.591246 0.109623 
2643.555696 0.109607 
2644.520145 0.109619 
2645.484594 0.109637 
2646.449044 0.109620 
2647.413493 0.109637 
2648.377943 0.109633 
2649.342392 0.109628 
2650.306841 0.109653 
2651.271291 0.109697 
2652.235740 0.109688 
2653.200189 0.109714 
2654.164639 0.109721 
2655.129088 0.109700 
2656.093537 0.109672 
2657.057987 0.109694 
2658.022436 0.109668 
2658.986886 0.109694 
2659.951335 0.109720 
2660.915784 0.109738 
2661.880234 0.109750 
2662.844683 0.109796 
2663.809132 0.109861 
2664.773582 0.109847 
2665.738031 0.109812 
2666.702480 0.109809 
2667.666930 0.109826 
2668.631379 0.109912 
2669.595828 0.109946 
2670.560278 0.109941 
2671.524727 0.109953 
2672.489177 0.110017 
2673.453626 0.109990 
2674.418075 0.109970 
2675.382525 0.110027 
2676.346974 0.110089 
2677.311423 0.110145 
2678.275873 0.110147 
2679.240322 0.110147 
2680.204771 0.110223 
2681.169221 0.110220 
2682.133670 0.110261 
2683.098120 0.110274 
2684.062569 0.110265 
2685.027018 0.110287 
2685.991468 0.110370 
2686.955917 0.110425 
2687.920366 0.110503 
2688.884816 0.110507 
2689.849265 0.110507 
2690.813714 0.110554 
2691.778164 0.110619 
2692.742613 0.110626 
2693.707062 0.110673 
2694.671512 0.110755 
2695.635961 0.110810 
2696.600411 0.110856 
2697.564860 0.110877 
2698.529309 0.110858 
2699.493759 0.110857 
2700.458208 0.110858 
2701.422657 0.110947 
2702.387107 0.111031 
2703.351556 0.111075 
2704.316005 0.111135 
2705.280455 0.111133 
2706.244904 0.111086 
2707.209354 0.111162 
2708.173803 0.111237 
2709.138252 0.111329 
2710.102702 0.111314 
2711.067151 0.111316 
2712.031600 0.111357 
2712.996050 0.111407 
2713.960499 0.111395 
2714.924948 0.111351 
2715.889398 0.111414 
2716.853847 0.111515 
2717.818296 0.111488 
2718.782746 0.111495 
2719.747195 0.111492 
2720.711645 0.111541 
2721.676094 0.111566 
2722.640543 0.111590 
2723.604993 0.111681 
2724.569442 0.111745 
2725.533891 0.111731 
2726.498341 0.111695 
2727.462790 0.111699 
2728.427239 0.111762 
2729.391689 0.111746 
2730.356138 0.111775 
2731.320588 0.111835 
2732.285037 0.111910 
2733.249486 0.111894 
2734.213936 0.111886 
2735.178385 0.111909 
2736.142834 0.111933 
2737.107284 0.111896 
2738.071733 0.111905 
2739.036182 0.111939 
2740.000632 0.111976 
2740.965081 0.111978 
2741.929530 0.111980 
2742.893980 0.111956 
2743.858429 0.111960 
2744.822879 0.111954 
2745.787328 0.111981 
2746.751777 0.112041 
2747.716227 0.112022 
2748.680676 0.112079 
2749.645125 0.112105 
2750.609575 0.112024 
2751.574024 0.112067 
2752.538473 0.112094 
2753.502923 0.112076 
2754.467372 0.112100 
2755.431822 0.112121 
2756.396271 0.112138 
2757.360720 0.112165 
2758.325170 0.112181 
2759.289619 0.112206 
2760.254068 0.112180 
2761.218518 0.112215 
2762.182967 0.112210 
2763.147416 0.112227 
2764.111866 0.112263 
2765.076315 0.112294 
2766.040764 0.112350 
2767.005214 0.112433 
2767.969663 0.112407 
2768.934113 0.112351 
2769.898562 0.112382 
2770.863011 0.112448 
2771.827461 0.112440 
2772.791910 0.112469 
2773.756359 0.112500 
2774.720809 0.112459 
2775.685258 0.112399 
2776.649707 0.112486 
2777.614157 0.112571 
2778.578606 0.112635 
2779.543056 0.112668 
2780.507505 0.112744 
2781.471954 0.112765 
2782.436404 0.112730 
2783.400853 0.112674 
2784.365302 0.112723 
2785.329752 0.112787 
2786.294201 0.112831 
2787.258650 0.112880 
2788.223100 0.112977 
2789.187549 0.112986 
2790.151998 0.112985 
2791.116448 0.113087 
2792.080897 0.113180 
2793.045347 0.113183 
2794.009796 0.113219 
2794.974245 0.113246 
2795.938695 0.113236 
2796.903144 0.113256 
2797.867593 0.113331 
2798.832043 0.113372 
2799.796492 0.113391 
2800.760941 0.113409 
2801.725391 0.113477 
2802.689840 0.113492 
2803.654290 0.113488 
2804.618739 0.113501 
2805.583188 0.113583 
2806.547638 0.113657 
2807.512087 0.113737 
2808.476536 0.113809 
2809.440986 0.113790 
2810.405435 0.113762 
2811.369884 0.113848 
2812.334334 0.113891 
2813.298783 0.113962 
2814.263232 0.113996 
2815.227682 0.114065 
2816.192131 0.114152 
2817.156581 0.114186 
2818.121030 0.114226 
2819.085479 0.114293 
2820.049929 0.114303 
2821.014378 0.114337 
2821.978827 0.114427 
2822.943277 0.114540 
2823.907726 0.114531 
2824.872175 0.114501 
2825.836625 0.114574 
2826.801074 0.114726 
2827.765524 0.114753 
2828.729973 0.114738 
2829.694422 0.114738 
2830.658872 0.114871 
2831.623321 0.114980 
2832.587770 0.115013 
2833.552220 0.115067 
2834.516669 0.115171 
2835.481118 0.115256 
2836.445568 0.115400 
2837.410017 0.115500 
2838.374466 0.115563 
2839.338916 0.115653 
2840.303365 0.115800 
2841.267815 0.115929 
2842.232264 0.116099 
2843.196713 0.116295 
2844.161163 0.116541 
2845.125612 0.116845 
2846.090061 0.117236 
2847.054511 0.117601 
2848.018960 0.117960 
2848.983409 0.118265 
2849.947859 0.118428 
2850.912308 0.118394 
2851.876758 0.118298 
2852.841207 0.118216 
2853.805656 0.118099 
2854.770106 0.117933 
2855.734555 0.117826 
2856.699004 0.117723 
2857.663454 0.117609 
2858.627903 0.117537 
2859.592352 0.117443 
2860.556802 0.117267 
2861.521251 0.117202 
2862.485700 0.117161 
2863.450150 0.117163 
2864.414599 0.117117 
2865.379049 0.117098 
2866.343498 0.117089 
2867.307947 0.117097 
2868.272397 0.117043 
2869.236846 0.117037 
2870.201295 0.117075 
2871.165745 0.117130 
2872.130194 0.117160 
2873.094643 0.117180 
2874.059093 0.117149 
2875.023542 0.117174 
2875.987992 0.117153 
2876.952441 0.117142 
2877.916890 0.117162 
2878.881340 0.117179 
2879.845789 0.117197 
2880.810238 0.117243 
2881.774688 0.117292 
2882.739137 0.117334 
2883.703586 0.117307 
2884.668036 0.117351 
2885.632485 0.117427 
2886.596934 0.117494 
2887.561384 0.117601 
2888.525833 0.117722 
2889.490283 0.117799 
2890.454732 0.117870 
2891.419181 0.117958 
2892.383631 0.118023 
2893.348080 0.118112 
2894.312529 0.118159 
2895.276979 0.118182 
2896.241428 0.118235 
2897.205877 0.118302 
2898.170327 0.118470 
2899.134776 0.118635 
2900.099226 0.118720 
2901.063675 0.118681 
2902.028124 0.118757 
2902.992574 0.118929 
2903.957023 0.119021 
2904.921472 0.119039 
2905.885922 0.119151 
2906.850371 0.119265 
2907.814820 0.119436 
2908.779270 0.119571 
2909.743719 0.119774 
2910.708168 0.119976 
2911.672618 0.120286 
2912.637067 0.120589 
2913.601517 0.120897 
2914.565966 0.121233 
2915.530415 0.121632 
2916.494865 0.121796 
2917.459314 0.121836 
2918.423763 0.121860 
2919.388213 0.121892 
2920.352662 0.121885 
2921.317111 0.121856 
2922.281561 0.121717 
2923.246010 0.121616 
2924.210460 0.121558 
2925.174909 0.121507 
2926.139358 0.121427 
2927.103808 0.121324 
2928.068257 0.121150 
2929.032706 0.121015 
2929.997156 0.120826 
2930.961605 0.120702 
2931.926054 0.120633 
2932.890504 0.120545 
2933.854953 0.120385 
2934.819402 0.120259 
2935.783852 0.120032 
2936.748301 0.119823 
2937.712751 0.119683 
2938.677200 0.119643 
2939.641649 0.119575 
2940.606099 0.119514 
2941.570548 0.119470 
2942.534997 0.119387 
2943.499447 0.119293 
2944.463896 0.119262 
2945.428345 0.119197 
2946.392795 0.119009 
2947.357244 0.118900 
2948.321694 0.118989 
2949.286143 0.119054 
2950.250592 0.119115 
2951.215042 0.119095 
2952.179491 0.119069 
2953.143940 0.119082 
2954.108390 0.119223 
2955.072839 0.119326 
2956.037288 0.119343 
2957.001738 0.119391 
2957.966187 0.119438 
2958.930636 0.119434 
2959.895086 0.119468 
2960.859535 0.119468 
2961.823985 0.119495 
2962.788434 0.119466 
2963.752883 0.119432 
2964.717333 0.119361 
2965.681782 0.119346 
2966.646231 0.119283 
2967.610681 0.119179 
2968.575130 0.119083 
2969.539579 0.118956 
2970.504029 0.118853 
2971.468478 0.118772 
2972.432928 0.118686 
2973.397377 0.118651 
2974.361826 0.118524 
2975.326276 0.118427 
2976.290725 0.118396 
2977.255174 0.118436 
2978.219624 0.118418 
2979.184073 0.118384 
2980.148522 0.118354 
2981.112972 0.118317 
2982.077421 0.118237 
2983.041870 0.118281 
2984.006320 0.118279 
2984.970769 0.118283 
2985.935219 0.118348 
2986.899668 0.118412 
2987.864117 0.118408 
2988.828567 0.118430 
2989.793016 0.118490 
2990.757465 0.118537 
2991.721915 0.118590 
2992.686364 0.118585 
2993.650813 0.118555 
2994.615263 0.118643 
2995.579712 0.118726 
2996.544162 0.118782 
2997.508611 0.118738 
2998.473060 0.118702 
2999.437510 0.118721 
3000.401959 0.118811 
3001.366408 0.118848 
3002.330858 0.118882 
3003.295307 0.118940 
3004.259756 0.118993 
3005.224206 0.118990 
3006.188655 0.119007 
3007.153104 0.119086 
3008.117554 0.119197 
3009.082003 0.119269 
3010.046453 0.119321 
3011.010902 0.119275 
3011.975351 0.119334 
3012.939801 0.119383 
3013.904250 0.119424 
3014.868699 0.119454 
3015.833149 0.119494 
3016.797598 0.119495 
3017.762047 0.119553 
3018.726497 0.119639 
3019.690946 0.119761 
3020.655396 0.119811 
3021.619845 0.119854 
3022.584294 0.119961 
3023.548744 0.120025 
3024.513193 0.119969 
3025.477642 0.119954 
3026.442092 0.119935 
3027.406541 0.120027 
3028.370990 0.120162 
3029.335440 0.120218 
3030.299889 0.120149 
3031.264338 0.120206 
3032.228788 0.120225 
3033.193237 0.120244 
3034.157687 0.120346 
3035.122136 0.120336 
3036.086585 0.120338 
3037.051035 0.120499 
3038.015484 0.120605 
3038.979933 0.120666 
3039.944383 0.120725 
3040.908832 0.120756 
3041.873281 0.120788 
3042.837731 0.120802 
3043.802180 0.120836 
3044.766630 0.120894 
3045.731079 0.120862 
3046.695528 0.120871 
3047.659978 0.120903 
3048.624427 0.121024 
3049.588876 0.121082 
3050.553326 0.121132 
3051.517775 0.121180 
3052.482224 0.121236 
3053.446674 0.121352 
3054.411123 0.121326 
3055.375572 0.121304 
3056.340022 0.121433 
3057.304471 0.121466 
3058.268921 0.121488 
3059.233370 0.121519 
3060.197819 0.121672 
3061.162269 0.121852 
3062.126718 0.121926 
3063.091167 0.121865 
3064.055617 0.121919 
3065.020066 0.122009 
3065.984515 0.122157 
3066.948965 0.122238 
3067.913414 0.122225 
3068.877864 0.122283 
3069.842313 0.122396 
3070.806762 0.122428 
3071.771212 0.122467 
3072.735661 0.122623 
3073.700110 0.122763 
3074.664560 0.122805 
3075.629009 0.122934 
3076.593458 0.123049 
3077.557908 0.123132 
3078.522357 0.123162 
3079.486806 0.123339 
3080.451256 0.123448 
3081.415705 0.123480 
3082.380155 0.123573 
3083.344604 0.123797 
3084.309053 0.123924 
3085.273503 0.123949 
3086.237952 0.124012 
3087.202401 0.124030 
3088.166851 0.124048 
3089.131300 0.124236 
3090.095749 0.124285 
3091.060199 0.124246 
3092.024648 0.124243 
3092.989098 0.124376 
3093.953547 0.124406 
3094.917996 0.124357 
3095.882446 0.124449 
3096.846895 0.124578 
3097.811344 0.124730 
3098.775794 0.124890 
3099.740243 0.124900 
3100.704692 0.124923 
3101.669142 0.124949 
3102.633591 0.125081 
3103.598040 0.125197 
3104.562490 0.125346 
3105.526939 0.125470 
3106.491389 0.125541 
3107.455838 0.125645 
3108.420287 0.125739 
3109.384737 0.125754 
3110.349186 0.125828 
3111.313635 0.125884 
3112.278085 0.125983 
3113.242534 0.126192 
3114.206983 0.126340 
3115.171433 0.126364 
3116.135882 0.126485 
3117.100332 0.126559 
3118.064781 0.126690 
3119.029230 0.126752 
3119.993680 0.126761 
3120.958129 0.126793 
3121.922578 0.126905 
3122.887028 0.126907 
3123.851477 0.126907 
3124.815926 0.127021 
3125.780376 0.127140 
3126.744825 0.127235 
3127.709274 0.127371 
3128.673724 0.127465 
3129.638173 0.127406 
3130.602623 0.127457 
3131.567072 0.127633 
3132.531521 0.127668 
3133.495971 0.127593 
3134.460420 0.127653 
3135.424869 0.127832 
3136.389319 0.127981 
3137.353768 0.128143 
3138.318217 0.128207 
3139.282667 0.128245 
3140.247116 0.128203 
3141.211566 0.128272 
3142.176015 0.128414 
3143.140464 0.128541 
3144.104914 0.128630 
3145.069363 0.128671 
3146.033812 0.128615 
3146.998262 0.128714 
3147.962711 0.128849 
3148.927160 0.128975 
3149.891610 0.129095 
3150.856059 0.129195 
3151.820508 0.129234 
3152.784958 0.129263 
3153.749407 0.129267 
3154.713857 0.129369 
3155.678306 0.129365 
3156.642755 0.129397 
3157.607205 0.129533 
3158.571654 0.129624 
3159.536103 0.129709 
3160.500553 0.129817 
3161.465002 0.129899 
3162.429451 0.130017 
3163.393901 0.130072 
3164.358350 0.130191 
3165.322800 0.130184 
3166.287249 0.130171 
3167.251698 0.130255 
3168.216148 0.130365 
3169.180597 0.130413 
3170.145046 0.130463 
3171.109496 0.130532 
3172.073945 0.130650 
3173.038394 0.130719 
3174.002844 0.130796 
3174.967293 0.130958 
3175.931742 0.131099 
3176.896192 0.131111 
3177.860641 0.131218 
3178.825091 0.131256 
3179.789540 0.131362 
3180.753989 0.131506 
3181.718439 0.131686 
3182.682888 0.131795 
3183.647337 0.131835 
3184.611787 0.131896 
3185.576236 0.131997 
3186.540685 0.132102 
3187.505135 0.132204 
3188.469584 0.132221 
3189.434034 0.132283 
3190.398483 0.132416 
3191.362932 0.132624 
3192.327382 0.132651 
3193.291831 0.132681 
3194.256280 0.132812 
3195.220730 0.133005 
3196.185179 0.133123 
3197.149628 0.133213 
3198.114078 0.133283 
3199.078527 0.133407 
3200.042976 0.133508 
3201.007426 0.133573 
3201.971875 0.133663 
3202.936325 0.133822 
3203.900774 0.133985 
3204.865223 0.134108 
3205.829673 0.134203 
3206.794122 0.134227 
3207.758571 0.134314 
3208.723021 0.134473 
3209.687470 0.134502 
3210.651919 0.134574 
3211.616369 0.134735 
3212.580818 0.134817 
3213.545268 0.134923 
3214.509717 0.134982 
3215.474166 0.135088 
3216.438616 0.135273 
3217.403065 0.135334 
3218.367514 0.135399 
3219.331964 0.135455 
3220.296413 0.135490 
3221.260862 0.135500 
3222.225312 0.135637 
3223.189761 0.135801 
3224.154210 0.135940 
3225.118660 0.136010 
3226.083109 0.136059 
3227.047559 0.136128 
3228.012008 0.136211 
3228.976457 0.136304 
3229.940907 0.136443 
3230.905356 0.136469 
3231.869805 0.136525 
3232.834255 0.136546 
3233.798704 0.136544 
3234.763153 0.136610 
3235.727603 0.136815 
3236.692052 0.136928 
3237.656502 0.136968 
3238.620951 0.137057 
3239.585400 0.137122 
3240.549850 0.137155 
3241.514299 0.137264 
3242.478748 0.137377 
3243.443198 0.137455 
3244.407647 0.137577 
3245.372096 0.137586 
3246.336546 0.137555 
3247.300995 0.137624 
3248.265444 0.137583 
3249.229894 0.137709 
3250.194343 0.137849 
3251.158793 0.137951 
3252.123242 0.137989 
3253.087691 0.138071 
3254.052141 0.138114 
3255.016590 0.138105 
3255.981039 0.138156 
3256.945489 0.138198 
3257.909938 0.138217 
3258.874387 0.138392 
3259.838837 0.138487 
3260.803286 0.138536 
3261.767736 0.138547 
3262.732185 0.138599 
3263.696634 0.138600 
3264.661084 0.138641 
3265.625533 0.138707 
3266.589982 0.138858 
3267.554432 0.138914 
3268.518881 0.139003 
3269.483330 0.139025 
3270.447780 0.139017 
3271.412229 0.139007 
3272.376678 0.139089 
3273.341128 0.139214 
3274.305577 0.139172 
3275.270027 0.139137 
3276.234476 0.139254 
3277.198925 0.139358 
3278.163375 0.139458 
3279.127824 0.139528 
3280.092273 0.139608 
3281.056723 0.139720 
3282.021172 0.139827 
3282.985621 0.139888 
3283.950071 0.139975 
3284.914520 0.140059 
3285.878970 0.140116 
3286.843419 0.140142 
3287.807868 0.140204 
3288.772318 0.140279 
3289.736767 0.140366 
3290.701216 0.140438 
3291.665666 0.140429 
3292.630115 0.140473 
3293.594564 0.140638 
3294.559014 0.140680 
3295.523463 0.140763 
3296.487912 0.140783 
3297.452362 0.140852 
3298.416811 0.140922 
3299.381261 0.141055 
3300.345710 0.141238 
3301.310159 0.141398 
3302.274609 0.141505 
3303.239058 0.141594 
3304.203507 0.141607 
3305.167957 0.141704 
3306.132406 0.141782 
3307.096855 0.141845 
3308.061305 0.141955 
3309.025754 0.142046 
3309.990204 0.142111 
3310.954653 0.142281 
3311.919102 0.142353 
3312.883552 0.142469 
3313.848001 0.142530 
3314.812450 0.142699 
3315.776900 0.142846 
3316.741349 0.142981 
3317.705798 0.143061 
3318.670248 0.143170 
3319.634697 0.143308 
3320.599146 0.143411 
3321.563596 0.143497 
3322.528045 0.143651 
3323.492495 0.143774 
3324.456944 0.143958 
3325.421393 0.144005 
3326.385843 0.144048 
3327.350292 0.144156 
3328.314741 0.144350 
3329.279191 0.144474 
3330.243640 0.144590 
3331.208089 0.144740 
3332.172539 0.144871 
3333.136988 0.144889 
3334.101438 0.144983 
3335.065887 0.145087 
3336.030336 0.145249 
3336.994786 0.145299 
3337.959235 0.145289 
3338.923684 0.145328 
3339.888134 0.145549 
3340.852583 0.145850 
3341.817032 0.146013 
3342.781482 0.146100 
3343.745931 0.146185 
3344.710380 0.146260 
3345.674830 0.146354 
3346.639279 0.146478 
3347.603729 0.146641 
3348.568178 0.146739 
3349.532627 0.146747 
3350.497077 0.146672 
3351.461526 0.146665 
3352.425975 0.146847 
3353.390425 0.147129 
3354.354874 0.147159 
3355.319323 0.147148 
3356.283773 0.147138 
3357.248222 0.147308 
3358.212672 0.147484 
3359.177121 0.147589 
3360.141570 0.147553 
3361.106020 0.147654 
3362.070469 0.147761 
3363.034918 0.147843 
3363.999368 0.147932 
3364.963817 0.148042 
3365.928266 0.148022 
3366.892716 0.148024 
3367.857165 0.148199 
3368.821614 0.148279 
3369.786064 0.148244 
3370.750513 0.148322 
3371.714963 0.148418 
3372.679412 0.148533 
3373.643861 0.148687 
3374.608311 0.148833 
3375.572760 0.148869 
3376.537209 0.148849 
3377.501659 0.148854 
3378.466108 0.148974 
3379.430557 0.149038 
3380.395007 0.149071 
3381.359456 0.149178 
3382.323906 0.149316 
3383.288355 0.149296 
3384.252804 0.149323 
3385.217254 0.149361 
3386.181703 0.149471 
3387.146152 0.149630 
3388.110602 0.149764 
3389.075051 0.149743 
3390.039500 0.149772 
3391.003950 0.149745 
3391.968399 0.149732 
3392.932848 0.149753 
3393.897298 0.149867 
3394.861747 0.150000 
3395.826197 0.150030 
3396.790646 0.150175 
3397.755095 0.150116 
3398.719545 0.150104 
3399.683994 0.150283 
3400.648443 0.150359 
3401.612893 0.150312 
3402.577342 0.150313 
3403.541791 0.150445 
3404.506241 0.150469 
3405.470690 0.150581 
3406.435140 0.150759 
3407.399589 0.150858 
3408.364038 0.150802 
3409.328488 0.150756 
3410.292937 0.150817 
3411.257386 0.150919 
3412.221836 0.150914 
3413.186285 0.150882 
3414.150734 0.150875 
3415.115184 0.150953 
3416.079633 0.151087 
3417.044082 0.151260 
3418.008532 0.151291 
3418.972981 0.151200 
3419.937431 0.151159 
3420.901880 0.150972 
3421.866329 0.150987 
3422.830779 0.151208 
3423.795228 0.151303 
3424.759677 0.151376 
3425.724127 0.151420 
3426.688576 0.151479 
3427.653025 0.151477 
3428.617475 0.151464 
3429.581924 0.151492 
3430.546374 0.151546 
3431.510823 0.151498 
3432.475272 0.151513 
3433.439722 0.151615 
3434.404171 0.151699 
3435.368620 0.151732 
3436.333070 0.151692 
3437.297519 0.151580 
3438.261968 0.151578 
3439.226418 0.151648 
3440.190867 0.151726 
3441.155316 0.151634 
3442.119766 0.151642 
3443.084215 0.151438 
3444.048665 0.151436 
3445.013114 0.151535 
3445.977563 0.151470 
3446.942013 0.151503 
3447.906462 0.151071 
3448.870911 0.151147 
3449.835361 0.151382 
3450.799810 0.151521 
3451.764259 0.151435 
3452.728709 0.151182 
3453.693158 0.151132 
3454.657608 0.151210 
3455.622057 0.151215 
3456.586506 0.151063 
3457.550956 0.151049 
3458.515405 0.150980 
3459.479854 0.150744 
3460.444304 0.150581 
3461.408753 0.150534 
3462.373202 0.150558 
3463.337652 0.150482 
3464.302101 0.150483 
3465.266550 0.150529 
3466.231000 0.150435 
3467.195449 0.150222 
3468.159899 0.150174 
3469.124348 0.150201 
3470.088797 0.150097 
3471.053247 0.149981 
3472.017696 0.149897 
3472.982145 0.149862 
3473.946595 0.149795 
3474.911044 0.149719 
3475.875493 0.149477 
3476.839943 0.149475 
3477.804392 0.149453 
3478.768842 0.149290 
3479.733291 0.149027 
3480.697740 0.148797 
3481.662190 0.148799 
3482.626639 0.148711 
3483.591088 0.148482 
3484.555538 0.148615 
3485.519987 0.148492 
3486.484436 0.148206 
3487.448886 0.148126 
3488.413335 0.148058 
3489.377784 0.147795 
3490.342234 0.147884 
3491.306683 0.147766 
3492.271133 0.147665 
3493.235582 0.147574 
3494.200031 0.147490 
3495.164481 0.147302 
3496.128930 0.147154 
3497.093379 0.146832 
3498.057829 0.146709 
3499.022278 0.146739 
3499.986727 0.146723 
3500.951177 0.146617 
3501.915626 0.146293 
3502.880076 0.145852 
3503.844525 0.145512 
3504.808974 0.145674 
3505.773424 0.145907 
3506.737873 0.145883 
3507.702322 0.145667 
3508.666772 0.145597 
3509.631221 0.145304 
3510.595670 0.144872 
3511.560120 0.145165 
3512.524569 0.145088 
3513.489018 0.144960 
3514.453468 0.144818 
3515.417917 0.144835 
3516.382367 0.144727 
3517.346816 0.144699 
3518.311265 0.144565 
3519.275715 0.144361 
3520.240164 0.144107 
3521.204613 0.144043 
3522.169063 0.143876 
3523.133512 0.143439 
3524.097961 0.142759 
3525.062411 0.142896 
3526.026860 0.143048 
3526.991310 0.143195 
3527.955759 0.142762 
3528.920208 0.142806 
3529.884658 0.142676 
3530.849107 0.142754 
3531.813556 0.142687 
3532.778006 0.142826 
3533.742455 0.142754 
3534.706904 0.142653 
3535.671354 0.142588 
3536.635803 0.142122 
3537.600252 0.141678 
3538.564702 0.142036 
3539.529151 0.142000 
3540.493601 0.141982 
3541.458050 0.141715 
3542.422499 0.141505 
3543.386949 0.140999 
3544.351398 0.140789 
3545.315847 0.140169 
3546.280297 0.139875 
3547.244746 0.140239 
3548.209195 0.140058 
3549.173645 0.140340 
3550.138094 0.140349 
3551.102544 0.140281 
3552.066993 0.140210 
3553.031442 0.139543 
3553.995892 0.139738 
3554.960341 0.139807 
3555.924790 0.139961 
3556.889240 0.139918 
3557.853689 0.139656 
3558.818138 0.139404 
3559.782588 0.139529 
3560.747037 0.138850 
3561.711486 0.138597 
3562.675936 0.138687 
3563.640385 0.138536 
3564.604835 0.137882 
3565.569284 0.138247 
3566.533733 0.136994 
3567.498183 0.136651 
3568.462632 0.137101 
3569.427081 0.136357 
3570.391531 0.137382 
3571.355980 0.137486 
3572.320429 0.137467 
3573.284879 0.137490 
3574.249328 0.137430 
3575.213778 0.137036 
3576.178227 0.136974 
3577.142676 0.137025 
3578.107126 0.136645 
3579.071575 0.136675 
3580.036024 0.136500 
3581.000474 0.136144 
3581.964923 0.136125 
3582.929372 0.136250 
3583.893822 0.136029 
3584.858271 0.135387 
3585.822720 0.135589 
3586.787170 0.134983 
3587.751619 0.133524 
3588.716069 0.134670 
3589.680518 0.133868 
3590.644967 0.134454 
3591.609417 0.134662 
3592.573866 0.135016 
3593.538315 0.134178 
3594.502765 0.133780 
3595.467214 0.134207 
3596.431663 0.133209 
3597.396113 0.133565 
3598.360562 0.133886 
3599.325012 0.132989 
3600.289461 0.133220 
3601.253910 0.133103 
3602.218360 0.132778 
3603.182809 0.132942 
3604.147258 0.132908 
3605.111708 0.132676 
3606.076157 0.132714 
3607.040606 0.132551 
3608.005056 0.130965 
3608.969505 0.132289 
3609.933954 0.131169 
3610.898404 0.130590 
3611.862853 0.132127 
3612.827303 0.131488 
3613.791752 0.130092 
3614.756201 0.131000 
3615.720651 0.130186 
3616.685100 0.130796 
3617.649549 0.131571 
3618.613999 0.130318 
3619.578448 0.130870 
3620.542897 0.129590 
3621.507347 0.129542 
3622.471796 0.129952 
3623.436246 0.130295 
3624.400695 0.129874 
3625.365144 0.129890 
3626.329594 0.129240 
3627.294043 0.128727 
3628.258492 0.130039 
3629.222942 0.128751 
3630.187391 0.125780 
3631.151840 0.126386 
3632.116290 0.127402 
3633.080739 0.128389 
3634.045188 0.128299 
3635.009638 0.127291 
3635.974087 0.127702 
3636.938537 0.127915 
3637.902986 0.127962 
3638.867435 0.127513 
3639.831885 0.127421 
3640.796334 0.127437 
3641.760783 0.127275 
3642.725233 0.126742 
3643.689682 0.126293 
3644.654131 0.126372 
3645.618581 0.126298 
3646.583030 0.127318 
3647.547480 0.125388 
3648.511929 0.124070 
3649.476378 0.125253 
3650.440828 0.124198 
3651.405277 0.123704 
3652.369726 0.123149 
3653.334176 0.124548 
3654.298625 0.124799 
3655.263074 0.125366 
3656.227524 0.125862 
3657.191973 0.123508 
3658.156422 0.123626 
3659.120872 0.124523 
3660.085321 0.124434 
3661.049771 0.124084 
3662.014220 0.124080 
3662.978669 0.124143 
3663.943119 0.124126 
3664.907568 0.124055 
3665.872017 0.123873 
3666.836467 0.123515 
3667.800916 0.123781 
3668.765365 0.123623 
3669.729815 0.121793 
3670.694264 0.122909 
3671.658714 0.120559 
3672.623163 0.121135 
3673.587612 0.122502 
3674.552062 0.124404 
3675.516511 0.124004 
3676.480960 0.120337 
3677.445410 0.120206 
3678.409859 0.121687 
3679.374308 0.122690 
3680.338758 0.121856 
3681.303207 0.121813 
3682.267656 0.122260 
3683.232106 0.122298 
3684.196555 0.122469 
3685.161005 0.122078 
3686.125454 0.121905 
3687.089903 0.122219 
3688.054353 0.123880 
3689.018802 0.120217 
3689.983251 0.119025 
3690.947701 0.121131 
3691.912150 0.119904 
3692.876599 0.120278 
3693.841049 0.121394 
3694.805498 0.121571 
3695.769948 0.121726 
3696.734397 0.121773 
3697.698846 0.121695 
3698.663296 0.121810 
3699.627745 0.121530 
3700.592194 0.121620 
3701.556644 0.122513 
3702.521093 0.120801 
3703.485542 0.120807 
3704.449992 0.121751 
3705.414441 0.121839 
3706.378890 0.121710 
3707.343340 0.121500 
3708.307789 0.121985 
3709.272239 0.122575 
3710.236688 0.120295 
3711.201137 0.120888 
3712.165587 0.122382 
3713.130036 0.119238 
3714.094485 0.120079 
3715.058935 0.121133 
3716.023384 0.121083 
3716.987833 0.121178 
3717.952283 0.121255 
3718.916732 0.121442 
3719.881182 0.120359 
3720.845631 0.120508 
3721.810080 0.121745 
3722.774530 0.120281 
3723.738979 0.119374 
3724.703428 0.120729 
3725.667878 0.120541 
3726.632327 0.120610 
3727.596776 0.119750 
3728.561226 0.120096 
3729.525675 0.120649 
3730.490124 0.120548 
3731.454574 0.121498 
3732.419023 0.120911 
3733.383473 0.118177 
3734.347922 0.120833 
3735.312371 0.119623 
3736.276821 0.118419 
3737.241270 0.118721 
3738.205719 0.119346 
3739.170169 0.119368 
3740.134618 0.120043 
3741.099067 0.120821 
3742.063517 0.119474 
3743.027966 0.120279 
3743.992416 0.125157 
3744.956865 0.122543 
3745.921314 0.117217 
3746.885764 0.118907 
3747.850213 0.119663 
3748.814662 0.121873 
3749.779112 0.120914 
3750.743561 0.117611 
3751.708010 0.121348 
3752.672460 0.119737 
3753.636909 0.118121 
3754.601358 0.119111 
3755.565808 0.120139 
3756.530257 0.120692 
3757.494707 0.119283 
3758.459156 0.119699 
3759.423605 0.121217 
3760.388055 0.119568 
3761.352504 0.119583 
3762.316953 0.120492 
3763.281403 0.120441 
3764.245852 0.120235 
3765.210301 0.121105 
3766.174751 0.120339 
3767.139200 0.119491 
3768.103650 0.120140 
3769.068099 0.121262 
3770.032548 0.121368 
3770.996998 0.119119 
3771.961447 0.119828 
3772.925896 0.120340 
3773.890346 0.120509 
3774.854795 0.120451 
3775.819244 0.120531 
3776.783694 0.120583 
3777.748143 0.120315 
3778.712592 0.120577 
3779.677042 0.120448 
3780.641491 0.118924 
3781.605941 0.120019 
3782.570390 0.120509 
3783.534839 0.120677 
3784.499289 0.120752 
3785.463738 0.120058 
3786.428187 0.119972 
3787.392637 0.120222 
3788.357086 0.120370 
3789.321535 0.120756 
3790.285985 0.120689 
3791.250434 0.120614 
3792.214884 0.120444 
3793.179333 0.120438 
3794.143782 0.120254 
3795.108232 0.120327 
3796.072681 0.121020 
3797.037130 0.120028 
3798.001580 0.119385 
3798.966029 0.119715 
3799.930478 0.119948 
3800.894928 0.122148 
3801.859377 0.120412 
3802.823826 0.118485 
3803.788276 0.119181 
3804.752725 0.119898 
3805.717175 0.120743 
3806.681624 0.122631 
3807.646073 0.119958 
3808.610523 0.118964 
3809.574972 0.120205 
3810.539421 0.120518 
3811.503871 0.120523 
3812.468320 0.120492 
3813.432769 0.120555 
3814.397219 0.120544 
3815.361668 0.122435 
3816.326118 0.122073 
3817.290567 0.118672 
3818.255016 0.119759 
3819.219466 0.120369 
3820.183915 0.121460 
3821.148364 0.121571 
3822.112814 0.118239 
3823.077263 0.118712 
3824.041712 0.120377 
3825.006162 0.120567 
3825.970611 0.121148 
3826.935060 0.120992 
3827.899510 0.120053 
3828.863959 0.120549 
3829.828409 0.120703 
3830.792858 0.121423 
3831.757307 0.121701 
3832.721757 0.119581 
3833.686206 0.120506 
3834.650655 0.122349 
3835.615105 0.120190 
3836.579554 0.119583 
3837.544003 0.122955 
3838.508453 0.119844 
3839.472902 0.118950 
3840.437352 0.120502 
3841.401801 0.119672 
3842.366250 0.119571 
3843.330700 0.121542 
3844.295149 0.120561 
3845.259598 0.120149 
3846.224048 0.120918 
3847.188497 0.121067 
3848.152946 0.121163 
3849.117396 0.121395 
3850.081845 0.120475 
3851.046294 0.121109 
3852.010744 0.123020 
3852.975193 0.121140 
3853.939643 0.124540 
3854.904092 0.119483 
3855.868541 0.118769 
3856.832991 0.121087 
3857.797440 0.120584 
3858.761889 0.120255 
3859.726339 0.120680 
3860.690788 0.121160 
3861.655237 0.121960 
3862.619687 0.120282 
3863.584136 0.120190 
3864.548586 0.121631 
3865.513035 0.120113 
3866.477484 0.119498 
3867.441934 0.120717 
3868.406383 0.121678 
3869.370832 0.123371 
3870.335282 0.120627 
3871.299731 0.119083 
3872.264180 0.120027 
3873.228630 0.121729 
3874.193079 0.122291 
3875.157528 0.119757 
3876.121978 0.120490 
3877.086427 0.121357 
3878.050877 0.121152 
3879.015326 0.121425 
3879.979775 0.122984 
3880.944225 0.120358 
3881.908674 0.119041 
3882.873123 0.120830 
3883.837573 0.120682 
3884.802022 0.121206 
3885.766471 0.122700 
3886.730921 0.119683 
3887.695370 0.120290 
3888.659820 0.121396 
3889.624269 0.121340 
3890.588718 0.122377 
3891.553168 0.122376 
3892.517617 0.119783 
3893.482066 0.120775 
3894.446516 0.121213 
3895.410965 0.121094 
3896.375414 0.121084 
3897.339864 0.121075 
3898.304313 0.121508 
3899.268762 0.122104 
3900.233212 0.119409 
3901.197661 0.121336 
3902.162111 0.121644 
3903.126560 0.119806 
3904.091009 0.121603 
3905.055459 0.120125 
3906.019908 0.120447 
3906.984357 0.120571 
3907.948807 0.121114 
3908.913256 0.121649 
3909.877705 0.121812 
3910.842155 0.121832 
3911.806604 0.121723 
3912.771054 0.121461 
3913.735503 0.121488 
3914.699952 0.121534 
3915.664402 0.121809 
3916.628851 0.122318 
3917.593300 0.121051 
3918.557750 0.120446 
3919.522199 0.122092 
3920.486648 0.121937 
3921.451098 0.121289 
3922.415547 0.121721 
3923.379996 0.121640 
3924.344446 0.121672 
3925.308895 0.121331 
3926.273345 0.121026 
3927.237794 0.121722 
3928.202243 0.122044 
3929.166693 0.121895 
3930.131142 0.121561 
3931.095591 0.121663 
3932.060041 0.122508 
3933.024490 0.121475 
3933.988939 0.121323 
3934.953389 0.121730 
3935.917838 0.122001 
3936.882288 0.122255 
3937.846737 0.122335 
3938.811186 0.122188 
3939.775636 0.122229 
3940.740085 0.122199 
3941.704534 0.122415 
3942.668984 0.122533 
3943.633433 0.121348 
3944.597882 0.121655 
3945.562332 0.121916 
3946.526781 0.122250 
3947.491230 0.122352 
3948.455680 0.121636 
3949.420129 0.121966 
3950.384579 0.122127 
3951.349028 0.121849 
3952.313477 0.122407 
3953.277927 0.122472 
3954.242376 0.122441 
3955.206825 0.122468 
3956.171275 0.122492 
3957.135724 0.122481 
3958.100173 0.122453 
3959.064623 0.122467 
3960.029072 0.122329 
3960.993522 0.122538 
3961.957971 0.122730 
3962.922420 0.122344 
3963.886870 0.122595 
3964.851319 0.122681 
3965.815768 0.122708 
3966.780218 0.122686 
3967.744667 0.122606 
3968.709116 0.122623 
3969.673566 0.122578 
3970.638015 0.122453 
3971.602464 0.122749 
3972.566914 0.122672 
3973.531363 0.122517 
3974.495813 0.122523 
3975.460262 0.122516 
3976.424711 0.122426 
3977.389161 0.122411 
3978.353610 0.122679 
3979.318059 0.122916 
3980.282509 0.122819 
3981.246958 0.122687 
3982.211407 0.122681 
3983.175857 0.122692 
3984.140306 0.122601 
3985.104756 0.122500 
3986.069205 0.122582 
3987.033654 0.122716 
3987.998104 0.122662 
3988.962553 0.122792 
3989.927002 0.122858 
3990.891452 0.122558 
3991.855901 0.122426 
3992.820350 0.122655 
3993.784800 0.122674 
3994.749249 0.122694 
3995.713698 0.122512 
3996.678148 0.122591 
3997.642597 0.122786 
3998.607047 0.122827 
3999.571496 0.122864 
4000.535945 0.122836 