##YUNITS=Abs
399.282035 0.111112 
400.246484 0.112613 
401.210934 0.121275 
402.175383 0.133130 
403.139832 0.136485 
404.104282 0.134190 
405.068731 0.129853 
406.033181 0.126738 
406.997630 0.127229 
407.962079 0.127429 
408.926529 0.124928 
409.890978 0.121666 
410.855427 0.119412 
411.819877 0.120732 
412.784326 0.118512 
413.748775 0.114199 
414.713225 0.112774 
415.677674 0.113696 
416.642124 0.113223 
417.606573 0.109642 
418.571022 0.101257 
419.535472 0.099971 
420.499921 0.102443 
421.464370 0.104413 
422.428820 0.104373 
423.393269 0.103618 
424.357718 0.103089 
425.322168 0.103889 
426.286617 0.104595 
427.251066 0.104129 
428.215516 0.103263 
429.179965 0.104840 
430.144415 0.105921 
431.108864 0.104592 
432.073313 0.104412 
433.037763 0.105445 
434.002212 0.105181 
434.966661 0.105320 
435.931111 0.106922 
436.895560 0.107619 
437.860009 0.105972 
438.824459 0.104181 
439.788908 0.103753 
440.753358 0.104340 
441.717807 0.101776 
442.682256 0.101979 
443.646706 0.103442 
444.611155 0.103952 
445.575604 0.104648 
446.540054 0.105012 
447.504503 0.105671 
448.468952 0.105563 
449.433402 0.105172 
450.397851 0.104651 
451.362300 0.105010 
452.326750 0.105370 
453.291199 0.105515 
454.255649 0.104174 
455.220098 0.102260 
456.184547 0.102008 
457.148997 0.101767 
458.113446 0.101533 
459.077895 0.101814 
460.042345 0.100944 
461.006794 0.101600 
461.971243 0.102587 
462.935693 0.101398 
463.900142 0.099936 
464.864592 0.099028 
465.829041 0.097722 
466.793490 0.097174 
467.757940 0.098157 
468.722389 0.098154 
469.686838 0.096636 
470.651288 0.096070 
471.615737 0.095774 
472.580186 0.095763 
473.544636 0.097062 
474.509085 0.097401 
475.473534 0.096238 
476.437984 0.095807 
477.402433 0.095383 
478.366883 0.095602 
479.331332 0.096128 
480.295781 0.096210 
481.260231 0.096318 
482.224680 0.096037 
483.189129 0.093999 
484.153579 0.092767 
485.118028 0.093723 
486.082477 0.094674 
487.046927 0.093368 
488.011376 0.091807 
488.975826 0.091266 
489.940275 0.090186 
490.904724 0.088648 
491.869174 0.088167 
492.833623 0.087521 
493.798072 0.087252 
494.762522 0.087486 
495.726971 0.086926 
496.691420 0.085214 
497.655870 0.084299 
498.620319 0.084815 
499.584768 0.085135 
500.549218 0.084987 
501.513667 0.084287 
502.478117 0.084010 
503.442566 0.084341 
504.407015 0.084645 
505.371465 0.084934 
506.335914 0.085225 
507.300363 0.085971 
508.264813 0.086721 
509.229262 0.087439 
510.193711 0.088137 
511.158161 0.088550 
512.122610 0.088852 
513.087060 0.089188 
514.051509 0.089518 
515.015958 0.089640 
515.980408 0.089366 
516.944857 0.089534 
517.909306 0.089336 
518.873756 0.089260 
519.838205 0.088804 
520.802654 0.088087 
521.767104 0.088218 
522.731553 0.088167 
523.696002 0.087674 
524.660452 0.087398 
525.624901 0.087522 
526.589351 0.088550 
527.553800 0.088926 
528.518249 0.088877 
529.482699 0.089567 
530.447148 0.091485 
531.411597 0.094089 
532.376047 0.094141 
533.340496 0.093449 
534.304945 0.091520 
535.269395 0.087875 
536.233844 0.087258 
537.198294 0.087750 
538.162743 0.087070 
539.127192 0.087615 
540.091642 0.087015 
541.056091 0.086399 
542.020540 0.086052 
542.984990 0.086233 
543.949439 0.086199 
544.913888 0.086152 
545.878338 0.086226 
546.842787 0.086623 
547.807236 0.087280 
548.771686 0.087377 
549.736135 0.087381 
550.700585 0.088178 
551.665034 0.088810 
552.629483 0.088802 
553.593933 0.088640 
554.558382 0.088921 
555.522831 0.088844 
556.487281 0.088041 
557.451730 0.087596 
558.416179 0.087621 
559.380629 0.087453 
560.345078 0.087036 
561.309528 0.086832 
562.273977 0.086738 
563.238426 0.086532 
564.202876 0.086530 
565.167325 0.086611 
566.131774 0.086963 
567.096224 0.087501 
568.060673 0.087580 
569.025122 0.086781 
569.989572 0.086431 
570.954021 0.086961 
571.918470 0.087265 
572.882920 0.086846 
573.847369 0.086677 
574.811819 0.086776 
575.776268 0.087131 
576.740717 0.086945 
577.705167 0.086023 
578.669616 0.085534 
579.634065 0.085552 
580.598515 0.085922 
581.562964 0.085661 
582.527413 0.085177 
583.491863 0.085295 
584.456312 0.085543 
585.420762 0.085314 
586.385211 0.085249 
587.349660 0.085901 
588.314110 0.086264 
589.278559 0.085748 
590.243008 0.085241 
591.207458 0.085232 
592.171907 0.085479 
593.136356 0.085364 
594.100806 0.085384 
595.065255 0.085245 
596.029704 0.085283 
596.994154 0.085375 
597.958603 0.085481 
598.923053 0.085631 
599.887502 0.086227 
600.851951 0.086299 
601.816401 0.086047 
602.780850 0.086016 
603.745299 0.085925 
604.709749 0.085767 
605.674198 0.085797 
606.638647 0.085938 
607.603097 0.085951 
608.567546 0.086363 
609.531996 0.086477 
610.496445 0.086277 
611.460894 0.086434 
612.425344 0.086764 
613.389793 0.086841 
614.354242 0.086972 
615.318692 0.087291 
616.283141 0.087452 
617.247590 0.087585 
618.212040 0.087904 
619.176489 0.088516 
620.140938 0.089107 
621.105388 0.089629 
622.069837 0.090053 
623.034287 0.090558 
623.998736 0.091082 
624.963185 0.091733 
625.927635 0.091975 
626.892084 0.092093 
627.856533 0.092583 
628.820983 0.093054 
629.785432 0.093234 
630.749881 0.093077 
631.714331 0.092314 
632.678780 0.091015 
633.643230 0.089076 
634.607679 0.087422 
635.572128 0.086409 
636.536578 0.085583 
637.501027 0.084860 
638.465476 0.084409 
639.429926 0.084223 
640.394375 0.083940 
641.358824 0.083854 
642.323274 0.083736 
643.287723 0.083413 
644.252172 0.083329 
645.216622 0.083553 
646.181071 0.083566 
647.145521 0.083356 
648.109970 0.083119 
649.074419 0.082772 
650.038869 0.082696 
651.003318 0.082768 
651.967767 0.082562 
652.932217 0.082739 
653.896666 0.082962 
654.861115 0.082794 
655.825565 0.083031 
656.790014 0.083317 
657.754464 0.083368 
658.718913 0.083715 
659.683362 0.084049 
660.647812 0.084117 
661.612261 0.084334 
662.576710 0.084451 
663.541160 0.084842 
664.505609 0.085027 
665.470058 0.085187 
666.434508 0.084503 
667.398957 0.080667 
668.363406 0.077591 
669.327856 0.082997 
670.292305 0.084897 
671.256755 0.085157 
672.221204 0.084955 
673.185653 0.084832 
674.150103 0.085073 
675.114552 0.085212 
676.079001 0.085329 
677.043451 0.085247 
678.007900 0.085433 
678.972349 0.085548 
679.936799 0.085682 
680.901248 0.085901 
681.865698 0.086335 
682.830147 0.086790 
683.794596 0.087212 
684.759046 0.087419 
685.723495 0.087657 
686.687944 0.088176 
687.652394 0.088713 
688.616843 0.089306 
689.581292 0.090157 
690.545742 0.090803 
691.510191 0.091315 
692.474640 0.092021 
693.439090 0.092694 
694.403539 0.093324 
695.367989 0.094028 
696.332438 0.094992 
697.296887 0.095922 
698.261337 0.096628 
699.225786 0.097290 
700.190235 0.097972 
701.154685 0.098772 
702.119134 0.100002 
703.083583 0.101285 
704.048033 0.102305 
705.012482 0.103565 
705.976932 0.105021 
706.941381 0.106414 
707.905830 0.107872 
708.870280 0.109539 
709.834729 0.111475 
710.799178 0.113428 
711.763628 0.115690 
712.728077 0.118435 
713.692526 0.121386 
714.656976 0.124436 
715.621425 0.127968 
716.585874 0.131922 
717.550324 0.136217 
718.514773 0.141081 
719.479223 0.146206 
720.443672 0.152133 
721.408121 0.159148 
722.372571 0.166764 
723.337020 0.175388 
724.301469 0.185145 
725.265919 0.196109 
726.230368 0.208712 
727.194817 0.223408 
728.159267 0.240060 
729.123716 0.258952 
730.088166 0.280763 
731.052615 0.306176 
732.017064 0.336270 
732.981514 0.371669 
733.945963 0.413297 
734.910412 0.461941 
735.874862 0.517688 
736.839311 0.579932 
737.803760 0.647999 
738.768210 0.723691 
739.732659 0.810016 
740.697108 0.911101 
741.661558 1.029584 
742.626007 1.167535 
743.590457 1.327643 
744.554906 1.520573 
745.519355 1.749503 
746.483805 2.025798 
747.448254 2.360026 
748.412703 2.600699 
749.377153 2.429226 
750.341602 2.347523 
751.306051 2.290942 
752.270501 2.271788 
753.234950 2.268027 
754.199400 2.281176 
755.163849 2.277066 
756.128298 2.263700 
757.092748 2.254503 
758.057197 2.262727 
759.021646 2.245305 
759.986096 2.255330 
760.950545 2.249784 
761.914994 2.242696 
762.879444 2.233163 
763.843893 2.252281 
764.808342 2.262278 
765.772792 2.261668 
766.737241 2.251611 
767.701691 2.258399 
768.666140 2.237639 
769.630589 2.248590 
770.595039 2.249457 
771.559488 2.254088 
772.523937 2.264548 
773.488387 2.264806 
774.452836 2.246914 
775.417285 2.243993 
776.381735 2.242162 
777.346184 2.249305 
778.310634 2.253508 
779.275083 2.248529 
780.239532 2.245384 
781.203982 2.258050 
782.168431 2.242894 
783.132880 2.243626 
784.097330 2.251885 
785.061779 2.266496 
786.026228 2.255892 
786.990678 2.248166 
787.955127 2.245432 
788.919576 2.244802 
789.884026 2.238352 
790.848475 2.245526 
791.812925 2.247401 
792.777374 2.258626 
793.741823 2.253280 
794.706273 2.253404 
795.670722 2.241567 
796.635171 2.247872 
797.599621 2.245118 
798.564070 2.238547 
799.528519 2.234858 
800.492969 2.261917 
801.457418 2.317258 
802.421868 2.535294 
803.386317 2.219499 
804.350766 1.733933 
805.315216 1.404370 
806.279665 1.167048 
807.244114 0.986034 
808.208564 0.843401 
809.173013 0.727992 
810.137462 0.633661 
811.101912 0.556979 
812.066361 0.495892 
813.030810 0.448128 
813.995260 0.410534 
814.959709 0.379944 
815.924159 0.354168 
816.888608 0.332001 
817.853057 0.312733 
818.817507 0.295446 
819.781956 0.279232 
820.746405 0.263586 
821.710855 0.248711 
822.675304 0.234704 
823.639753 0.221947 
824.604203 0.210853 
825.568652 0.201746 
826.533102 0.194235 
827.497551 0.187576 
828.462000 0.181789 
829.426450 0.176787 
830.390899 0.172675 
831.355348 0.169162 
832.319798 0.166399 
833.284247 0.164630 
834.248696 0.163668 
835.213146 0.163384 
836.177595 0.163503 
837.142044 0.163751 
838.106494 0.164175 
839.070943 0.164368 
840.035393 0.163958 
840.999842 0.163146 
841.964291 0.162129 
842.928741 0.160685 
843.893190 0.158631 
844.857639 0.155958 
845.822089 0.152586 
846.786538 0.148910 
847.750987 0.145091 
848.715437 0.140869 
849.679886 0.136566 
850.644336 0.132766 
851.608785 0.129449 
852.573234 0.126269 
853.537684 0.123258 
854.502133 0.120656 
855.466582 0.118561 
856.431032 0.116869 
857.395481 0.115521 
858.359930 0.114628 
859.324380 0.113982 
860.288829 0.113438 
861.253278 0.112774 
862.217728 0.112186 
863.182177 0.111902 
864.146627 0.111642 
865.111076 0.111260 
866.075525 0.110530 
867.039975 0.109624 
868.004424 0.108713 
868.968873 0.107654 
869.933323 0.106369 
870.897772 0.105178 
871.862221 0.104327 
872.826671 0.103820 
873.791120 0.103431 
874.755570 0.103243 
875.720019 0.103382 
876.684468 0.103594 
877.648918 0.103422 
878.613367 0.102955 
879.577816 0.102381 
880.542266 0.101739 
881.506715 0.101009 
882.471164 0.100134 
883.435614 0.099352 
884.400063 0.098927 
885.364512 0.098697 
886.328962 0.098676 
887.293411 0.098980 
888.257861 0.099594 
889.222310 0.100461 
890.186759 0.101563 
891.151209 0.102919 
892.115658 0.104612 
893.080107 0.106383 
894.044557 0.108122 
895.009006 0.110112 
895.973455 0.112620 
896.937905 0.115466 
897.902354 0.118335 
898.866804 0.120226 
899.831253 0.120668 
900.795702 0.119782 
901.760152 0.117815 
902.724601 0.115046 
903.689050 0.111744 
904.653500 0.108368 
905.617949 0.105595 
906.582398 0.103380 
907.546848 0.101715 
908.511297 0.100620 
909.475746 0.099831 
910.440196 0.099172 
911.404645 0.098616 
912.369095 0.098247 
913.333544 0.098211 
914.297993 0.098425 
915.262443 0.098693 
916.226892 0.099006 
917.191341 0.099663 
918.155791 0.100424 
919.120240 0.101232 
920.084689 0.102181 
921.049139 0.103328 
922.013588 0.104519 
922.978038 0.105889 
923.942487 0.107324 
924.906936 0.109015 
925.871386 0.111159 
926.835835 0.113421 
927.800284 0.115631 
928.764734 0.117775 
929.729183 0.119729 
930.693632 0.121290 
931.658082 0.122172 
932.622531 0.122680 
933.586980 0.123019 
934.551430 0.122129 
935.515879 0.120393 
936.480329 0.119218 
937.444778 0.118715 
938.409227 0.118630 
939.373677 0.118950 
940.338126 0.119579 
941.302575 0.120601 
942.267025 0.122108 
943.231474 0.123860 
944.195923 0.125805 
945.160373 0.128147 
946.124822 0.130997 
947.089272 0.134162 
948.053721 0.137651 
949.018170 0.141553 
949.982620 0.146004 
950.947069 0.150575 
951.911518 0.154904 
952.875968 0.158964 
953.840417 0.162997 
954.804866 0.166993 
955.769316 0.170647 
956.733765 0.173734 
957.698214 0.176629 
958.662664 0.179967 
959.627113 0.183576 
960.591563 0.186554 
961.556012 0.188087 
962.520461 0.187526 
963.484911 0.185032 
964.449360 0.181468 
965.413809 0.177701 
966.378259 0.174381 
967.342708 0.171765 
968.307157 0.169747 
969.271607 0.168494 
970.236056 0.168414 
971.200506 0.169540 
972.164955 0.171353 
973.129404 0.173225 
974.093854 0.174882 
975.058303 0.176512 
976.022752 0.178805 
976.987202 0.181885 
977.951651 0.185612 
978.916100 0.189569 
979.880550 0.192885 
980.844999 0.194747 
981.809448 0.194537 
982.773898 0.192428 
983.738347 0.189305 
984.702797 0.186154 
985.667246 0.183513 
986.631695 0.181863 
987.596145 0.181245 
988.560594 0.181656 
989.525043 0.182648 
990.489493 0.183670 
991.453942 0.184452 
992.418391 0.184602 
993.382841 0.184119 
994.347290 0.183439 
995.311740 0.182751 
996.276189 0.182209 
997.240638 0.182005 
998.205088 0.182138 
999.169537 0.182699 
1000.133986 0.183740 
1001.098436 0.185077 
1002.062885 0.186713 
1003.027334 0.188904 
1003.991784 0.191749 
1004.956233 0.195184 
1005.920682 0.199058 
1006.885132 0.203114 
1007.849581 0.206626 
1008.814031 0.208548 
1009.778480 0.208508 
1010.742929 0.206951 
1011.707379 0.204599 
1012.671828 0.201602 
1013.636277 0.197786 
1014.600727 0.193515 
1015.565176 0.189604 
1016.529625 0.186616 
1017.494075 0.184617 
1018.458524 0.183209 
1019.422974 0.182416 
1020.387423 0.182222 
1021.351872 0.182272 
1022.316322 0.182469 
1023.280771 0.183179 
1024.245220 0.184660 
1025.209670 0.186812 
1026.174119 0.189365 
1027.138568 0.191954 
1028.103018 0.193990 
1029.067467 0.194524 
1030.031916 0.193122 
1030.996366 0.190738 
1031.960815 0.189481 
1032.925265 0.190774 
1033.889714 0.194809 
1034.854163 0.201411 
1035.818613 0.210431 
1036.783062 0.221025 
1037.747511 0.231608 
1038.711961 0.240336 
1039.676410 0.245588 
1040.640859 0.246419 
1041.605309 0.243581 
1042.569758 0.238849 
1043.534208 0.233592 
1044.498657 0.228619 
1045.463106 0.224519 
1046.427556 0.221333 
1047.392005 0.219079 
1048.356454 0.217743 
1049.320904 0.217496 
1050.285353 0.217985 
1051.249802 0.218839 
1052.214252 0.219563 
1053.178701 0.219745 
1054.143150 0.219531 
1055.107600 0.219057 
1056.072049 0.219066 
1057.036499 0.220497 
1058.000948 0.223248 
1058.965397 0.226710 
1059.929847 0.230142 
1060.894296 0.233142 
1061.858745 0.235847 
1062.823195 0.238732 
1063.787644 0.242362 
1064.752093 0.247089 
1065.716543 0.253107 
1066.680992 0.260098 
1067.645442 0.267337 
1068.609891 0.274121 
1069.574340 0.279630 
1070.538790 0.283273 
1071.503239 0.284670 
1072.467688 0.283871 
1073.432138 0.281466 
1074.396587 0.278109 
1075.361036 0.274265 
1076.325486 0.270355 
1077.289935 0.266578 
1078.254384 0.263509 
1079.218834 0.261517 
1080.183283 0.260450 
1081.147733 0.260212 
1082.112182 0.261085 
1083.076631 0.263580 
1084.041081 0.268030 
1085.005530 0.274592 
1085.969979 0.283329 
1086.934429 0.294380 
1087.898878 0.307988 
1088.863327 0.324177 
1089.827777 0.342982 
1090.792226 0.364561 
1091.756676 0.388836 
1092.721125 0.415299 
1093.685574 0.443685 
1094.650024 0.473539 
1095.614473 0.503864 
1096.578922 0.533410 
1097.543372 0.561523 
1098.507821 0.587308 
1099.472270 0.610108 
1100.436720 0.629409 
1101.401169 0.646064 
1102.365618 0.661004 
1103.330068 0.675014 
1104.294517 0.688403 
1105.258967 0.700063 
1106.223416 0.708630 
1107.187865 0.713587 
1108.152315 0.714228 
1109.116764 0.711739 
1110.081213 0.707993 
1111.045663 0.706471 
1112.010112 0.709897 
1112.974561 0.720960 
1113.939011 0.740209 
1114.903460 0.766529 
1115.867910 0.795438 
1116.832359 0.821416 
1117.796808 0.840264 
1118.761258 0.851933 
1119.725707 0.856772 
1120.690156 0.855533 
1121.654606 0.848845 
1122.619055 0.838345 
1123.583504 0.824026 
1124.547954 0.806370 
1125.512403 0.784860 
1126.476852 0.759451 
1127.441302 0.730189 
1128.405751 0.697849 
1129.370201 0.662794 
1130.334650 0.625903 
1131.299099 0.588905 
1132.263549 0.553512 
1133.227998 0.520572 
1134.192447 0.490292 
1135.156897 0.462174 
1136.121346 0.435465 
1137.085795 0.409946 
1138.050245 0.385635 
1139.014694 0.363152 
1139.979144 0.343518 
1140.943593 0.327008 
1141.908042 0.313370 
1142.872492 0.302260 
1143.836941 0.293518 
1144.801390 0.286799 
1145.765840 0.281178 
1146.730289 0.275977 
1147.694738 0.271126 
1148.659188 0.266830 
1149.623637 0.263002 
1150.588086 0.259381 
1151.552536 0.255931 
1152.516985 0.252664 
1153.481435 0.249316 
1154.445884 0.245591 
1155.410333 0.241502 
1156.374783 0.237276 
1157.339232 0.233039 
1158.303681 0.228783 
1159.268131 0.224200 
1160.232580 0.219148 
1161.197029 0.213679 
1162.161479 0.207680 
1163.125928 0.200992 
1164.090378 0.193776 
1165.054827 0.186349 
1166.019276 0.179026 
1166.983726 0.172164 
1167.948175 0.166176 
1168.912624 0.161266 
1169.877074 0.157373 
1170.841523 0.154251 
1171.805972 0.151473 
1172.770422 0.148750 
1173.734871 0.145985 
1174.699320 0.142884 
1175.663770 0.139578 
1176.628219 0.136291 
1177.592669 0.133438 
1178.557118 0.131264 
1179.521567 0.129570 
1180.486017 0.128198 
1181.450466 0.126938 
1182.414915 0.125458 
1183.379365 0.124111 
1184.343814 0.123059 
1185.308263 0.122366 
1186.272713 0.121944 
1187.237162 0.121596 
1188.201612 0.121222 
1189.166061 0.121016 
1190.130510 0.121085 
1191.094960 0.121272 
1192.059409 0.121448 
1193.023858 0.121706 
1193.988308 0.122087 
1194.952757 0.122663 
1195.917206 0.123210 
1196.881656 0.123719 
1197.846105 0.124333 
1198.810554 0.125023 
1199.775004 0.125675 
1200.739453 0.126332 
1201.703903 0.127010 
1202.668352 0.127741 
1203.632801 0.128426 
1204.597251 0.129050 
1205.561700 0.129641 
1206.526149 0.130473 
1207.490599 0.131353 
1208.455048 0.132112 
1209.419497 0.132768 
1210.383947 0.133499 
1211.348396 0.134316 
1212.312846 0.135040 
1213.277295 0.135528 
1214.241744 0.136076 
1215.206194 0.136860 
1216.170643 0.137786 
1217.135092 0.138763 
1218.099542 0.139806 
1219.063991 0.140929 
1220.028440 0.142265 
1220.992890 0.143754 
1221.957339 0.145367 
1222.921788 0.147191 
1223.886238 0.149334 
1224.850687 0.151624 
1225.815137 0.154077 
1226.779586 0.156868 
1227.744035 0.160397 
1228.708485 0.164558 
1229.672934 0.169314 
1230.637383 0.174357 
1231.601833 0.178945 
1232.566282 0.182146 
1233.530731 0.183427 
1234.495181 0.182663 
1235.459630 0.180221 
1236.424080 0.176289 
1237.388529 0.171583 
1238.352978 0.167132 
1239.317428 0.163677 
1240.281877 0.161242 
1241.246326 0.159827 
1242.210776 0.159152 
1243.175225 0.159150 
1244.139674 0.159868 
1245.104124 0.160987 
1246.068573 0.162124 
1247.033022 0.163082 
1247.997472 0.163864 
1248.961921 0.164557 
1249.926371 0.165147 
1250.890820 0.165834 
1251.855269 0.166670 
1252.819719 0.167529 
1253.784168 0.168170 
1254.748617 0.168519 
1255.713067 0.168453 
1256.677516 0.168087 
1257.641965 0.167169 
1258.606415 0.165786 
1259.570864 0.164061 
1260.535314 0.162246 
1261.499763 0.160376 
1262.464212 0.158635 
1263.428662 0.157062 
1264.393111 0.155686 
1265.357560 0.154557 
1266.322010 0.153575 
1267.286459 0.152245 
1268.250908 0.150542 
1269.215358 0.148421 
1270.179807 0.145736 
1271.144256 0.142528 
1272.108706 0.139261 
1273.073155 0.136043 
1274.037605 0.133112 
1275.002054 0.130381 
1275.966503 0.127986 
1276.930953 0.126035 
1277.895402 0.124503 
1278.859851 0.123388 
1279.824301 0.122622 
1280.788750 0.122044 
1281.753199 0.121669 
1282.717649 0.121437 
1283.682098 0.121394 
1284.646548 0.121653 
1285.610997 0.122200 
1286.575446 0.123004 
1287.539896 0.124037 
1288.504345 0.124968 
1289.468794 0.125972 
1290.433244 0.127393 
1291.397693 0.128949 
1292.362142 0.130725 
1293.326592 0.132884 
1294.291041 0.135257 
1295.255490 0.137795 
1296.219940 0.140694 
1297.184389 0.143917 
1298.148839 0.146911 
1299.113288 0.149305 
1300.077737 0.150703 
1301.042187 0.151660 
1302.006636 0.152466 
1302.971085 0.153195 
1303.935535 0.153399 
1304.899984 0.152918 
1305.864433 0.151699 
1306.828883 0.149892 
1307.793332 0.147277 
1308.757782 0.143655 
1309.722231 0.139522 
1310.686680 0.135862 
1311.651130 0.133024 
1312.615579 0.131092 
1313.580028 0.129447 
1314.544478 0.128579 
1315.508927 0.128120 
1316.473376 0.128248 
1317.437826 0.128665 
1318.402275 0.129004 
1319.366724 0.129199 
1320.331174 0.128492 
1321.295623 0.127350 
1322.260073 0.126106 
1323.224522 0.125399 
1324.188971 0.124771 
1325.153421 0.124174 
1326.117870 0.123859 
1327.082319 0.123980 
1328.046769 0.124409 
1329.011218 0.125141 
1329.975667 0.126355 
1330.940117 0.128278 
1331.904566 0.131027 
1332.869016 0.134777 
1333.833465 0.139147 
1334.797914 0.143751 
1335.762364 0.147736 
1336.726813 0.150219 
1337.691262 0.149735 
1338.655712 0.148445 
1339.620161 0.147005 
1340.584610 0.144795 
1341.549060 0.142448 
1342.513509 0.141087 
1343.477958 0.140374 
1344.442408 0.140307 
1345.406857 0.141084 
1346.371307 0.142856 
1347.335756 0.145675 
1348.300205 0.149339 
1349.264655 0.153719 
1350.229104 0.158753 
1351.193553 0.163890 
1352.158003 0.169640 
1353.122452 0.176072 
1354.086901 0.184075 
1355.051351 0.194910 
1356.015800 0.206362 
1356.980250 0.215070 
1357.944699 0.219198 
1358.909148 0.219463 
1359.873598 0.219892 
1360.838047 0.223867 
1361.802496 0.229861 
1362.766946 0.235404 
1363.731395 0.240161 
1364.695844 0.241411 
1365.660294 0.243096 
1366.624743 0.245681 
1367.589192 0.249131 
1368.553642 0.254382 
1369.518091 0.261007 
1370.482541 0.267341 
1371.446990 0.274224 
1372.411439 0.280116 
1373.375889 0.286228 
1374.340338 0.294045 
1375.304787 0.304096 
1376.269237 0.316125 
1377.233686 0.329360 
1378.198135 0.338709 
1379.162585 0.335230 
1380.127034 0.317110 
1381.091484 0.292108 
1382.055933 0.266025 
1383.020382 0.242376 
1383.984832 0.222334 
1384.949281 0.206307 
1385.913730 0.194240 
1386.878180 0.184857 
1387.842629 0.175178 
1388.807078 0.168737 
1389.771528 0.164602 
1390.735977 0.161235 
1391.700426 0.158379 
1392.664876 0.156071 
1393.629325 0.154434 
1394.593775 0.153231 
1395.558224 0.151791 
1396.522673 0.150288 
1397.487123 0.149373 
1398.451572 0.148145 
1399.416021 0.146625 
1400.380471 0.145314 
1401.344920 0.144423 
1402.309369 0.143757 
1403.273819 0.143226 
1404.238268 0.142923 
1405.202718 0.143269 
1406.167167 0.143329 
1407.131616 0.143682 
1408.096066 0.144508 
1409.060515 0.145710 
1410.024964 0.147076 
1410.989414 0.148049 
1411.953863 0.148087 
1412.918312 0.146922 
1413.882762 0.145384 
1414.847211 0.144081 
1415.811660 0.142985 
1416.776110 0.142123 
1417.740559 0.140762 
1418.705009 0.139220 
1419.669458 0.138622 
1420.633907 0.138377 
1421.598357 0.138226 
1422.562806 0.138522 
1423.527255 0.139561 
1424.491705 0.141594 
1425.456154 0.142598 
1426.420603 0.144967 
1427.385053 0.148549 
1428.349502 0.153458 
1429.313952 0.159504 
1430.278401 0.171704 
1431.242850 0.184682 
1432.207300 0.197575 
1433.171749 0.206549 
1434.136198 0.205643 
1435.100648 0.198067 
1436.065097 0.190626 
1437.029546 0.179189 
1437.993996 0.173329 
1438.958445 0.170687 
1439.922894 0.169216 
1440.887344 0.168955 
1441.851793 0.170268 
1442.816243 0.173060 
1443.780692 0.177837 
1444.745141 0.184191 
1445.709591 0.192508 
1446.674040 0.201288 
1447.638489 0.213807 
1448.602939 0.232409 
1449.567388 0.245839 
1450.531837 0.257134 
1451.496287 0.266805 
1452.460736 0.279368 
1453.425186 0.294776 
1454.389635 0.314524 
1455.354084 0.337923 
1456.318534 0.359206 
1457.282983 0.377102 
1458.247432 0.379613 
1459.211882 0.373774 
1460.176331 0.372235 
1461.140780 0.373448 
1462.105230 0.380971 
1463.069679 0.392427 
1464.034128 0.408375 
1464.998578 0.436084 
1465.963027 0.454281 
1466.927477 0.437932 
1467.891926 0.401008 
1468.856375 0.357110 
1469.820825 0.321544 
1470.785274 0.294843 
1471.749723 0.272352 
1472.714173 0.246179 
1473.678622 0.230546 
1474.643071 0.218466 
1475.607521 0.211291 
1476.571970 0.201583 
1477.536420 0.195750 
1478.500869 0.193032 
1479.465318 0.192348 
1480.429768 0.192299 
1481.394217 0.192665 
1482.358666 0.191749 
1483.323116 0.191005 
1484.287565 0.189527 
1485.252014 0.186510 
1486.216464 0.180618 
1487.180913 0.170458 
1488.145362 0.159205 
1489.109812 0.152829 
1490.074261 0.143895 
1491.038711 0.136892 
1492.003160 0.133040 
1492.967609 0.130473 
1493.932059 0.127932 
1494.896508 0.125989 
1495.860957 0.124043 
1496.825407 0.123377 
1497.789856 0.122034 
1498.754305 0.121568 
1499.718755 0.121381 
1500.683204 0.121605 
1501.647654 0.121706 
1502.612103 0.121485 
1503.576552 0.120613 
1504.541002 0.119883 
1505.505451 0.118223 
1506.469900 0.118855 
1507.434350 0.123052 
1508.398799 0.123821 
1509.363248 0.123725 
1510.327698 0.124258 
1511.292147 0.123234 
1512.256596 0.123884 
1513.221046 0.123987 
1514.185495 0.123811 
1515.149945 0.124335 
1516.114394 0.124321 
1517.078843 0.124151 
1518.043293 0.125619 
1519.007742 0.125315 
1519.972191 0.125314 
1520.936641 0.125165 
1521.901090 0.125203 
1522.865539 0.126257 
1523.829989 0.127382 
1524.794438 0.127778 
1525.758888 0.129018 
1526.723337 0.129404 
1527.687786 0.130425 
1528.652236 0.131069 
1529.616685 0.132071 
1530.581134 0.132783 
1531.545584 0.134266 
1532.510033 0.134212 
1533.474482 0.135274 
1534.438932 0.138878 
1535.403381 0.140762 
1536.367830 0.141858 
1537.332280 0.142454 
1538.296729 0.142270 
1539.261179 0.142923 
1540.225628 0.146300 
1541.190077 0.148282 
1542.154527 0.150858 
1543.118976 0.154926 
1544.083425 0.156539 
1545.047875 0.158867 
1546.012324 0.159837 
1546.976773 0.159835 
1547.941223 0.160187 
1548.905672 0.160723 
1549.870122 0.162110 
1550.834571 0.162015 
1551.799020 0.160576 
1552.763470 0.159658 
1553.727919 0.158689 
1554.692368 0.158581 
1555.656818 0.156840 
1556.621267 0.154900 
1557.585716 0.151886 
1558.550166 0.147653 
1559.514615 0.145888 
1560.479064 0.147547 
1561.443514 0.146470 
1562.407963 0.145262 
1563.372413 0.143481 
1564.336862 0.141647 
1565.301311 0.140163 
1566.265761 0.139206 
1567.230210 0.137923 
1568.194659 0.136303 
1569.159109 0.134431 
1570.123558 0.134275 
1571.088007 0.134081 
1572.052457 0.133773 
1573.016906 0.133245 
1573.981356 0.132647 
1574.945805 0.131293 
1575.910254 0.130289 
1576.874704 0.131520 
1577.839153 0.131932 
1578.803602 0.131893 
1579.768052 0.131804 
1580.732501 0.131561 
1581.696950 0.131325 
1582.661400 0.130969 
1583.625849 0.130577 
1584.590298 0.129931 
1585.554748 0.129301 
1586.519197 0.128512 
1587.483647 0.127654 
1588.448096 0.126595 
1589.412545 0.125665 
1590.376995 0.124577 
1591.341444 0.123380 
1592.305893 0.122189 
1593.270343 0.120988 
1594.234792 0.119724 
1595.199241 0.118636 
1596.163691 0.117531 
1597.128140 0.116459 
1598.092590 0.115297 
1599.057039 0.114176 
1600.021488 0.112981 
1600.985938 0.112121 
1601.950387 0.111269 
1602.914836 0.110451 
1603.879286 0.109605 
1604.843735 0.108987 
1605.808184 0.108347 
1606.772634 0.107872 
1607.737083 0.107394 
1608.701532 0.106831 
1609.665982 0.106523 
1610.630431 0.106351 
1611.594881 0.106144 
1612.559330 0.106079 
1613.523779 0.105842 
1614.488229 0.105549 
1615.452678 0.104517 
1616.417127 0.103288 
1617.381577 0.104239 
1618.346026 0.104890 
1619.310475 0.105184 
1620.274925 0.105276 
1621.239374 0.105161 
1622.203824 0.104502 
1623.168273 0.103610 
1624.132722 0.103780 
1625.097172 0.103987 
1626.061621 0.103878 
1627.026070 0.103178 
1627.990520 0.102845 
1628.954969 0.102980 
1629.919418 0.103111 
1630.883868 0.103003 
1631.848317 0.102758 
1632.812766 0.102426 
1633.777216 0.101620 
1634.741665 0.099825 
1635.706115 0.099265 
1636.670564 0.099819 
1637.635013 0.100790 
1638.599463 0.101485 
1639.563912 0.101434 
1640.528361 0.101303 
1641.492811 0.101093 
1642.457260 0.101056 
1643.421709 0.100919 
1644.386159 0.100299 
1645.350608 0.099200 
1646.315058 0.098445 
1647.279507 0.098434 
1648.243956 0.099257 
1649.208406 0.099737 
1650.172855 0.099622 
1651.137304 0.098540 
1652.101754 0.096071 
1653.066203 0.091882 
1654.030652 0.096437 
1654.995102 0.098931 
1655.959551 0.099090 
1656.924000 0.099141 
1657.888450 0.098966 
1658.852899 0.098862 
1659.817349 0.098824 
1660.781798 0.098557 
1661.746247 0.097788 
1662.710697 0.097371 
1663.675146 0.097891 
1664.639595 0.097994 
1665.604045 0.097947 
1666.568494 0.097618 
1667.532943 0.097204 
1668.497393 0.096582 
1669.461842 0.096555 
1670.426292 0.096275 
1671.390741 0.096427 
1672.355190 0.096900 
1673.319640 0.096433 
1674.284089 0.095450 
1675.248538 0.095624 
1676.212988 0.096708 
1677.177437 0.096443 
1678.141886 0.096327 
1679.106336 0.096251 
1680.070785 0.097220 
1681.035234 0.097083 
1681.999684 0.095653 
1682.964133 0.094081 
1683.928583 0.092176 
1684.893032 0.094064 
1685.857481 0.095568 
1686.821931 0.095695 
1687.786380 0.096447 
1688.750829 0.096758 
1689.715279 0.096267 
1690.679728 0.096442 
1691.644177 0.096575 
1692.608627 0.096497 
1693.573076 0.096037 
1694.537526 0.094833 
1695.501975 0.093733 
1696.466424 0.094672 
1697.430874 0.095022 
1698.395323 0.094653 
1699.359772 0.093107 
1700.324222 0.092567 
1701.288671 0.095845 
1702.253120 0.096173 
1703.217570 0.096126 
1704.182019 0.096137 
1705.146468 0.096231 
1706.110918 0.096133 
1707.075367 0.097480 
1708.039817 0.097977 
1709.004266 0.098198 
1709.968715 0.098610 
1710.933165 0.098973 
1711.897614 0.099058 
1712.862063 0.099212 
1713.826513 0.099017 
1714.790962 0.099316 
1715.755411 0.099344 
1716.719861 0.098211 
1717.684310 0.097200 
1718.648760 0.098494 
1719.613209 0.099083 
1720.577658 0.099055 
1721.542108 0.099240 
1722.506557 0.099225 
1723.471006 0.099494 
1724.435456 0.099653 
1725.399905 0.099736 
1726.364354 0.100205 
1727.328804 0.100802 
1728.293253 0.101296 
1729.257702 0.101879 
1730.222152 0.103409 
1731.186601 0.103378 
1732.151051 0.102656 
1733.115500 0.101782 
1734.079949 0.100803 
1735.044399 0.100786 
1736.008848 0.100288 
1736.973297 0.099867 
1737.937747 0.099201 
1738.902196 0.097851 
1739.866645 0.096972 
1740.831095 0.096736 
1741.795544 0.096205 
1742.759994 0.095989 
1743.724443 0.096056 
1744.688892 0.095192 
1745.653342 0.094366 
1746.617791 0.093776 
1747.582240 0.093151 
1748.546690 0.092779 
1749.511139 0.092808 
1750.475588 0.092300 
1751.440038 0.092987 
1752.404487 0.092417 
1753.368936 0.091698 
1754.333386 0.091406 
1755.297835 0.091055 
1756.262285 0.090922 
1757.226734 0.091373 
1758.191183 0.091212 
1759.155633 0.091046 
1760.120082 0.090498 
1761.084531 0.090044 
1762.048981 0.090524 
1763.013430 0.090492 
1763.977879 0.090319 
1764.942329 0.090350 
1765.906778 0.090303 
1766.871228 0.090113 
1767.835677 0.090596 
1768.800126 0.091014 
1769.764576 0.089877 
1770.729025 0.089073 
1771.693474 0.088198 
1772.657924 0.088629 
1773.622373 0.089567 
1774.586822 0.089720 
1775.551272 0.090266 
1776.515721 0.090384 
1777.480170 0.090183 
1778.444620 0.090463 
1779.409069 0.090359 
1780.373519 0.090287 
1781.337968 0.090628 
1782.302417 0.090489 
1783.266867 0.090393 
1784.231316 0.090632 
1785.195765 0.091266 
1786.160215 0.090879 
1787.124664 0.090743 
1788.089113 0.090955 
1789.053563 0.090994 
1790.018012 0.090949 
1790.982462 0.091153 
1791.946911 0.090477 
1792.911360 0.090848 
1793.875810 0.091107 
1794.840259 0.091175 
1795.804708 0.092059 
1796.769158 0.092265 
1797.733607 0.091609 
1798.698056 0.091036 
1799.662506 0.091306 
1800.626955 0.091723 
1801.591404 0.092284 
1802.555854 0.092591 
1803.520303 0.092050 
1804.484753 0.091688 
1805.449202 0.091618 
1806.413651 0.091565 
1807.378101 0.091907 
1808.342550 0.092036 
1809.306999 0.091507 
1810.271449 0.091379 
1811.235898 0.091755 
1812.200347 0.091967 
1813.164797 0.091826 
1814.129246 0.091514 
1815.093696 0.091595 
1816.058145 0.091642 
1817.022594 0.092054 
1817.987044 0.092188 
1818.951493 0.091747 
1819.915942 0.091636 
1820.880392 0.091729 
1821.844841 0.091784 
1822.809290 0.091917 
1823.773740 0.091456 
1824.738189 0.091437 
1825.702638 0.092166 
1826.667088 0.091654 
1827.631537 0.091307 
1828.595987 0.090866 
1829.560436 0.090852 
1830.524885 0.091623 
1831.489335 0.091649 
1832.453784 0.091783 
1833.418233 0.092028 
1834.382683 0.091899 
1835.347132 0.091698 
1836.311581 0.091669 
1837.276031 0.092039 
1838.240480 0.092007 
1839.204930 0.091810 
1840.169379 0.091820 
1841.133828 0.091934 
1842.098278 0.092219 
1843.062727 0.091598 
1844.027176 0.091655 
1844.991626 0.092594 
1845.956075 0.092313 
1846.920524 0.092164 
1847.884974 0.092667 
1848.849423 0.092661 
1849.813872 0.092321 
1850.778322 0.092271 
1851.742771 0.092232 
1852.707221 0.092232 
1853.671670 0.092313 
1854.636119 0.092430 
1855.600569 0.092449 
1856.565018 0.092411 
1857.529467 0.092436 
1858.493917 0.092625 
1859.458366 0.092594 
1860.422815 0.092487 
1861.387265 0.092556 
1862.351714 0.092358 
1863.316164 0.092162 
1864.280613 0.092139 
1865.245062 0.091888 
1866.209512 0.091783 
1867.173961 0.091665 
1868.138410 0.091538 
1869.102860 0.091844 
1870.067309 0.092280 
1871.031758 0.092142 
1871.996208 0.091799 
1872.960657 0.091526 
1873.925106 0.091551 
1874.889556 0.091593 
1875.854005 0.091555 
1876.818455 0.091495 
1877.782904 0.091509 
1878.747353 0.091622 
1879.711803 0.091720 
1880.676252 0.091558 
1881.640701 0.091575 
1882.605151 0.091669 
1883.569600 0.091698 
1884.534049 0.091757 
1885.498499 0.091904 
1886.462948 0.091876 
1887.427398 0.091908 
1888.391847 0.091716 
1889.356296 0.092161 
1890.320746 0.092503 
1891.285195 0.092271 
1892.249644 0.092378 
1893.214094 0.092418 
1894.178543 0.092457 
1895.142992 0.092818 
1896.107442 0.092949 
1897.071891 0.092895 
1898.036340 0.093023 
1899.000790 0.093051 
1899.965239 0.093178 
1900.929689 0.093269 
1901.894138 0.093419 
1902.858587 0.093485 
1903.823037 0.093556 
1904.787486 0.093570 
1905.751935 0.093632 
1906.716385 0.093725 
1907.680834 0.094047 
1908.645283 0.094027 
1909.609733 0.094045 
1910.574182 0.094184 
1911.538632 0.094042 
1912.503081 0.094095 
1913.467530 0.094156 
1914.431980 0.094263 
1915.396429 0.094338 
1916.360878 0.094205 
1917.325328 0.094117 
1918.289777 0.094857 
1919.254226 0.094823 
1920.218676 0.094724 
1921.183125 0.094755 
1922.147574 0.095190 
1923.112024 0.095800 
1924.076473 0.095494 
1925.040923 0.095237 
1926.005372 0.095288 
1926.969821 0.095396 
1927.934271 0.095543 
1928.898720 0.095629 
1929.863169 0.095658 
1930.827619 0.095700 
1931.792068 0.095776 
1932.756517 0.095981 
1933.720967 0.096072 
1934.685416 0.095979 
1935.649866 0.095956 
1936.614315 0.095989 
1937.578764 0.096016 
1938.543214 0.095985 
1939.507663 0.096034 
1940.472112 0.096154 
1941.436562 0.096159 
1942.401011 0.096726 
1943.365460 0.096771 
1944.329910 0.096187 
1945.294359 0.096194 
1946.258808 0.096220 
1947.223258 0.096232 
1948.187707 0.096298 
1949.152157 0.096688 
1950.116606 0.096832 
1951.081055 0.096442 
1952.045505 0.096171 
1953.009954 0.096177 
1953.974403 0.096170 
1954.938853 0.096289 
1955.903302 0.096388 
1956.867751 0.096946 
1957.832201 0.099531 
1958.796650 0.102658 
1959.761100 0.100407 
1960.725549 0.097057 
1961.689998 0.096168 
1962.654448 0.095930 
1963.618897 0.095826 
1964.583346 0.095725 
1965.547796 0.095728 
1966.512245 0.095837 
1967.476694 0.096023 
1968.441144 0.095732 
1969.405593 0.095539 
1970.370042 0.095508 
1971.334492 0.095457 
1972.298941 0.095442 
1973.263391 0.095427 
1974.227840 0.095387 
1975.192289 0.095249 
1976.156739 0.095143 
1977.121188 0.095110 
1978.085637 0.095063 
1979.050087 0.095004 
1980.014536 0.094956 
1980.978985 0.094939 
1981.943435 0.094943 
1982.907884 0.094881 
1983.872334 0.094800 
1984.836783 0.094707 
1985.801232 0.094708 
1986.765682 0.094743 
1987.730131 0.094862 
1988.694580 0.095042 
1989.659030 0.094853 
1990.623479 0.094672 
1991.587928 0.095093 
1992.552378 0.095586 
1993.516827 0.095175 
1994.481276 0.095046 
1995.445726 0.095085 
1996.410175 0.095081 
1997.374625 0.095060 
1998.339074 0.095164 
1999.303523 0.095269 
2000.267973 0.095269 
2001.232422 0.095278 
2002.196871 0.095323 
2003.161321 0.095403 
2004.125770 0.095461 
2005.090219 0.095488 
2006.054669 0.095529 
2007.019118 0.095665 
2007.983568 0.095740 
2008.948017 0.095751 
2009.912466 0.095835 
2010.876916 0.095939 
2011.841365 0.096013 
2012.805814 0.096078 
2013.770264 0.096189 
2014.734713 0.096320 
2015.699162 0.096453 
2016.663612 0.096863 
2017.628061 0.097042 
2018.592510 0.097144 
2019.556960 0.097223 
2020.521409 0.097084 
2021.485859 0.097108 
2022.450308 0.097274 
2023.414757 0.097517 
2024.379207 0.097583 
2025.343656 0.097688 
2026.308105 0.097892 
2027.272555 0.098370 
2028.237004 0.099443 
2029.201453 0.100095 
2030.165903 0.099305 
2031.130352 0.098777 
2032.094802 0.098801 
2033.059251 0.098934 
2034.023700 0.098957 
2034.988150 0.099013 
2035.952599 0.099015 
2036.917048 0.099030 
2037.881498 0.099018 
2038.845947 0.098992 
2039.810396 0.098987 
2040.774846 0.099226 
2041.739295 0.099371 
2042.703744 0.099137 
2043.668194 0.099097 
2044.632643 0.099162 
2045.597093 0.099177 
2046.561542 0.099208 
2047.525991 0.099216 
2048.490441 0.099351 
2049.454890 0.099398 
2050.419339 0.099373 
2051.383789 0.099415 
2052.348238 0.099494 
2053.312687 0.099515 
2054.277137 0.099468 
2055.241586 0.099448 
2056.206036 0.099481 
2057.170485 0.099512 
2058.134934 0.099546 
2059.099384 0.099550 
2060.063833 0.099624 
2061.028282 0.099661 
2061.992732 0.099658 
2062.957181 0.099669 
2063.921630 0.099790 
2064.886080 0.100137 
2065.850529 0.100144 
2066.814978 0.099906 
2067.779428 0.099880 
2068.743877 0.100004 
2069.708327 0.100075 
2070.672776 0.100055 
2071.637225 0.100069 
2072.601675 0.100203 
2073.566124 0.100372 
2074.530573 0.100445 
2075.495023 0.100486 
2076.459472 0.100570 
2077.423921 0.100703 
2078.388371 0.100758 
2079.352820 0.100730 
2080.317270 0.100693 
2081.281719 0.100752 
2082.246168 0.100732 
2083.210618 0.100641 
2084.175067 0.100520 
2085.139516 0.100454 
2086.103966 0.100440 
2087.068415 0.100407 
2088.032864 0.100289 
2088.997314 0.100226 
2089.961763 0.100382 
2090.926212 0.100319 
2091.890662 0.100077 
2092.855111 0.100026 
2093.819561 0.100079 
2094.784010 0.100104 
2095.748459 0.099982 
2096.712909 0.099921 
2097.677358 0.099932 
2098.641807 0.099968 
2099.606257 0.099890 
2100.570706 0.099710 
2101.535155 0.099546 
2102.499605 0.099519 
2103.464054 0.099433 
2104.428504 0.099214 
2105.392953 0.099042 
2106.357402 0.099018 
2107.321852 0.098958 
2108.286301 0.098756 
2109.250750 0.098565 
2110.215200 0.098528 
2111.179649 0.098559 
2112.144098 0.098488 
2113.108548 0.098293 
2114.072997 0.098281 
2115.037446 0.098419 
2116.001896 0.098383 
2116.966345 0.098195 
2117.930795 0.098122 
2118.895244 0.098076 
2119.859693 0.098057 
2120.824143 0.097918 
2121.788592 0.097840 
2122.753041 0.097836 
2123.717491 0.097857 
2124.681940 0.097757 
2125.646389 0.097637 
2126.610839 0.097600 
2127.575288 0.097652 
2128.539738 0.097629 
2129.504187 0.097584 
2130.468636 0.097568 
2131.433086 0.097629 
2132.397535 0.097558 
2133.361984 0.097497 
2134.326434 0.097515 
2135.290883 0.097585 
2136.255332 0.097614 
2137.219782 0.097514 
2138.184231 0.097391 
2139.148680 0.097388 
2140.113130 0.097380 
2141.077579 0.097292 
2142.042029 0.097218 
2143.006478 0.097211 
2143.970927 0.097220 
2144.935377 0.097202 
2145.899826 0.097159 
2146.864275 0.097169 
2147.828725 0.097164 
2148.793174 0.097164 
2149.757623 0.097134 
2150.722073 0.097218 
2151.686522 0.097294 
2152.650972 0.097297 
2153.615421 0.097311 
2154.579870 0.097398 
2155.544320 0.097455 
2156.508769 0.097494 
2157.473218 0.097586 
2158.437668 0.097715 
2159.402117 0.097743 
2160.366566 0.097810 
2161.331016 0.097978 
2162.295465 0.098073 
2163.259914 0.098067 
2164.224364 0.098129 
2165.188813 0.098257 
2166.153263 0.098335 
2167.117712 0.098318 
2168.082161 0.098388 
2169.046611 0.098483 
2170.011060 0.098472 
2170.975509 0.098408 
2171.939959 0.098471 
2172.904408 0.098529 
2173.868857 0.098479 
2174.833307 0.098430 
2175.797756 0.098484 
2176.762206 0.098451 
2177.726655 0.098335 
2178.691104 0.098291 
2179.655554 0.098365 
2180.620003 0.098284 
2181.584452 0.098204 
2182.548902 0.098260 
2183.513351 0.098306 
2184.477800 0.098249 
2185.442250 0.098289 
2186.406699 0.098401 
2187.371148 0.098396 
2188.335598 0.098342 
2189.300047 0.098432 
2190.264497 0.098445 
2191.228946 0.098353 
2192.193395 0.098348 
2193.157845 0.098468 
2194.122294 0.098453 
2195.086743 0.098391 
2196.051193 0.098464 
2197.015642 0.098511 
2197.980091 0.098406 
2198.944541 0.098384 
2199.908990 0.098413 
2200.873440 0.098376 
2201.837889 0.098356 
2202.802338 0.098372 
2203.766788 0.098297 
2204.731237 0.098276 
2205.695686 0.098321 
2206.660136 0.098371 
2207.624585 0.098346 
2208.589034 0.098330 
2209.553484 0.098348 
2210.517933 0.098366 
2211.482382 0.098350 
2212.446832 0.098348 
2213.411281 0.098368 
2214.375731 0.098415 
2215.340180 0.098435 
2216.304629 0.098401 
2217.269079 0.098359 
2218.233528 0.098400 
2219.197977 0.098434 
2220.162427 0.098415 
2221.126876 0.098399 
2222.091325 0.098423 
2223.055775 0.098438 
2224.020224 0.098421 
2224.984674 0.098412 
2225.949123 0.098431 
2226.913572 0.098461 
2227.878022 0.098503 
2228.842471 0.098478 
2229.806920 0.098475 
2230.771370 0.098509 
2231.735819 0.098581 
2232.700268 0.098604 
2233.664718 0.098641 
2234.629167 0.098684 
2235.593616 0.098744 
2236.558066 0.098747 
2237.522515 0.098783 
2238.486965 0.098837 
2239.451414 0.098920 
2240.415863 0.098975 
2241.380313 0.099063 
2242.344762 0.099120 
2243.309211 0.099196 
2244.273661 0.099267 
2245.238110 0.099354 
2246.202559 0.099389 
2247.167009 0.099482 
2248.131458 0.099579 
2249.095908 0.099687 
2250.060357 0.099757 
2251.024806 0.099820 
2251.989256 0.099907 
2252.953705 0.100017 
2253.918154 0.100099 
2254.882604 0.100178 
2255.847053 0.100251 
2256.811502 0.100376 
2257.775952 0.100451 
2258.740401 0.100527 
2259.704850 0.100589 
2260.669300 0.100652 
2261.633749 0.100677 
2262.598199 0.100778 
2263.562648 0.100815 
2264.527097 0.100857 
2265.491547 0.100889 
2266.455996 0.100972 
2267.420445 0.101014 
2268.384895 0.101098 
2269.349344 0.101155 
2270.313793 0.101214 
2271.278243 0.101330 
2272.242692 0.101458 
2273.207142 0.101460 
2274.171591 0.101526 
2275.136040 0.101627 
2276.100490 0.101717 
2277.064939 0.101777 
2278.029388 0.101871 
2278.993838 0.101887 
2279.958287 0.101986 
2280.922736 0.102042 
2281.887186 0.102131 
2282.851635 0.102172 
2283.816084 0.102219 
2284.780534 0.102197 
2285.744983 0.102154 
2286.709433 0.102082 
2287.673882 0.102037 
2288.638331 0.102026 
2289.602781 0.102129 
2290.567230 0.102009 
2291.531679 0.102029 
2292.496129 0.101927 
2293.460578 0.101916 
2294.425027 0.101814 
2295.389477 0.101750 
2296.353926 0.101794 
2297.318376 0.101686 
2298.282825 0.101747 
2299.247274 0.101678 
2300.211724 0.101625 
2301.176173 0.101588 
2302.140622 0.101376 
2303.105072 0.101488 
2304.069521 0.101242 
2305.033970 0.101440 
2305.998420 0.101156 
2306.962869 0.101275 
2307.927318 0.100943 
2308.891768 0.100913 
2309.856217 0.100654 
2310.820667 0.100515 
2311.785116 0.100292 
2312.749565 0.099980 
2313.714015 0.099926 
2314.678464 0.099674 
2315.642913 0.099696 
2316.607363 0.099289 
2317.571812 0.099177 
2318.536261 0.098751 
2319.500711 0.098458 
2320.465160 0.097856 
2321.429610 0.097721 
2322.394059 0.097258 
2323.358508 0.097188 
2324.322958 0.096827 
2325.287407 0.096707 
2326.251856 0.096331 
2327.216306 0.096041 
2328.180755 0.095638 
2329.145204 0.095387 
2330.109654 0.095114 
2331.074103 0.094954 
2332.038552 0.094690 
2333.003002 0.094680 
2333.967451 0.094640 
2334.931901 0.094510 
2335.896350 0.094161 
2336.860799 0.093978 
2337.825249 0.093816 
2338.789698 0.093684 
2339.754147 0.093541 
2340.718597 0.093399 
2341.683046 0.093268 
2342.647495 0.093295 
2343.611945 0.093550 
2344.576394 0.094071 
2345.540844 0.094674 
2346.505293 0.095612 
2347.469742 0.096762 
2348.434192 0.097946 
2349.398641 0.097679 
2350.363090 0.096489 
2351.327540 0.095352 
2352.291989 0.094330 
2353.256438 0.093351 
2354.220888 0.092652 
2355.185337 0.092015 
2356.149786 0.091156 
2357.114236 0.090497 
2358.078685 0.090210 
2359.043135 0.090216 
2360.007584 0.090059 
2360.972033 0.090231 
2361.936483 0.090427 
2362.900932 0.090688 
2363.865381 0.090990 
2364.829831 0.091415 
2365.794280 0.091894 
2366.758729 0.092586 
2367.723179 0.093454 
2368.687628 0.094252 
2369.652078 0.095049 
2370.616527 0.095852 
2371.580976 0.096717 
2372.545426 0.097564 
2373.509875 0.098318 
2374.474324 0.098903 
2375.438774 0.099628 
2376.403223 0.100299 
2377.367672 0.100915 
2378.332122 0.101440 
2379.296571 0.101958 
2380.261020 0.102365 
2381.225470 0.102728 
2382.189919 0.103051 
2383.154369 0.103334 
2384.118818 0.103482 
2385.083267 0.103564 
2386.047717 0.103568 
2387.012166 0.103642 
2387.976615 0.103705 
2388.941065 0.103762 
2389.905514 0.103735 
2390.869963 0.103751 
2391.834413 0.103769 
2392.798862 0.103830 
2393.763312 0.103869 
2394.727761 0.103914 
2395.692210 0.103915 
2396.656660 0.103965 
2397.621109 0.103977 
2398.585558 0.104010 
2399.550008 0.104044 
2400.514457 0.104027 
2401.478906 0.103950 
2402.443356 0.103913 
2403.407805 0.103857 
2404.372254 0.103788 
2405.336704 0.103733 
2406.301153 0.103710 
2407.265603 0.103636 
2408.230052 0.103630 
2409.194501 0.103601 
2410.158951 0.103578 
2411.123400 0.103511 
2412.087849 0.103516 
2413.052299 0.103552 
2414.016748 0.103570 
2414.981197 0.103531 
2415.945647 0.103506 
2416.910096 0.103512 
2417.874546 0.103478 
2418.838995 0.103383 
2419.803444 0.103325 
2420.767894 0.103292 
2421.732343 0.103317 
2422.696792 0.103279 
2423.661242 0.103245 
2424.625691 0.103187 
2425.590140 0.103160 
2426.554590 0.103158 
2427.519039 0.103131 
2428.483488 0.103098 
2429.447938 0.103104 
2430.412387 0.103073 
2431.376837 0.103014 
2432.341286 0.103004 
2433.305735 0.103041 
2434.270185 0.103047 
2435.234634 0.103014 
2436.199083 0.102948 
2437.163533 0.102968 
2438.127982 0.102949 
2439.092431 0.102894 
2440.056881 0.102861 
2441.021330 0.102806 
2441.985780 0.102772 
2442.950229 0.102749 
2443.914678 0.102662 
2444.879128 0.102639 
2445.843577 0.102632 
2446.808026 0.102628 
2447.772476 0.102627 
2448.736925 0.102564 
2449.701374 0.102536 
2450.665824 0.102553 
2451.630273 0.102494 
2452.594722 0.102478 
2453.559172 0.102533 
2454.523621 0.102563 
2455.488071 0.102514 
2456.452520 0.102492 
2457.416969 0.102522 
2458.381419 0.102544 
2459.345868 0.102523 
2460.310317 0.102524 
2461.274767 0.102500 
2462.239216 0.102469 
2463.203665 0.102497 
2464.168115 0.102557 
2465.132564 0.102590 
2466.097014 0.102576 
2467.061463 0.102567 
2468.025912 0.102604 
2468.990362 0.102570 
2469.954811 0.102574 
2470.919260 0.102609 
2471.883710 0.102636 
2472.848159 0.102665 
2473.812608 0.102712 
2474.777058 0.102710 
2475.741507 0.102725 
2476.705956 0.102736 
2477.670406 0.102758 
2478.634855 0.102826 
2479.599305 0.102901 
2480.563754 0.102942 
2481.528203 0.102931 
2482.492653 0.102947 
2483.457102 0.103028 
2484.421551 0.103043 
2485.386001 0.103030 
2486.350450 0.103109 
2487.314899 0.103181 
2488.279349 0.103190 
2489.243798 0.103216 
2490.208248 0.103268 
2491.172697 0.103332 
2492.137146 0.103382 
2493.101596 0.103431 
2494.066045 0.103456 
2495.030494 0.103436 
2495.994944 0.103391 
2496.959393 0.103409 
2497.923842 0.103455 
2498.888292 0.103500 
2499.852741 0.103579 
2500.817190 0.103639 
2501.781640 0.103683 
2502.746089 0.103759 
2503.710539 0.103764 
2504.674988 0.103750 
2505.639437 0.103793 
2506.603887 0.103862 
2507.568336 0.103867 
2508.532785 0.103868 
2509.497235 0.103896 
2510.461684 0.103932 
2511.426133 0.103965 
2512.390583 0.104025 
2513.355032 0.104073 
2514.319482 0.104106 
2515.283931 0.104125 
2516.248380 0.104178 
2517.212830 0.104255 
2518.177279 0.104327 
2519.141728 0.104314 
2520.106178 0.104330 
2521.070627 0.104365 
2522.035076 0.104427 
2522.999526 0.104468 
2523.963975 0.104444 
2524.928424 0.104479 
2525.892874 0.104504 
2526.857323 0.104459 
2527.821773 0.104495 
2528.786222 0.104531 
2529.750671 0.104587 
2530.715121 0.104626 
2531.679570 0.104708 
2532.644019 0.104780 
2533.608469 0.104805 
2534.572918 0.104832 
2535.537367 0.104909 
2536.501817 0.104953 
2537.466266 0.105006 
2538.430716 0.105050 
2539.395165 0.105173 
2540.359614 0.105262 
2541.324064 0.105347 
2542.288513 0.105395 
2543.252962 0.105420 
2544.217412 0.105459 
2545.181861 0.105554 
2546.146310 0.105625 
2547.110760 0.105736 
2548.075209 0.105850 
2549.039658 0.105972 
2550.004108 0.106041 
2550.968557 0.106142 
2551.933007 0.106249 
2552.897456 0.106326 
2553.861905 0.106449 
2554.826355 0.106659 
2555.790804 0.106789 
2556.755253 0.106895 
2557.719703 0.107006 
2558.684152 0.107123 
2559.648601 0.107241 
2560.613051 0.107414 
2561.577500 0.107567 
2562.541950 0.107667 
2563.506399 0.107768 
2564.470848 0.107968 
2565.435298 0.108202 
2566.399747 0.108493 
2567.364196 0.108741 
2568.328646 0.108951 
2569.293095 0.109205 
2570.257544 0.109551 
2571.221994 0.109872 
2572.186443 0.110184 
2573.150892 0.110550 
2574.115342 0.111006 
2575.079791 0.111372 
2576.044241 0.111751 
2577.008690 0.112189 
2577.973139 0.112633 
2578.937589 0.112980 
2579.902038 0.113314 
2580.866487 0.113696 
2581.830937 0.114074 
2582.795386 0.114364 
2583.759835 0.114614 
2584.724285 0.114776 
2585.688734 0.114973 
2586.653184 0.115145 
2587.617633 0.115280 
2588.582082 0.115408 
2589.546532 0.115500 
2590.510981 0.115550 
2591.475430 0.115600 
2592.439880 0.115637 
2593.404329 0.115681 
2594.368778 0.115629 
2595.333228 0.115602 
2596.297677 0.115531 
2597.262126 0.115470 
2598.226576 0.115416 
2599.191025 0.115381 
2600.155475 0.115307 
2601.119924 0.115228 
2602.084373 0.115157 
2603.048823 0.115122 
2604.013272 0.115120 
2604.977721 0.115129 
2605.942171 0.115113 
2606.906620 0.115157 
2607.871069 0.115182 
2608.835519 0.115259 
2609.799968 0.115316 
2610.764418 0.115381 
2611.728867 0.115461 
2612.693316 0.115551 
2613.657766 0.115642 
2614.622215 0.115764 
2615.586664 0.115849 
2616.551114 0.115953 
2617.515563 0.116076 
2618.480012 0.116173 
2619.444462 0.116231 
2620.408911 0.116320 
2621.373360 0.116378 
2622.337810 0.116436 
2623.302259 0.116529 
2624.266709 0.116583 
2625.231158 0.116541 
2626.195607 0.116616 
2627.160057 0.116688 
2628.124506 0.116665 
2629.088955 0.116632 
2630.053405 0.116644 
2631.017854 0.116666 
2631.982303 0.116665 
2632.946753 0.116640 
2633.911202 0.116615 
2634.875652 0.116641 
2635.840101 0.116717 
2636.804550 0.116758 
2637.769000 0.116750 
2638.733449 0.116769 
2639.697898 0.116858 
2640.662348 0.116919 
2641.626797 0.116982 
2642.591246 0.116987 
2643.555696 0.117026 
2644.520145 0.117168 
2645.484594 0.117363 
2646.449044 0.117548 
2647.413493 0.117768 
2648.377943 0.117972 
2649.342392 0.118265 
2650.306841 0.118565 
2651.271291 0.118929 
2652.235740 0.119272 
2653.200189 0.119566 
2654.164639 0.119805 
2655.129088 0.120129 
2656.093537 0.120388 
2657.057987 0.120561 
2658.022436 0.120711 
2658.986886 0.120905 
2659.951335 0.121076 
2660.915784 0.121251 
2661.880234 0.121318 
2662.844683 0.121409 
2663.809132 0.121612 
2664.773582 0.121862 
2665.738031 0.121984 
2666.702480 0.122098 
2667.666930 0.122246 
2668.631379 0.122487 
2669.595828 0.122711 
2670.560278 0.122950 
2671.524727 0.123226 
2672.489177 0.123629 
2673.453626 0.124054 
2674.418075 0.124549 
2675.382525 0.125134 
2676.346974 0.125779 
2677.311423 0.126410 
2678.275873 0.127098 
2679.240322 0.127767 
2680.204771 0.128485 
2681.169221 0.129225 
2682.133670 0.129921 
2683.098120 0.130516 
2684.062569 0.131120 
2685.027018 0.131759 
2685.991468 0.132408 
2686.955917 0.133025 
2687.920366 0.133727 
2688.884816 0.134415 
2689.849265 0.135206 
2690.813714 0.135972 
2691.778164 0.136706 
2692.742613 0.137427 
2693.707062 0.138146 
2694.671512 0.138864 
2695.635961 0.139675 
2696.600411 0.140362 
2697.564860 0.141081 
2698.529309 0.141786 
2699.493759 0.142444 
2700.458208 0.143013 
2701.422657 0.143503 
2702.387107 0.143824 
2703.351556 0.144077 
2704.316005 0.144181 
2705.280455 0.144309 
2706.244904 0.144523 
2707.209354 0.144946 
2708.173803 0.145469 
2709.138252 0.146063 
2710.102702 0.146687 
2711.067151 0.147390 
2712.031600 0.148027 
2712.996050 0.148578 
2713.960499 0.149043 
2714.924948 0.149546 
2715.889398 0.149962 
2716.853847 0.150294 
2717.818296 0.150525 
2718.782746 0.150894 
2719.747195 0.151298 
2720.711645 0.151813 
2721.676094 0.152442 
2722.640543 0.153171 
2723.604993 0.154024 
2724.569442 0.155110 
2725.533891 0.156155 
2726.498341 0.157263 
2727.462790 0.158484 
2728.427239 0.159797 
2729.391689 0.161031 
2730.356138 0.162199 
2731.320588 0.163171 
2732.285037 0.163967 
2733.249486 0.164336 
2734.213936 0.164442 
2735.178385 0.164268 
2736.142834 0.163968 
2737.107284 0.163488 
2738.071733 0.162917 
2739.036182 0.162213 
2740.000632 0.161476 
2740.965081 0.160637 
2741.929530 0.159776 
2742.893980 0.158877 
2743.858429 0.158032 
2744.822879 0.157146 
2745.787328 0.156376 
2746.751777 0.155802 
2747.716227 0.155328 
2748.680676 0.154888 
2749.645125 0.154586 
2750.609575 0.154221 
2751.574024 0.153929 
2752.538473 0.153688 
2753.502923 0.153549 
2754.467372 0.153349 
2755.431822 0.153301 
2756.396271 0.153278 
2757.360720 0.153308 
2758.325170 0.153402 
2759.289619 0.153622 
2760.254068 0.153947 
2761.218518 0.154423 
2762.182967 0.154983 
2763.147416 0.155679 
2764.111866 0.156412 
2765.076315 0.157209 
2766.040764 0.158106 
2767.005214 0.159210 
2767.969663 0.160395 
2768.934113 0.161630 
2769.898562 0.162894 
2770.863011 0.164365 
2771.827461 0.165889 
2772.791910 0.167519 
2773.756359 0.169239 
2774.720809 0.171136 
2775.685258 0.173099 
2776.649707 0.175336 
2777.614157 0.177808 
2778.578606 0.180595 
2779.543056 0.183758 
2780.507505 0.187358 
2781.471954 0.191233 
2782.436404 0.195621 
2783.400853 0.200308 
2784.365302 0.205539 
2785.329752 0.211110 
2786.294201 0.217117 
2787.258650 0.223426 
2788.223100 0.229948 
2789.187549 0.236367 
2790.151998 0.242925 
2791.116448 0.249352 
2792.080897 0.255492 
2793.045347 0.260934 
2794.009796 0.265690 
2794.974245 0.269213 
2795.938695 0.271450 
2796.903144 0.272058 
2797.867593 0.271123 
2798.832043 0.268503 
2799.796492 0.264694 
2800.760941 0.259856 
2801.725391 0.254482 
2802.689840 0.248753 
2803.654290 0.243238 
2804.618739 0.237917 
2805.583188 0.233085 
2806.547638 0.228885 
2807.512087 0.225576 
2808.476536 0.222859 
2809.440986 0.220915 
2810.405435 0.219573 
2811.369884 0.218941 
2812.334334 0.218743 
2813.298783 0.219067 
2814.263232 0.219806 
2815.227682 0.221030 
2816.192131 0.222495 
2817.156581 0.224494 
2818.121030 0.226896 
2819.085479 0.229906 
2820.049929 0.233372 
2821.014378 0.237454 
2821.978827 0.242042 
2822.943277 0.247331 
2823.907726 0.253175 
2824.872175 0.259724 
2825.836625 0.266743 
2826.801074 0.274455 
2827.765524 0.282630 
2828.729973 0.291353 
2829.694422 0.300468 
2830.658872 0.310285 
2831.623321 0.320533 
2832.587770 0.331846 
2833.552220 0.344185 
2834.516669 0.358198 
2835.481118 0.373786 
2836.445568 0.391364 
2837.410017 0.410687 
2838.374466 0.432492 
2839.338916 0.456609 
2840.303365 0.483345 
2841.267815 0.511469 
2842.232264 0.541309 
2843.196713 0.571255 
2844.161163 0.601202 
2845.125612 0.629788 
2846.090061 0.658107 
2847.054511 0.685426 
2848.018960 0.713839 
2848.983409 0.742913 
2849.947859 0.773884 
2850.912308 0.804872 
2851.876758 0.837410 
2852.841207 0.869135 
2853.805656 0.901347 
2854.770106 0.931093 
2855.734555 0.960172 
2856.699004 0.986518 
2857.663454 1.013834 
2858.627903 1.038035 
2859.592352 1.063600 
2860.556802 1.089099 
2861.521251 1.116084 
2862.485700 1.137899 
2863.450150 1.158033 
2864.414599 1.171055 
2865.379049 1.179088 
2866.343498 1.177514 
2867.307947 1.173892 
2868.272397 1.164433 
2869.236846 1.158172 
2870.201295 1.154502 
2871.165745 1.159543 
2872.130194 1.167702 
2873.094643 1.176854 
2874.059093 1.172051 
2875.023542 1.146061 
2875.987992 1.092159 
2876.952441 1.022821 
2877.916890 0.946290 
2878.881340 0.874338 
2879.845789 0.809022 
2880.810238 0.753473 
2881.774688 0.705794 
2882.739137 0.666413 
2883.703586 0.633074 
2884.668036 0.606124 
2885.632485 0.584073 
2886.596934 0.567084 
2887.561384 0.553704 
2888.525833 0.544129 
2889.490283 0.537384 
2890.454732 0.533741 
2891.419181 0.532152 
2892.383631 0.533415 
2893.348080 0.536243 
2894.312529 0.541004 
2895.276979 0.546730 
2896.241428 0.553948 
2897.205877 0.561888 
2898.170327 0.571247 
2899.134776 0.580980 
2900.099226 0.591639 
2901.063675 0.602099 
2902.028124 0.612844 
2902.992574 0.622886 
2903.957023 0.633726 
2904.921472 0.645020 
2905.885922 0.658334 
2906.850371 0.672718 
2907.814820 0.688823 
2908.779270 0.705151 
2909.743719 0.722247 
2910.708168 0.738375 
2911.672618 0.753946 
2912.637067 0.766559 
2913.601517 0.777690 
2914.565966 0.786034 
2915.530415 0.793614 
2916.494865 0.800211 
2917.459314 0.809050 
2918.423763 0.819407 
2919.388213 0.834371 
2920.352662 0.853292 
2921.317111 0.878214 
2922.281561 0.907817 
2923.246010 0.943892 
2924.210460 0.983980 
2925.174909 1.029921 
2926.139358 1.077840 
2927.103808 1.128792 
2928.068257 1.177472 
2929.032706 1.227400 
2929.997156 1.273777 
2930.961605 1.321250 
2931.926054 1.360089 
2932.890504 1.391534 
2933.854953 1.406292 
2934.819402 1.407278 
2935.783852 1.386096 
2936.748301 1.351852 
2937.712751 1.302871 
2938.677200 1.251341 
2939.641649 1.196308 
2940.606099 1.146597 
2941.570548 1.099919 
2942.534997 1.060074 
2943.499447 1.024738 
2944.463896 0.998518 
2945.428345 0.978508 
2946.392795 0.966875 
2947.357244 0.962850 
2948.321694 0.969641 
2949.286143 0.984249 
2950.250592 1.009835 
2951.215042 1.044385 
2952.179491 1.092585 
2953.143940 1.153905 
2954.108390 1.230844 
2955.072839 1.314481 
2956.037288 1.404978 
2957.001738 1.489441 
2957.966187 1.569414 
2958.930636 1.626852 
2959.895086 1.664241 
2960.859535 1.670988 
2961.823985 1.657277 
2962.788434 1.614639 
2963.752883 1.559726 
2964.717333 1.483255 
2965.681782 1.395324 
2966.646231 1.295361 
2967.610681 1.195276 
2968.575130 1.094209 
2969.539579 0.999722 
2970.504029 0.909636 
2971.468478 0.827854 
2972.432928 0.753446 
2973.397377 0.687630 
2974.361826 0.628757 
2975.326276 0.577540 
2976.290725 0.532366 
2977.255174 0.493159 
2978.219624 0.458382 
2979.184073 0.428210 
2980.148522 0.401675 
2981.112972 0.378506 
2982.077421 0.357814 
2983.041870 0.339566 
2984.006320 0.323048 
2984.970769 0.308264 
2985.935219 0.294797 
2986.899668 0.282780 
2987.864117 0.271920 
2988.828567 0.262231 
2989.793016 0.253348 
2990.757465 0.245361 
2991.721915 0.237981 
2992.686364 0.231404 
2993.650813 0.225443 
2994.615263 0.220107 
2995.579712 0.215052 
2996.544162 0.210442 
2997.508611 0.206169 
2998.473060 0.202319 
2999.437510 0.198704 
3000.401959 0.195495 
3001.366408 0.192365 
3002.330858 0.189444 
3003.295307 0.186634 
3004.259756 0.184102 
3005.224206 0.181783 
3006.188655 0.179579 
3007.153104 0.177450 
3008.117554 0.175532 
3009.082003 0.173692 
3010.046453 0.171971 
3011.010902 0.170147 
3011.975351 0.168593 
3012.939801 0.167090 
3013.904250 0.165495 
3014.868699 0.164112 
3015.833149 0.162923 
3016.797598 0.161544 
3017.762047 0.160302 
3018.726497 0.159119 
3019.690946 0.157994 
3020.655396 0.156952 
3021.619845 0.155995 
3022.584294 0.155029 
3023.548744 0.154094 
3024.513193 0.153044 
3025.477642 0.152098 
3026.442092 0.151194 
3027.406541 0.150332 
3028.370990 0.149557 
3029.335440 0.148784 
3030.299889 0.147955 
3031.264338 0.147360 
3032.228788 0.146724 
3033.193237 0.145969 
3034.157687 0.145285 
3035.122136 0.144580 
3036.086585 0.143915 
3037.051035 0.143419 
3038.015484 0.142873 
3038.979933 0.142327 
3039.944383 0.141740 
3040.908832 0.141248 
3041.873281 0.140720 
3042.837731 0.140186 
3043.802180 0.139700 
3044.766630 0.139227 
3045.731079 0.138717 
3046.695528 0.138302 
3047.659978 0.137828 
3048.624427 0.137493 
3049.588876 0.137180 
3050.553326 0.136767 
3051.517775 0.136324 
3052.482224 0.136022 
3053.446674 0.135740 
3054.411123 0.135407 
3055.375572 0.135039 
3056.340022 0.134801 
3057.304471 0.134399 
3058.268921 0.134088 
3059.233370 0.133904 
3060.197819 0.133693 
3061.162269 0.133435 
3062.126718 0.133247 
3063.091167 0.132925 
3064.055617 0.132683 
3065.020066 0.132515 
3065.984515 0.132374 
3066.948965 0.132256 
3067.913414 0.132001 
3068.877864 0.131777 
3069.842313 0.131668 
3070.806762 0.131524 
3071.771212 0.131373 
3072.735661 0.131291 
3073.700110 0.131203 
3074.664560 0.131147 
3075.629009 0.131098 
3076.593458 0.130971 
3077.557908 0.130881 
3078.522357 0.130807 
3079.486806 0.130808 
3080.451256 0.130683 
3081.415705 0.130556 
3082.380155 0.130636 
3083.344604 0.130644 
3084.309053 0.130454 
3085.273503 0.130346 
3086.237952 0.130364 
3087.202401 0.130359 
3088.166851 0.130337 
3089.131300 0.130341 
3090.095749 0.130243 
3091.060199 0.130113 
3092.024648 0.130045 
3092.989098 0.130062 
3093.953547 0.130018 
3094.917996 0.129912 
3095.882446 0.129960 
3096.846895 0.130028 
3097.811344 0.130028 
3098.775794 0.130041 
3099.740243 0.129990 
3100.704692 0.129860 
3101.669142 0.129790 
3102.633591 0.129774 
3103.598040 0.129794 
3104.562490 0.129878 
3105.526939 0.130045 
3106.491389 0.130103 
3107.455838 0.130166 
3108.420287 0.130159 
3109.384737 0.130118 
3110.349186 0.130126 
3111.313635 0.130067 
3112.278085 0.130157 
3113.242534 0.130315 
3114.206983 0.130403 
3115.171433 0.130378 
3116.135882 0.130459 
3117.100332 0.130483 
3118.064781 0.130549 
3119.029230 0.130642 
3119.993680 0.130579 
3120.958129 0.130462 
3121.922578 0.130546 
3122.887028 0.130740 
3123.851477 0.130808 
3124.815926 0.130881 
3125.780376 0.130914 
3126.744825 0.131005 
3127.709274 0.131185 
3128.673724 0.131278 
3129.638173 0.131211 
3130.602623 0.131182 
3131.567072 0.131217 
3132.531521 0.131321 
3133.495971 0.131431 
3134.460420 0.131441 
3135.424869 0.131599 
3136.389319 0.131795 
3137.353768 0.131913 
3138.318217 0.131917 
3139.282667 0.132007 
3140.247116 0.131956 
3141.211566 0.132045 
3142.176015 0.132208 
3143.140464 0.132343 
3144.104914 0.132449 
3145.069363 0.132487 
3146.033812 0.132512 
3146.998262 0.132660 
3147.962711 0.132774 
3148.927160 0.132846 
3149.891610 0.132986 
3150.856059 0.133180 
3151.820508 0.133295 
3152.784958 0.133367 
3153.749407 0.133348 
3154.713857 0.133547 
3155.678306 0.133720 
3156.642755 0.133723 
3157.607205 0.133780 
3158.571654 0.133975 
3159.536103 0.134131 
3160.500553 0.134199 
3161.465002 0.134349 
3162.429451 0.134564 
3163.393901 0.134770 
3164.358350 0.134947 
3165.322800 0.135126 
3166.287249 0.135252 
3167.251698 0.135363 
3168.216148 0.135599 
3169.180597 0.135821 
3170.145046 0.136031 
3171.109496 0.136168 
3172.073945 0.136374 
3173.038394 0.136534 
3174.002844 0.136682 
3174.967293 0.136868 
3175.931742 0.137095 
3176.896192 0.137160 
3177.860641 0.137383 
3178.825091 0.137645 
3179.789540 0.137823 
3180.753989 0.138082 
3181.718439 0.138366 
3182.682888 0.138597 
3183.647337 0.138731 
3184.611787 0.138890 
3185.576236 0.139135 
3186.540685 0.139369 
3187.505135 0.139638 
3188.469584 0.139766 
3189.434034 0.139881 
3190.398483 0.140084 
3191.362932 0.140339 
3192.327382 0.140419 
3193.291831 0.140499 
3194.256280 0.140737 
3195.220730 0.141099 
3196.185179 0.141233 
3197.149628 0.141287 
3198.114078 0.141472 
3199.078527 0.141628 
3200.042976 0.141782 
3201.007426 0.141964 
3201.971875 0.142129 
3202.936325 0.142257 
3203.900774 0.142428 
3204.865223 0.142628 
3205.829673 0.142649 
3206.794122 0.142718 
3207.758571 0.142878 
3208.723021 0.142874 
3209.687470 0.142932 
3210.651919 0.143078 
3211.616369 0.143138 
3212.580818 0.143301 
3213.545268 0.143486 
3214.509717 0.143567 
3215.474166 0.143554 
3216.438616 0.143714 
3217.403065 0.143839 
3218.367514 0.143875 
3219.331964 0.144019 
3220.296413 0.144217 
3221.260862 0.144260 
3222.225312 0.144295 
3223.189761 0.144440 
3224.154210 0.144637 
3225.118660 0.144766 
3226.083109 0.144847 
3227.047559 0.144939 
3228.012008 0.145094 
3228.976457 0.145248 
3229.940907 0.145446 
3230.905356 0.145558 
3231.869805 0.145754 
3232.834255 0.145893 
3233.798704 0.145938 
3234.763153 0.146067 
3235.727603 0.146264 
3236.692052 0.146462 
3237.656502 0.146648 
3238.620951 0.146801 
3239.585400 0.147010 
3240.549850 0.147229 
3241.514299 0.147423 
3242.478748 0.147593 
3243.443198 0.147737 
3244.407647 0.147925 
3245.372096 0.148236 
3246.336546 0.148395 
3247.300995 0.148549 
3248.265444 0.148746 
3249.229894 0.148966 
3250.194343 0.149178 
3251.158793 0.149464 
3252.123242 0.149586 
3253.087691 0.149735 
3254.052141 0.150115 
3255.016590 0.150413 
3255.981039 0.150543 
3256.945489 0.150853 
3257.909938 0.151174 
3258.874387 0.151299 
3259.838837 0.151430 
3260.803286 0.151765 
3261.767736 0.152040 
3262.732185 0.152381 
3263.696634 0.152624 
3264.661084 0.152892 
3265.625533 0.153164 
3266.589982 0.153406 
3267.554432 0.153655 
3268.518881 0.153990 
3269.483330 0.154316 
3270.447780 0.154573 
3271.412229 0.154682 
3272.376678 0.154855 
3273.341128 0.155259 
3274.305577 0.155581 
3275.270027 0.155653 
3276.234476 0.155997 
3277.198925 0.156291 
3278.163375 0.156632 
3279.127824 0.156938 
3280.092273 0.157217 
3281.056723 0.157499 
3282.021172 0.157831 
3282.985621 0.158220 
3283.950071 0.158651 
3284.914520 0.158952 
3285.878970 0.159228 
3286.843419 0.159527 
3287.807868 0.159812 
3288.772318 0.160069 
3289.736767 0.160386 
3290.701216 0.160717 
3291.665666 0.161019 
3292.630115 0.161277 
3293.594564 0.161649 
3294.559014 0.161998 
3295.523463 0.162237 
3296.487912 0.162478 
3297.452362 0.162824 
3298.416811 0.163219 
3299.381261 0.163677 
3300.345710 0.164044 
3301.310159 0.164415 
3302.274609 0.164728 
3303.239058 0.165071 
3304.203507 0.165372 
3305.167957 0.165668 
3306.132406 0.165915 
3307.096855 0.166230 
3308.061305 0.166631 
3309.025754 0.167018 
3309.990204 0.167331 
3310.954653 0.167786 
3311.919102 0.168104 
3312.883552 0.168374 
3313.848001 0.168692 
3314.812450 0.169090 
3315.776900 0.169454 
3316.741349 0.169863 
3317.705798 0.170231 
3318.670248 0.170630 
3319.634697 0.170949 
3320.599146 0.171286 
3321.563596 0.171630 
3322.528045 0.171982 
3323.492495 0.172261 
3324.456944 0.172693 
3325.421393 0.172920 
3326.385843 0.173164 
3327.350292 0.173552 
3328.314741 0.173985 
3329.279191 0.174287 
3330.243640 0.174649 
3331.208089 0.174909 
3332.172539 0.175232 
3333.136988 0.175528 
3334.101438 0.175878 
3335.065887 0.176151 
3336.030336 0.176422 
3336.994786 0.176841 
3337.959235 0.177026 
3338.923684 0.177165 
3339.888134 0.177504 
3340.852583 0.177848 
3341.817032 0.178211 
3342.781482 0.178384 
3343.745931 0.178616 
3344.710380 0.178955 
3345.674830 0.179335 
3346.639279 0.179584 
3347.603729 0.179871 
3348.568178 0.180151 
3349.532627 0.180352 
3350.497077 0.180446 
3351.461526 0.180670 
3352.425975 0.180945 
3353.390425 0.181293 
3354.354874 0.181585 
3355.319323 0.181918 
3356.283773 0.182140 
3357.248222 0.182394 
3358.212672 0.182696 
3359.177121 0.182952 
3360.141570 0.183118 
3361.106020 0.183406 
3362.070469 0.183818 
3363.034918 0.184064 
3363.999368 0.184262 
3364.963817 0.184479 
3365.928266 0.184633 
3366.892716 0.184919 
3367.857165 0.185223 
3368.821614 0.185336 
3369.786064 0.185505 
3370.750513 0.185765 
3371.714963 0.185963 
3372.679412 0.186237 
3373.643861 0.186505 
3374.608311 0.186817 
3375.572760 0.187010 
3376.537209 0.187163 
3377.501659 0.187415 
3378.466108 0.187740 
3379.430557 0.187890 
3380.395007 0.188112 
3381.359456 0.188386 
3382.323906 0.188608 
3383.288355 0.188794 
3384.252804 0.189090 
3385.217254 0.189329 
3386.181703 0.189535 
3387.146152 0.189689 
3388.110602 0.189845 
3389.075051 0.189997 
3390.039500 0.190276 
3391.003950 0.190273 
3391.968399 0.190440 
3392.932848 0.190950 
3393.897298 0.191086 
3394.861747 0.191115 
3395.826197 0.191330 
3396.790646 0.191851 
3397.755095 0.192210 
3398.719545 0.192148 
3399.683994 0.192253 
3400.648443 0.192422 
3401.612893 0.192627 
3402.577342 0.192771 
3403.541791 0.193109 
3404.506241 0.193315 
3405.470690 0.193452 
3406.435140 0.193602 
3407.399589 0.193864 
3408.364038 0.193999 
3409.328488 0.194182 
3410.292937 0.194438 
3411.257386 0.194682 
3412.221836 0.194706 
3413.186285 0.194794 
3414.150734 0.195063 
3415.115184 0.195291 
3416.079633 0.195483 
3417.044082 0.195669 
3418.008532 0.195920 
3418.972981 0.196111 
3419.937431 0.196321 
3420.901880 0.196604 
3421.866329 0.196710 
3422.830779 0.196965 
3423.795228 0.197073 
3424.759677 0.197230 
3425.724127 0.197323 
3426.688576 0.197431 
3427.653025 0.197613 
3428.617475 0.197831 
3429.581924 0.197848 
3430.546374 0.198021 
3431.510823 0.198230 
3432.475272 0.198457 
3433.439722 0.198631 
3434.404171 0.198775 
3435.368620 0.198922 
3436.333070 0.199146 
3437.297519 0.199247 
3438.261968 0.199443 
3439.226418 0.199642 
3440.190867 0.199815 
3441.155316 0.199953 
3442.119766 0.200463 
3443.084215 0.200775 
3444.048665 0.200640 
3445.013114 0.200780 
3445.977563 0.200953 
3446.942013 0.201673 
3447.906462 0.201799 
3448.870911 0.201617 
3449.835361 0.201813 
3450.799810 0.201956 
3451.764259 0.202156 
3452.728709 0.202343 
3453.693158 0.202545 
3454.657608 0.202599 
3455.622057 0.202775 
3456.586506 0.202927 
3457.550956 0.203178 
3458.515405 0.203419 
3459.479854 0.203360 
3460.444304 0.203414 
3461.408753 0.203727 
3462.373202 0.204008 
3463.337652 0.204150 
3464.302101 0.204079 
3465.266550 0.204142 
3466.231000 0.204270 
3467.195449 0.204430 
3468.159899 0.204309 
3469.124348 0.204340 
3470.088797 0.204403 
3471.053247 0.204548 
3472.017696 0.204559 
3472.982145 0.204571 
3473.946595 0.204545 
3474.911044 0.204596 
3475.875493 0.204491 
3476.839943 0.204544 
3477.804392 0.204542 
3478.768842 0.204400 
3479.733291 0.204215 
3480.697740 0.204244 
3481.662190 0.204090 
3482.626639 0.204031 
3483.591088 0.203500 
3484.555538 0.203324 
3485.519987 0.203053 
3486.484436 0.202529 
3487.448886 0.202303 
3488.413335 0.202343 
3489.377784 0.201662 
3490.342234 0.201382 
3491.306683 0.200980 
3492.271133 0.200373 
3493.235582 0.199819 
3494.200031 0.199424 
3495.164481 0.198904 
3496.128930 0.198397 
3497.093379 0.197806 
3498.057829 0.197045 
3499.022278 0.196472 
3499.986727 0.196140 
3500.951177 0.195608 
3501.915626 0.195181 
3502.880076 0.194587 
3503.844525 0.193556 
3504.808974 0.192432 
3505.773424 0.191573 
3506.737873 0.190688 
3507.702322 0.189716 
3508.666772 0.189231 
3509.631221 0.189220 
3510.595670 0.187755 
3511.560120 0.186595 
3512.524569 0.185559 
3513.489018 0.184550 
3514.453468 0.183493 
3515.417917 0.182685 
3516.382367 0.181801 
3517.346816 0.181005 
3518.311265 0.179967 
3519.275715 0.179085 
3520.240164 0.177947 
3521.204613 0.176898 
3522.169063 0.176160 
3523.133512 0.175969 
3524.097961 0.174897 
3525.062411 0.173623 
3526.026860 0.172539 
3526.991310 0.171881 
3527.955759 0.170753 
3528.920208 0.169602 
3529.884658 0.168285 
3530.849107 0.167593 
3531.813556 0.166830 
3532.778006 0.165716 
3533.742455 0.164837 
3534.706904 0.163881 
3535.671354 0.163255 
3536.635803 0.162932 
3537.600252 0.161467 
3538.564702 0.160489 
3539.529151 0.159756 
3540.493601 0.159002 
3541.458050 0.158014 
3542.422499 0.157152 
3543.386949 0.156435 
3544.351398 0.156257 
3545.315847 0.156032 
3546.280297 0.155057 
3547.244746 0.154779 
3548.209195 0.153147 
3549.173645 0.151832 
3550.138094 0.151217 
3551.102544 0.150479 
3552.066993 0.150426 
3553.031442 0.149842 
3553.995892 0.149256 
3554.960341 0.148263 
3555.924790 0.147466 
3556.889240 0.147002 
3557.853689 0.146344 
3558.818138 0.145663 
3559.782588 0.145916 
3560.747037 0.145269 
3561.711486 0.144086 
3562.675936 0.143552 
3563.640385 0.143049 
3564.604835 0.142141 
3565.569284 0.142873 
3566.533733 0.143658 
3567.498183 0.142670 
3568.462632 0.142742 
3569.427081 0.140208 
3570.391531 0.139671 
3571.355980 0.139249 
3572.320429 0.138660 
3573.284879 0.138391 
3574.249328 0.138126 
3575.213778 0.137528 
3576.178227 0.136988 
3577.142676 0.136958 
3578.107126 0.136388 
3579.071575 0.136105 
3580.036024 0.136297 
3581.000474 0.135605 
3581.964923 0.134789 
3582.929372 0.134554 
3583.893822 0.134350 
3584.858271 0.133400 
3585.822720 0.133081 
3586.787170 0.134302 
3587.751619 0.133725 
3588.716069 0.134367 
3589.680518 0.132524 
3590.644967 0.131642 
3591.609417 0.131245 
3592.573866 0.131410 
3593.538315 0.131506 
3594.502765 0.130511 
3595.467214 0.131261 
3596.431663 0.130504 
3597.396113 0.129804 
3598.360562 0.130032 
3599.325012 0.129375 
3600.289461 0.129162 
3601.253910 0.129380 
3602.218360 0.129026 
3603.182809 0.129109 
3604.147258 0.128864 
3605.111708 0.128458 
3606.076157 0.128259 
3607.040606 0.129509 
3608.005056 0.128435 
3608.969505 0.129458 
3609.933954 0.129974 
3610.898404 0.128038 
3611.862853 0.128660 
3612.827303 0.129927 
3613.791752 0.129054 
3614.756201 0.130236 
3615.720651 0.129973 
3616.685100 0.129503 
3617.649549 0.131094 
3618.613999 0.130949 
3619.578448 0.132322 
3620.542897 0.132815 
3621.507347 0.132870 
3622.471796 0.133432 
3623.436246 0.134202 
3624.400695 0.134396 
3625.365144 0.134868 
3626.329594 0.135412 
3627.294043 0.134625 
3628.258492 0.135587 
3629.222942 0.138567 
3630.187391 0.138018 
3631.151840 0.137087 
3632.116290 0.136894 
3633.080739 0.137312 
3634.045188 0.138759 
3635.009638 0.138598 
3635.974087 0.138566 
3636.938537 0.138626 
3637.902986 0.138905 
3638.867435 0.138815 
3639.831885 0.138562 
3640.796334 0.138175 
3641.760783 0.137765 
3642.725233 0.137226 
3643.689682 0.135706 
3644.654131 0.134185 
3645.618581 0.132351 
3646.583030 0.131732 
3647.547480 0.130336 
3648.511929 0.127543 
3649.476378 0.127235 
3650.440828 0.125706 
3651.405277 0.125718 
3652.369726 0.124102 
3653.334176 0.123951 
3654.298625 0.123185 
3655.263074 0.122389 
3656.227524 0.123705 
3657.191973 0.122513 
3658.156422 0.121183 
3659.120872 0.121436 
3660.085321 0.121403 
3661.049771 0.121229 
3662.014220 0.121089 
3662.978669 0.121084 
3663.943119 0.120960 
3664.907568 0.120826 
3665.872017 0.120739 
3666.836467 0.120286 
3667.800916 0.119724 
3668.765365 0.120053 
3669.729815 0.118705 
3670.694264 0.121128 
3671.658714 0.120910 
3672.623163 0.120092 
3673.587612 0.119724 
3674.552062 0.119787 
3675.516511 0.121675 
3676.480960 0.122286 
3677.445410 0.121684 
3678.409859 0.121836 
3679.374308 0.123161 
3680.338758 0.123588 
3681.303207 0.123476 
3682.267656 0.123997 
3683.232106 0.124111 
3684.196555 0.124295 
3685.161005 0.124094 
3686.125454 0.123559 
3687.089903 0.122466 
3688.054353 0.123109 
3689.018802 0.121753 
3689.983251 0.119266 
3690.947701 0.120999 
3691.912150 0.120476 
3692.876599 0.119363 
3693.841049 0.119410 
3694.805498 0.118790 
3695.769948 0.118386 
3696.734397 0.118292 
3697.698846 0.117682 
3698.663296 0.117232 
3699.627745 0.116703 
3700.592194 0.115758 
3701.556644 0.116994 
3702.521093 0.116708 
3703.485542 0.115473 
3704.449992 0.115607 
3705.414441 0.115667 
3706.378890 0.115676 
3707.343340 0.115078 
3708.307789 0.114207 
3709.272239 0.114896 
3710.236688 0.113986 
3711.201137 0.113377 
3712.165587 0.116245 
3713.130036 0.115055 
3714.094485 0.114427 
3715.058935 0.115343 
3716.023384 0.114867 
3716.987833 0.114147 
3717.952283 0.113742 
3718.916732 0.114792 
3719.881182 0.114335 
3720.845631 0.112939 
3721.810080 0.113716 
3722.774530 0.114793 
3723.738979 0.113470 
3724.703428 0.113903 
3725.667878 0.114127 
3726.632327 0.114629 
3727.596776 0.114193 
3728.561226 0.113475 
3729.525675 0.113174 
3730.490124 0.112318 
3731.454574 0.112204 
3732.419023 0.113334 
3733.383473 0.110817 
3734.347922 0.112613 
3735.312371 0.114739 
3736.276821 0.113690 
3737.241270 0.113341 
3738.205719 0.113256 
3739.170169 0.113133 
3740.134618 0.112779 
3741.099067 0.114051 
3742.063517 0.112687 
3743.027966 0.110882 
3743.992416 0.112632 
3744.956865 0.116682 
3745.921314 0.112430 
3746.885764 0.112383 
3747.850213 0.111872 
3748.814662 0.111934 
3749.779112 0.113511 
3750.743561 0.110174 
3751.708010 0.111597 
3752.672460 0.113904 
3753.636909 0.112924 
3754.601358 0.112871 
3755.565808 0.112724 
3756.530257 0.113738 
3757.494707 0.113124 
3758.459156 0.112474 
3759.423605 0.114172 
3760.388055 0.113886 
3761.352504 0.112954 
3762.316953 0.113420 
3763.281403 0.113368 
3764.245852 0.112817 
3765.210301 0.113646 
3766.174751 0.114633 
3767.139200 0.113525 
3768.103650 0.112950 
3769.068099 0.112735 
3770.032548 0.114338 
3770.996998 0.113510 
3771.961447 0.113383 
3772.925896 0.113406 
3773.890346 0.113586 
3774.854795 0.113623 
3775.819244 0.113587 
3776.783694 0.113373 
3777.748143 0.112833 
3778.712592 0.112487 
3779.677042 0.113688 
3780.641491 0.113122 
3781.605941 0.113301 
3782.570390 0.113336 
3783.534839 0.112892 
3784.499289 0.113421 
3785.463738 0.113691 
3786.428187 0.113714 
3787.392637 0.113732 
3788.357086 0.113531 
3789.321535 0.113713 
3790.285985 0.113601 
3791.250434 0.113587 
3792.214884 0.113611 
3793.179333 0.113657 
3794.143782 0.113290 
3795.108232 0.112646 
3796.072681 0.113280 
3797.037130 0.113878 
3798.001580 0.113384 
3798.966029 0.113062 
3799.930478 0.111870 
3800.894928 0.112915 
3801.859377 0.113700 
3802.823826 0.113132 
3803.788276 0.113348 
3804.752725 0.113169 
3805.717175 0.112453 
3806.681624 0.113823 
3807.646073 0.114480 
3808.610523 0.113420 
3809.574972 0.113944 
3810.539421 0.114173 
3811.503871 0.114341 
3812.468320 0.114415 
3813.432769 0.114271 
3814.397219 0.113070 
3815.361668 0.113095 
3816.326118 0.115455 
3817.290567 0.113865 
3818.255016 0.113816 
3819.219466 0.113473 
3820.183915 0.112655 
3821.148364 0.113601 
3822.112814 0.114179 
3823.077263 0.114021 
3824.041712 0.114659 
3825.006162 0.114322 
3825.970611 0.114324 
3826.935060 0.115113 
3827.899510 0.114912 
3828.863959 0.114923 
3829.828409 0.114465 
3830.792858 0.114318 
3831.757307 0.116057 
3832.721757 0.114990 
3833.686206 0.113953 
3834.650655 0.115316 
3835.615105 0.114939 
3836.579554 0.112453 
3837.544003 0.114713 
3838.508453 0.114971 
3839.472902 0.113548 
3840.437352 0.115499 
3841.401801 0.115751 
3842.366250 0.114109 
3843.330700 0.115491 
3844.295149 0.116259 
3845.259598 0.115099 
3846.224048 0.115216 
3847.188497 0.115180 
3848.152946 0.115027 
3849.117396 0.115436 
3850.081845 0.114998 
3851.046294 0.113792 
3852.010744 0.114579 
3852.975193 0.112054 
3853.939643 0.115700 
3854.904092 0.116252 
3855.868541 0.113577 
3856.832991 0.115340 
3857.797440 0.116171 
3858.761889 0.115275 
3859.726339 0.115021 
3860.690788 0.114737 
3861.655237 0.115984 
3862.619687 0.115049 
3863.584136 0.113441 
3864.548586 0.114995 
3865.513035 0.116405 
3866.477484 0.115078 
3867.441934 0.114592 
3868.406383 0.114098 
3869.370832 0.115513 
3870.335282 0.117200 
3871.299731 0.115753 
3872.264180 0.114490 
3873.228630 0.114269 
3874.193079 0.116278 
3875.157528 0.115177 
3876.121978 0.114673 
3877.086427 0.115160 
3878.050877 0.114912 
3879.015326 0.114123 
3879.979775 0.115713 
3880.944225 0.116904 
3881.908674 0.114718 
3882.873123 0.115284 
3883.837573 0.115304 
3884.802022 0.114423 
3885.766471 0.116766 
3886.730921 0.115702 
3887.695370 0.114678 
3888.659820 0.114921 
3889.624269 0.114329 
3890.588718 0.114788 
3891.553168 0.116769 
3892.517617 0.115112 
3893.482066 0.115092 
3894.446516 0.115755 
3895.410965 0.115498 
3896.375414 0.115180 
3897.339864 0.114761 
3898.304313 0.114884 
3899.268762 0.116754 
3900.233212 0.114859 
3901.197661 0.114873 
3902.162111 0.117013 
3903.126560 0.114599 
3904.091009 0.116037 
3905.055459 0.116121 
3906.019908 0.116041 
3906.984357 0.115549 
3907.948807 0.115174 
3908.913256 0.115274 
3909.877705 0.115330 
3910.842155 0.115419 
3911.806604 0.115413 
3912.771054 0.115368 
3913.735503 0.115391 
3914.699952 0.115218 
3915.664402 0.115221 
3916.628851 0.116609 
3917.593300 0.117028 
3918.557750 0.115288 
3919.522199 0.115741 
3920.486648 0.116619 
3921.451098 0.115370 
3922.415547 0.115012 
3923.379996 0.115367 
3924.344446 0.116265 
3925.308895 0.116612 
3926.273345 0.115471 
3927.237794 0.115092 
3928.202243 0.115242 
3929.166693 0.115452 
3930.131142 0.115832 
3931.095591 0.115760 
3932.060041 0.116911 
3933.024490 0.116886 
3933.988939 0.116046 
3934.953389 0.115889 
3935.917838 0.115656 
3936.882288 0.115795 
3937.846737 0.116141 
3938.811186 0.116374 
3939.775636 0.116079 
3940.740085 0.115729 
3941.704534 0.115930 
3942.668984 0.117569 
3943.633433 0.117235 
3944.597882 0.116802 
3945.562332 0.116481 
3946.526781 0.116532 
3947.491230 0.117738 
3948.455680 0.117511 
3949.420129 0.117361 
3950.384579 0.117999 
3951.349028 0.117216 
3952.313477 0.117159 
3953.277927 0.117321 
3954.242376 0.117386 
3955.206825 0.117525 
3956.171275 0.117850 
3957.135724 0.118085 
3958.100173 0.118022 
3959.064623 0.118128 
3960.029072 0.118185 
3960.993522 0.118232 
3961.957971 0.118922 
3962.922420 0.118656 
3963.886870 0.118371 
3964.851319 0.118509 
3965.815768 0.118608 
3966.780218 0.118540 
3967.744667 0.118477 
3968.709116 0.118944 
3969.673566 0.119309 
3970.638015 0.119103 
3971.602464 0.119302 
3972.566914 0.119407 
3973.531363 0.119291 
3974.495813 0.119472 
3975.460262 0.120050 
3976.424711 0.120337 
3977.389161 0.119917 
3978.353610 0.119701 
3979.318059 0.120033 
3980.282509 0.120277 
3981.246958 0.120408 
3982.211407 0.120568 
3983.175857 0.120488 
3984.140306 0.120393 
3985.104756 0.120554 
3986.069205 0.120613 
3987.033654 0.120604 
3987.998104 0.120631 
3988.962553 0.120779 
3989.927002 0.121135 
3990.891452 0.121221 
3991.855901 0.120729 
3992.820350 0.120659 
3993.784800 0.120676 
3994.749249 0.120842 
3995.713698 0.120742 
3996.678148 0.120629 
3997.642597 0.120572 
3998.607047 0.120493 
3999.571496 0.120498 
4000.535945 0.120456 