##YUNITS=Abs
399.282035 0.199702 
400.246484 0.185320 
401.210934 0.163095 
402.175383 0.147385 
403.139832 0.143675 
404.104282 0.142263 
405.068731 0.142110 
406.033181 0.140314 
406.997630 0.137682 
407.962079 0.135552 
408.926529 0.134915 
409.890978 0.132298 
410.855427 0.128301 
411.819877 0.125165 
412.784326 0.122230 
413.748775 0.119105 
414.713225 0.121420 
415.677674 0.124295 
416.642124 0.131868 
417.606573 0.156082 
418.571022 0.182310 
419.535472 0.160918 
420.499921 0.132809 
421.464370 0.128092 
422.428820 0.142316 
423.393269 0.149604 
424.357718 0.145046 
425.322168 0.153024 
426.286617 0.144285 
427.251066 0.137728 
428.215516 0.140942 
429.179965 0.149438 
430.144415 0.158563 
431.108864 0.167014 
432.073313 0.170927 
433.037763 0.174212 
434.002212 0.181304 
434.966661 0.187610 
435.931111 0.193366 
436.895560 0.190078 
437.860009 0.175293 
438.824459 0.164991 
439.788908 0.151395 
440.753358 0.141741 
441.717807 0.137274 
442.682256 0.132706 
443.646706 0.132423 
444.611155 0.123277 
445.575604 0.116349 
446.540054 0.118765 
447.504503 0.111547 
448.468952 0.101967 
449.433402 0.099278 
450.397851 0.098228 
451.362300 0.098545 
452.326750 0.104597 
453.291199 0.102960 
454.255649 0.091409 
455.220098 0.087664 
456.184547 0.089535 
457.148997 0.099101 
458.113446 0.099577 
459.077895 0.086734 
460.042345 0.084741 
461.006794 0.092051 
461.971243 0.091592 
462.935693 0.083994 
463.900142 0.082088 
464.864592 0.079571 
465.829041 0.078092 
466.793490 0.081795 
467.757940 0.094641 
468.722389 0.093784 
469.686838 0.083370 
470.651288 0.080987 
471.615737 0.087267 
472.580186 0.096541 
473.544636 0.085039 
474.509085 0.079389 
475.473534 0.081797 
476.437984 0.084276 
477.402433 0.080782 
478.366883 0.077515 
479.331332 0.076140 
480.295781 0.077582 
481.260231 0.079615 
482.224680 0.078862 
483.189129 0.080763 
484.153579 0.081982 
485.118028 0.080407 
486.082477 0.081349 
487.046927 0.076984 
488.011376 0.073800 
488.975826 0.074509 
489.940275 0.075715 
490.904724 0.080283 
491.869174 0.086465 
492.833623 0.079438 
493.798072 0.074041 
494.762522 0.072710 
495.726971 0.071083 
496.691420 0.070156 
497.655870 0.069029 
498.620319 0.067711 
499.584768 0.066993 
500.549218 0.068398 
501.513667 0.074202 
502.478117 0.074646 
503.442566 0.066895 
504.407015 0.065327 
505.371465 0.062869 
506.335914 0.063017 
507.300363 0.062465 
508.264813 0.058245 
509.229262 0.057469 
510.193711 0.060681 
511.158161 0.059622 
512.122610 0.055831 
513.087060 0.055245 
514.051509 0.055904 
515.015958 0.055439 
515.980408 0.057313 
516.944857 0.064746 
517.909306 0.062798 
518.873756 0.060924 
519.838205 0.061661 
520.802654 0.054761 
521.767104 0.051573 
522.731553 0.051078 
523.696002 0.051344 
524.660452 0.053044 
525.624901 0.058495 
526.589351 0.058849 
527.553800 0.054895 
528.518249 0.054594 
529.482699 0.055348 
530.447148 0.055404 
531.411597 0.055760 
532.376047 0.055866 
533.340496 0.056701 
534.304945 0.058009 
535.269395 0.056908 
536.233844 0.056659 
537.198294 0.056488 
538.162743 0.055133 
539.127192 0.054932 
540.091642 0.055443 
541.056091 0.055340 
542.020540 0.055508 
542.984990 0.055926 
543.949439 0.057224 
544.913888 0.058971 
545.878338 0.060406 
546.842787 0.061219 
547.807236 0.062917 
548.771686 0.063224 
549.736135 0.066861 
550.700585 0.068304 
551.665034 0.067174 
552.629483 0.068255 
553.593933 0.070182 
554.558382 0.073523 
555.522831 0.076633 
556.487281 0.081165 
557.451730 0.086457 
558.416179 0.092053 
559.380629 0.098121 
560.345078 0.105129 
561.309528 0.112571 
562.273977 0.120962 
563.238426 0.130908 
564.202876 0.141707 
565.167325 0.151924 
566.131774 0.162416 
567.096224 0.172377 
568.060673 0.179022 
569.025122 0.184915 
569.989572 0.187015 
570.954021 0.186206 
571.918470 0.182197 
572.882920 0.173922 
573.847369 0.164789 
574.811819 0.156089 
575.776268 0.150146 
576.740717 0.136709 
577.705167 0.121585 
578.669616 0.111619 
579.634065 0.106067 
580.598515 0.103543 
581.562964 0.094279 
582.527413 0.085742 
583.491863 0.081716 
584.456312 0.080398 
585.420762 0.076496 
586.385211 0.071910 
587.349660 0.070368 
588.314110 0.069023 
589.278559 0.066894 
590.243008 0.065560 
591.207458 0.068514 
592.171907 0.068867 
593.136356 0.063092 
594.100806 0.061634 
595.065255 0.061695 
596.029704 0.060391 
596.994154 0.059730 
597.958603 0.059944 
598.923053 0.061024 
599.887502 0.064343 
600.851951 0.062543 
601.816401 0.059116 
602.780850 0.058563 
603.745299 0.058834 
604.709749 0.059043 
605.674198 0.058092 
606.638647 0.057335 
607.603097 0.057001 
608.567546 0.056841 
609.531996 0.056679 
610.496445 0.056579 
611.460894 0.056492 
612.425344 0.056389 
613.389793 0.056202 
614.354242 0.056384 
615.318692 0.057630 
616.283141 0.058933 
617.247590 0.059088 
618.212040 0.058510 
619.176489 0.058403 
620.140938 0.060236 
621.105388 0.060863 
622.069837 0.060171 
623.034287 0.060622 
623.998736 0.062160 
624.963185 0.065274 
625.927635 0.065996 
626.892084 0.064524 
627.856533 0.064606 
628.820983 0.065287 
629.785432 0.065846 
630.749881 0.065996 
631.714331 0.065801 
632.678780 0.064843 
633.643230 0.062357 
634.607679 0.061729 
635.572128 0.062615 
636.536578 0.059006 
637.501027 0.056953 
638.465476 0.056486 
639.429926 0.057905 
640.394375 0.057807 
641.358824 0.056335 
642.323274 0.056916 
643.287723 0.057175 
644.252172 0.056457 
645.216622 0.056779 
646.181071 0.056788 
647.145521 0.056337 
648.109970 0.056710 
649.074419 0.057007 
650.038869 0.056103 
651.003318 0.056839 
651.967767 0.057520 
652.932217 0.056552 
653.896666 0.056154 
654.861115 0.055910 
655.825565 0.056382 
656.790014 0.057133 
657.754464 0.056652 
658.718913 0.058327 
659.683362 0.059694 
660.647812 0.058914 
661.612261 0.059108 
662.576710 0.059756 
663.541160 0.060794 
664.505609 0.061775 
665.470058 0.062167 
666.434508 0.060556 
667.398957 0.056168 
668.363406 0.071737 
669.327856 0.075454 
670.292305 0.071544 
671.256755 0.069524 
672.221204 0.069774 
673.185653 0.071126 
674.150103 0.074155 
675.114552 0.077066 
676.079001 0.080340 
677.043451 0.083290 
678.007900 0.087669 
678.972349 0.093047 
679.936799 0.099810 
680.901248 0.108184 
681.865698 0.118187 
682.830147 0.130341 
683.794596 0.145039 
684.759046 0.163452 
685.723495 0.186121 
686.687944 0.214531 
687.652394 0.250104 
688.616843 0.291448 
689.581292 0.334972 
690.545742 0.376651 
691.510191 0.413220 
692.474640 0.434852 
693.439090 0.434949 
694.403539 0.410251 
695.367989 0.369820 
696.332438 0.323734 
697.296887 0.280933 
698.261337 0.242694 
699.225786 0.211095 
700.190235 0.186518 
701.154685 0.167966 
702.119134 0.153717 
703.083583 0.143496 
704.048033 0.135924 
705.012482 0.130437 
705.976932 0.125474 
706.941381 0.121355 
707.905830 0.118582 
708.870280 0.116804 
709.834729 0.116139 
710.799178 0.116148 
711.763628 0.116776 
712.728077 0.118317 
713.692526 0.120467 
714.656976 0.122361 
715.621425 0.124602 
716.585874 0.127825 
717.550324 0.132016 
718.514773 0.137534 
719.479223 0.144248 
720.443672 0.151508 
721.408121 0.158033 
722.372571 0.165746 
723.337020 0.175533 
724.301469 0.187234 
725.265919 0.200946 
726.230368 0.216711 
727.194817 0.234699 
728.159267 0.255523 
729.123716 0.279332 
730.088166 0.306010 
731.052615 0.336251 
732.017064 0.371093 
732.981514 0.411715 
733.945963 0.460009 
734.910412 0.516633 
735.874862 0.583896 
736.839311 0.664030 
737.803760 0.759284 
738.768210 0.870542 
739.732659 1.001655 
740.697108 1.155492 
741.661558 1.336565 
742.626007 1.555405 
743.590457 1.825722 
744.554906 2.165276 
745.519355 2.470024 
746.483805 2.363331 
747.448254 2.246169 
748.412703 2.205529 
749.377153 2.178871 
750.341602 2.170934 
751.306051 2.158829 
752.270501 2.154414 
753.234950 2.142793 
754.199400 2.160542 
755.163849 2.163550 
756.128298 2.168033 
757.092748 2.152269 
758.057197 2.149918 
759.021646 2.156164 
759.986096 2.172306 
760.950545 2.166543 
761.914994 2.161457 
762.879444 2.148627 
763.843893 2.153451 
764.808342 2.144932 
765.772792 2.162985 
766.737241 2.168147 
767.701691 2.162951 
768.666140 2.153768 
769.630589 2.155312 
770.595039 2.146846 
771.559488 2.156009 
772.523937 2.163776 
773.488387 2.178148 
774.452836 2.159792 
775.417285 2.156500 
776.381735 2.146440 
777.346184 2.148846 
778.310634 2.145676 
779.275083 2.150929 
780.239532 2.148173 
781.203982 2.146472 
782.168431 2.131965 
783.132880 2.147153 
784.097330 2.151171 
785.061779 2.155131 
786.026228 2.152359 
786.990678 2.156487 
787.955127 2.147707 
788.919576 2.151849 
789.884026 2.143491 
790.848475 2.141359 
791.812925 2.141885 
792.777374 2.144289 
793.741823 2.133764 
794.706273 2.144418 
795.670722 2.145022 
796.635171 2.152797 
797.599621 2.146100 
798.564070 2.151396 
799.528519 2.152907 
800.492969 2.168428 
801.457418 2.162334 
802.421868 2.175788 
803.386317 2.268088 
804.350766 2.427740 
805.315216 1.940019 
806.279665 1.555553 
807.244114 1.287992 
808.208564 1.088207 
809.173013 0.931627 
810.137462 0.802456 
811.101912 0.692581 
812.066361 0.601743 
813.030810 0.530111 
813.995260 0.475049 
814.959709 0.432061 
815.924159 0.396934 
816.888608 0.366664 
817.853057 0.339006 
818.817507 0.312710 
819.781956 0.287385 
820.746405 0.263661 
821.710855 0.241662 
822.675304 0.221477 
823.639753 0.203443 
824.604203 0.188114 
825.568652 0.175364 
826.533102 0.165001 
827.497551 0.156586 
828.462000 0.150021 
829.426450 0.144948 
830.390899 0.141170 
831.355348 0.138040 
832.319798 0.135346 
833.284247 0.132940 
834.248696 0.130791 
835.213146 0.128555 
836.177595 0.126355 
837.142044 0.124030 
838.106494 0.121860 
839.070943 0.119850 
840.035393 0.117881 
840.999842 0.115887 
841.964291 0.114406 
842.928741 0.113238 
843.893190 0.112268 
844.857639 0.111204 
845.822089 0.110237 
846.786538 0.109295 
847.750987 0.107663 
848.715437 0.104698 
849.679886 0.100540 
850.644336 0.095773 
851.608785 0.091323 
852.573234 0.087550 
853.537684 0.084392 
854.502133 0.081814 
855.466582 0.079993 
856.431032 0.078683 
857.395481 0.077887 
858.359930 0.077406 
859.324380 0.077365 
860.288829 0.077482 
861.253278 0.077808 
862.217728 0.078254 
863.182177 0.078992 
864.146627 0.079877 
865.111076 0.080840 
866.075525 0.081773 
867.039975 0.082857 
868.004424 0.084064 
868.968873 0.085291 
869.933323 0.086298 
870.897772 0.087212 
871.862221 0.088085 
872.826671 0.089065 
873.791120 0.090168 
874.755570 0.091350 
875.720019 0.092418 
876.684468 0.093453 
877.648918 0.094259 
878.613367 0.095043 
879.577816 0.095879 
880.542266 0.096770 
881.506715 0.097708 
882.471164 0.099036 
883.435614 0.100373 
884.400063 0.101794 
885.364512 0.103381 
886.328962 0.105328 
887.293411 0.107565 
888.257861 0.110143 
889.222310 0.113168 
890.186759 0.116839 
891.151209 0.121131 
892.115658 0.126098 
893.080107 0.131549 
894.044557 0.137839 
895.009006 0.144950 
895.973455 0.153179 
896.937905 0.162910 
897.902354 0.174812 
898.866804 0.189390 
899.831253 0.207373 
900.795702 0.229124 
901.760152 0.254986 
902.724601 0.284185 
903.689050 0.314763 
904.653500 0.342984 
905.617949 0.365398 
906.582398 0.380312 
907.546848 0.389233 
908.511297 0.395995 
909.475746 0.405006 
910.440196 0.419763 
911.404645 0.442704 
912.369095 0.474401 
913.333544 0.514618 
914.297993 0.562304 
915.262443 0.614789 
916.226892 0.666528 
917.191341 0.709969 
918.155791 0.735128 
919.120240 0.732125 
920.084689 0.697110 
921.049139 0.636228 
922.013588 0.562048 
922.978038 0.486209 
923.942487 0.417020 
924.906936 0.358271 
925.871386 0.310013 
926.835835 0.271296 
927.800284 0.240826 
928.764734 0.217112 
929.729183 0.198911 
930.693632 0.184724 
931.658082 0.173472 
932.622531 0.164547 
933.586980 0.157212 
934.551430 0.150022 
935.515879 0.142968 
936.480329 0.137325 
937.444778 0.132881 
938.409227 0.129198 
939.373677 0.125870 
940.338126 0.122969 
941.302575 0.120470 
942.267025 0.118408 
943.231474 0.116548 
944.195923 0.114798 
945.160373 0.113037 
946.124822 0.111417 
947.089272 0.109926 
948.053721 0.108604 
949.018170 0.107307 
949.982620 0.106103 
950.947069 0.104910 
951.911518 0.103852 
952.875968 0.102879 
953.840417 0.101969 
954.804866 0.101183 
955.769316 0.100538 
956.733765 0.099850 
957.698214 0.099325 
958.662664 0.098990 
959.627113 0.098773 
960.591563 0.098519 
961.556012 0.098476 
962.520461 0.098589 
963.484911 0.098820 
964.449360 0.099076 
965.413809 0.099506 
966.378259 0.100071 
967.342708 0.100884 
968.307157 0.101729 
969.271607 0.102749 
970.236056 0.103876 
971.200506 0.105076 
972.164955 0.106220 
973.129404 0.107586 
974.093854 0.108905 
975.058303 0.110056 
976.022752 0.111004 
976.987202 0.111965 
977.951651 0.112700 
978.916100 0.113157 
979.880550 0.113363 
980.844999 0.113518 
981.809448 0.113481 
982.773898 0.113109 
983.738347 0.112454 
984.702797 0.111828 
985.667246 0.111224 
986.631695 0.110603 
987.596145 0.109849 
988.560594 0.109304 
989.525043 0.109048 
990.489493 0.109271 
991.453942 0.109687 
992.418391 0.110331 
993.382841 0.111451 
994.347290 0.113014 
995.311740 0.114752 
996.276189 0.116536 
997.240638 0.118442 
998.205088 0.120703 
999.169537 0.123088 
1000.133986 0.125622 
1001.098436 0.128329 
1002.062885 0.131549 
1003.027334 0.135179 
1003.991784 0.139097 
1004.956233 0.143234 
1005.920682 0.147890 
1006.885132 0.153191 
1007.849581 0.159224 
1008.814031 0.166114 
1009.778480 0.174506 
1010.742929 0.184881 
1011.707379 0.197510 
1012.671828 0.211567 
1013.636277 0.224955 
1014.600727 0.234023 
1015.565176 0.235411 
1016.529625 0.228224 
1017.494075 0.215085 
1018.458524 0.199517 
1019.422974 0.183956 
1020.387423 0.169655 
1021.351872 0.156939 
1022.316322 0.145734 
1023.280771 0.136138 
1024.245220 0.127946 
1025.209670 0.120974 
1026.174119 0.114850 
1027.138568 0.109715 
1028.103018 0.105544 
1029.067467 0.102166 
1030.031916 0.099234 
1030.996366 0.096863 
1031.960815 0.095061 
1032.925265 0.093854 
1033.889714 0.092957 
1034.854163 0.092264 
1035.818613 0.091765 
1036.783062 0.091502 
1037.747511 0.091271 
1038.711961 0.091035 
1039.676410 0.090507 
1040.640859 0.089770 
1041.605309 0.088809 
1042.569758 0.087683 
1043.534208 0.086328 
1044.498657 0.084962 
1045.463106 0.083603 
1046.427556 0.082404 
1047.392005 0.081246 
1048.356454 0.080286 
1049.320904 0.079476 
1050.285353 0.078880 
1051.249802 0.078355 
1052.214252 0.078106 
1053.178701 0.078069 
1054.143150 0.078259 
1055.107600 0.078571 
1056.072049 0.079068 
1057.036499 0.079728 
1058.000948 0.080638 
1058.965397 0.081700 
1059.929847 0.083031 
1060.894296 0.084455 
1061.858745 0.086180 
1062.823195 0.088201 
1063.787644 0.090490 
1064.752093 0.092927 
1065.716543 0.095688 
1066.680992 0.098242 
1067.645442 0.100537 
1068.609891 0.102667 
1069.574340 0.104688 
1070.538790 0.106672 
1071.503239 0.109046 
1072.467688 0.111973 
1073.432138 0.115700 
1074.396587 0.120471 
1075.361036 0.126774 
1076.325486 0.135364 
1077.289935 0.146985 
1078.254384 0.162043 
1079.218834 0.180784 
1080.183283 0.201007 
1081.147733 0.216134 
1082.112182 0.216442 
1083.076631 0.199175 
1084.041081 0.172869 
1085.005530 0.148106 
1085.969979 0.129203 
1086.934429 0.115838 
1087.898878 0.106264 
1088.863327 0.099362 
1089.827777 0.094228 
1090.792226 0.090366 
1091.756676 0.087268 
1092.721125 0.084883 
1093.685574 0.083106 
1094.650024 0.081816 
1095.614473 0.080791 
1096.578922 0.080158 
1097.543372 0.079712 
1098.507821 0.079649 
1099.472270 0.079746 
1100.436720 0.079988 
1101.401169 0.080387 
1102.365618 0.081160 
1103.330068 0.082061 
1104.294517 0.083255 
1105.258967 0.084735 
1106.223416 0.086546 
1107.187865 0.088474 
1108.152315 0.090668 
1109.116764 0.093220 
1110.081213 0.096227 
1111.045663 0.099631 
1112.010112 0.103362 
1112.974561 0.107224 
1113.939011 0.111512 
1114.903460 0.116035 
1115.867910 0.120477 
1116.832359 0.124343 
1117.796808 0.127365 
1118.761258 0.128922 
1119.725707 0.128734 
1120.690156 0.126491 
1121.654606 0.122287 
1122.619055 0.116724 
1123.583504 0.110729 
1124.547954 0.104713 
1125.512403 0.099071 
1126.476852 0.094049 
1127.441302 0.089855 
1128.405751 0.086328 
1129.370201 0.083327 
1130.334650 0.080533 
1131.299099 0.078203 
1132.263549 0.076376 
1133.227998 0.074884 
1134.192447 0.073563 
1135.156897 0.072759 
1136.121346 0.071946 
1137.085795 0.070971 
1138.050245 0.070166 
1139.014694 0.069492 
1139.979144 0.068818 
1140.943593 0.068163 
1141.908042 0.067315 
1142.872492 0.066496 
1143.836941 0.065757 
1144.801390 0.065328 
1145.765840 0.064908 
1146.730289 0.064493 
1147.694738 0.064044 
1148.659188 0.063820 
1149.623637 0.063549 
1150.588086 0.063217 
1151.552536 0.062820 
1152.516985 0.062395 
1153.481435 0.061837 
1154.445884 0.061438 
1155.410333 0.061058 
1156.374783 0.060856 
1157.339232 0.060678 
1158.303681 0.060560 
1159.268131 0.060539 
1160.232580 0.060627 
1161.197029 0.060744 
1162.161479 0.060975 
1163.125928 0.061089 
1164.090378 0.060920 
1165.054827 0.060338 
1166.019276 0.059955 
1166.983726 0.059847 
1167.948175 0.059901 
1168.912624 0.059928 
1169.877074 0.060037 
1170.841523 0.060052 
1171.805972 0.060142 
1172.770422 0.060291 
1173.734871 0.060815 
1174.699320 0.061081 
1175.663770 0.060765 
1176.628219 0.060751 
1177.592669 0.061071 
1178.557118 0.061434 
1179.521567 0.061907 
1180.486017 0.062244 
1181.450466 0.062348 
1182.414915 0.062266 
1183.379365 0.062307 
1184.343814 0.062503 
1185.308263 0.062872 
1186.272713 0.063585 
1187.237162 0.064348 
1188.201612 0.064426 
1189.166061 0.064865 
1190.130510 0.065531 
1191.094960 0.066203 
1192.059409 0.066791 
1193.023858 0.067544 
1193.988308 0.068376 
1194.952757 0.069257 
1195.917206 0.070043 
1196.881656 0.071027 
1197.846105 0.072254 
1198.810554 0.073318 
1199.775004 0.074070 
1200.739453 0.075103 
1201.703903 0.076235 
1202.668352 0.077460 
1203.632801 0.078617 
1204.597251 0.079836 
1205.561700 0.081113 
1206.526149 0.082460 
1207.490599 0.083788 
1208.455048 0.085257 
1209.419497 0.086777 
1210.383947 0.088401 
1211.348396 0.090351 
1212.312846 0.092409 
1213.277295 0.093472 
1214.241744 0.094782 
1215.206194 0.096483 
1216.170643 0.098257 
1217.135092 0.099911 
1218.099542 0.101860 
1219.063991 0.103653 
1220.028440 0.105350 
1220.992890 0.107203 
1221.957339 0.109425 
1222.921788 0.112029 
1223.886238 0.115095 
1224.850687 0.118810 
1225.815137 0.122367 
1226.779586 0.125803 
1227.744035 0.130346 
1228.708485 0.135631 
1229.672934 0.141828 
1230.637383 0.148728 
1231.601833 0.156537 
1232.566282 0.164942 
1233.530731 0.173952 
1234.495181 0.183316 
1235.459630 0.192809 
1236.424080 0.201916 
1237.388529 0.210133 
1238.352978 0.216701 
1239.317428 0.220964 
1240.281877 0.221956 
1241.246326 0.219658 
1242.210776 0.214412 
1243.175225 0.207034 
1244.139674 0.198055 
1245.104124 0.188097 
1246.068573 0.178399 
1247.033022 0.169969 
1247.997472 0.162650 
1248.961921 0.156523 
1249.926371 0.151370 
1250.890820 0.147395 
1251.855269 0.144223 
1252.819719 0.141601 
1253.784168 0.139024 
1254.748617 0.136352 
1255.713067 0.133367 
1256.677516 0.130028 
1257.641965 0.126387 
1258.606415 0.122679 
1259.570864 0.119556 
1260.535314 0.116416 
1261.499763 0.111412 
1262.464212 0.107098 
1263.428662 0.103776 
1264.393111 0.100839 
1265.357560 0.098467 
1266.322010 0.096832 
1267.286459 0.094734 
1268.250908 0.093483 
1269.215358 0.093128 
1270.179807 0.092722 
1271.144256 0.091780 
1272.108706 0.091728 
1273.073155 0.090561 
1274.037605 0.089983 
1275.002054 0.090160 
1275.966503 0.090797 
1276.930953 0.091487 
1277.895402 0.092405 
1278.859851 0.093638 
1279.824301 0.095683 
1280.788750 0.097081 
1281.753199 0.098158 
1282.717649 0.099604 
1283.682098 0.101530 
1284.646548 0.103590 
1285.610997 0.105566 
1286.575446 0.108424 
1287.539896 0.112307 
1288.504345 0.113080 
1289.468794 0.111785 
1290.433244 0.111488 
1291.397693 0.109885 
1292.362142 0.107297 
1293.326592 0.104932 
1294.291041 0.101893 
1295.255490 0.098818 
1296.219940 0.096446 
1297.184389 0.092990 
1298.148839 0.088264 
1299.113288 0.084744 
1300.077737 0.081692 
1301.042187 0.079264 
1302.006636 0.077003 
1302.971085 0.075181 
1303.935535 0.073564 
1304.899984 0.072786 
1305.864433 0.072001 
1306.828883 0.071718 
1307.793332 0.072537 
1308.757782 0.072464 
1309.722231 0.071080 
1310.686680 0.071292 
1311.651130 0.073943 
1312.615579 0.078708 
1313.580028 0.078774 
1314.544478 0.078851 
1315.508927 0.078642 
1316.473376 0.081960 
1317.437826 0.085377 
1318.402275 0.087727 
1319.366724 0.091689 
1320.331174 0.092778 
1321.295623 0.094286 
1322.260073 0.096262 
1323.224522 0.100350 
1324.188971 0.103495 
1325.153421 0.106294 
1326.117870 0.109442 
1327.082319 0.112378 
1328.046769 0.114411 
1329.011218 0.115390 
1329.975667 0.114960 
1330.940117 0.112276 
1331.904566 0.108851 
1332.869016 0.105572 
1333.833465 0.102496 
1334.797914 0.099803 
1335.762364 0.100231 
1336.726813 0.102727 
1337.691262 0.102366 
1338.655712 0.107587 
1339.620161 0.111978 
1340.584610 0.104282 
1341.549060 0.089894 
1342.513509 0.083575 
1343.477958 0.081960 
1344.442408 0.080319 
1345.406857 0.078588 
1346.371307 0.076856 
1347.335756 0.075269 
1348.300205 0.074332 
1349.264655 0.073797 
1350.229104 0.071956 
1351.193553 0.070462 
1352.158003 0.069634 
1353.122452 0.068855 
1354.086901 0.070022 
1355.051351 0.071563 
1356.015800 0.068311 
1356.980250 0.067239 
1357.944699 0.068446 
1358.909148 0.067569 
1359.873598 0.067587 
1360.838047 0.073143 
1361.802496 0.076536 
1362.766946 0.082508 
1363.731395 0.079098 
1364.695844 0.069204 
1365.660294 0.067452 
1366.624743 0.067988 
1367.589192 0.070632 
1368.553642 0.075462 
1369.518091 0.075421 
1370.482541 0.073501 
1371.446990 0.075083 
1372.411439 0.078199 
1373.375889 0.084540 
1374.340338 0.089392 
1375.304787 0.087056 
1376.269237 0.084469 
1377.233686 0.087638 
1378.198135 0.094142 
1379.162585 0.097060 
1380.127034 0.099813 
1381.091484 0.103327 
1382.055933 0.109792 
1383.020382 0.115992 
1383.984832 0.120246 
1384.949281 0.121332 
1385.913730 0.122627 
1386.878180 0.123774 
1387.842629 0.113478 
1388.807078 0.098609 
1389.771528 0.091233 
1390.735977 0.088566 
1391.700426 0.085296 
1392.664876 0.082791 
1393.629325 0.085226 
1394.593775 0.092942 
1395.558224 0.093771 
1396.522673 0.090060 
1397.487123 0.092967 
1398.451572 0.096336 
1399.416021 0.096291 
1400.380471 0.094591 
1401.344920 0.095337 
1402.309369 0.100549 
1403.273819 0.107852 
1404.238268 0.119811 
1405.202718 0.137538 
1406.167167 0.148717 
1407.131616 0.162679 
1408.096066 0.183528 
1409.060515 0.202779 
1410.024964 0.214439 
1410.989414 0.214384 
1411.953863 0.206016 
1412.918312 0.192087 
1413.882762 0.182122 
1414.847211 0.176157 
1415.811660 0.174045 
1416.776110 0.171640 
1417.740559 0.165173 
1418.705009 0.157745 
1419.669458 0.149191 
1420.633907 0.135692 
1421.598357 0.129922 
1422.562806 0.128644 
1423.527255 0.135240 
1424.491705 0.136827 
1425.456154 0.128797 
1426.420603 0.125770 
1427.385053 0.125162 
1428.349502 0.124463 
1429.313952 0.122110 
1430.278401 0.118918 
1431.242850 0.113881 
1432.207300 0.112157 
1433.171749 0.111279 
1434.136198 0.105897 
1435.100648 0.104390 
1436.065097 0.110106 
1437.029546 0.109760 
1437.993996 0.099412 
1438.958445 0.094432 
1439.922894 0.093278 
1440.887344 0.093322 
1441.851793 0.093552 
1442.816243 0.093550 
1443.780692 0.094998 
1444.745141 0.097930 
1445.709591 0.101032 
1446.674040 0.104452 
1447.638489 0.113486 
1448.602939 0.119415 
1449.567388 0.117614 
1450.531837 0.117967 
1451.496287 0.121083 
1452.460736 0.121352 
1453.425186 0.116653 
1454.389635 0.119625 
1455.354084 0.126694 
1456.318534 0.130943 
1457.282983 0.141747 
1458.247432 0.150137 
1459.211882 0.162279 
1460.176331 0.168570 
1461.140780 0.171195 
1462.105230 0.172371 
1463.069679 0.172623 
1464.034128 0.173973 
1464.998578 0.174885 
1465.963027 0.166236 
1466.927477 0.151779 
1467.891926 0.136013 
1468.856375 0.121043 
1469.820825 0.110746 
1470.785274 0.105737 
1471.749723 0.106761 
1472.714173 0.105037 
1473.678622 0.101286 
1474.643071 0.093024 
1475.607521 0.090382 
1476.571970 0.092518 
1477.536420 0.084340 
1478.500869 0.079203 
1479.465318 0.077934 
1480.429768 0.079398 
1481.394217 0.082136 
1482.358666 0.078329 
1483.323116 0.074856 
1484.287565 0.074153 
1485.252014 0.076305 
1486.216464 0.079981 
1487.180913 0.078979 
1488.145362 0.080842 
1489.109812 0.091101 
1490.074261 0.095945 
1491.038711 0.084602 
1492.003160 0.076503 
1492.967609 0.072597 
1493.932059 0.072373 
1494.896508 0.072836 
1495.860957 0.076053 
1496.825407 0.079032 
1497.789856 0.075764 
1498.754305 0.076464 
1499.718755 0.078820 
1500.683204 0.079591 
1501.647654 0.083408 
1502.612103 0.080914 
1503.576552 0.077066 
1504.541002 0.075210 
1505.505451 0.075601 
1506.469900 0.093845 
1507.434350 0.124931 
1508.398799 0.116025 
1509.363248 0.109645 
1510.327698 0.105025 
1511.292147 0.096103 
1512.256596 0.096884 
1513.221046 0.092731 
1514.185495 0.091425 
1515.149945 0.099916 
1516.114394 0.105795 
1517.078843 0.107849 
1518.043293 0.098497 
1519.007742 0.094418 
1519.972191 0.098886 
1520.936641 0.107955 
1521.901090 0.102201 
1522.865539 0.098711 
1523.829989 0.099941 
1524.794438 0.104486 
1525.758888 0.107904 
1526.723337 0.108037 
1527.687786 0.110935 
1528.652236 0.106979 
1529.616685 0.103198 
1530.581134 0.104989 
1531.545584 0.113048 
1532.510033 0.112770 
1533.474482 0.112698 
1534.438932 0.119716 
1535.403381 0.121289 
1536.367830 0.118647 
1537.332280 0.116144 
1538.296729 0.116388 
1539.261179 0.118512 
1540.225628 0.124805 
1541.190077 0.126234 
1542.154527 0.132760 
1543.118976 0.144702 
1544.083425 0.151234 
1545.047875 0.157401 
1546.012324 0.149691 
1546.976773 0.140778 
1547.941223 0.139793 
1548.905672 0.145087 
1549.870122 0.159005 
1550.834571 0.153031 
1551.799020 0.142396 
1552.763470 0.140466 
1553.727919 0.142705 
1554.692368 0.146850 
1555.656818 0.140585 
1556.621267 0.133936 
1557.585716 0.128049 
1558.550166 0.132374 
1559.514615 0.136210 
1560.479064 0.131678 
1561.443514 0.125840 
1562.407963 0.122068 
1563.372413 0.119151 
1564.336862 0.116614 
1565.301311 0.116227 
1566.265761 0.114473 
1567.230210 0.111799 
1568.194659 0.109572 
1569.159109 0.108258 
1570.123558 0.108397 
1571.088007 0.106873 
1572.052457 0.105593 
1573.016906 0.104890 
1573.981356 0.103227 
1574.945805 0.099571 
1575.910254 0.095789 
1576.874704 0.103767 
1577.839153 0.104649 
1578.803602 0.102729 
1579.768052 0.101664 
1580.732501 0.101339 
1581.696950 0.101121 
1582.661400 0.101323 
1583.625849 0.100791 
1584.590298 0.099607 
1585.554748 0.098484 
1586.519197 0.097600 
1587.483647 0.096521 
1588.448096 0.095471 
1589.412545 0.095016 
1590.376995 0.094062 
1591.341444 0.092080 
1592.305893 0.090310 
1593.270343 0.088229 
1594.234792 0.087432 
1595.199241 0.086267 
1596.163691 0.084687 
1597.128140 0.082505 
1598.092590 0.080078 
1599.057039 0.078506 
1600.021488 0.077128 
1600.985938 0.076427 
1601.950387 0.075951 
1602.914836 0.075413 
1603.879286 0.073319 
1604.843735 0.070895 
1605.808184 0.070090 
1606.772634 0.070719 
1607.737083 0.069910 
1608.701532 0.068080 
1609.665982 0.068208 
1610.630431 0.066362 
1611.594881 0.065131 
1612.559330 0.064588 
1613.523779 0.063525 
1614.488229 0.061999 
1615.452678 0.058582 
1616.417127 0.054161 
1617.381577 0.059303 
1618.346026 0.060930 
1619.310475 0.061671 
1620.274925 0.062260 
1621.239374 0.062169 
1622.203824 0.060990 
1623.168273 0.059606 
1624.132722 0.059989 
1625.097172 0.060189 
1626.061621 0.059419 
1627.026070 0.057523 
1627.990520 0.057691 
1628.954969 0.059166 
1629.919418 0.058833 
1630.883868 0.058966 
1631.848317 0.058820 
1632.812766 0.058567 
1633.777216 0.056495 
1634.741665 0.052493 
1635.706115 0.056575 
1636.670564 0.060295 
1637.635013 0.061822 
1638.599463 0.062285 
1639.563912 0.061239 
1640.528361 0.061952 
1641.492811 0.061599 
1642.457260 0.062375 
1643.421709 0.061612 
1644.386159 0.060565 
1645.350608 0.059170 
1646.315058 0.062793 
1647.279507 0.065554 
1648.243956 0.066017 
1649.208406 0.064812 
1650.172855 0.063663 
1651.137304 0.060436 
1652.101754 0.054639 
1653.066203 0.053745 
1654.030652 0.072477 
1654.995102 0.072005 
1655.959551 0.069278 
1656.924000 0.069158 
1657.888450 0.068684 
1658.852899 0.067564 
1659.817349 0.068246 
1660.781798 0.069942 
1661.746247 0.070032 
1662.710697 0.068386 
1663.675146 0.070615 
1664.639595 0.070677 
1665.604045 0.071485 
1666.568494 0.071864 
1667.532943 0.074550 
1668.497393 0.077777 
1669.461842 0.077304 
1670.426292 0.075144 
1671.390741 0.077757 
1672.355190 0.079744 
1673.319640 0.078266 
1674.284089 0.076681 
1675.248538 0.081624 
1676.212988 0.086500 
1677.177437 0.084798 
1678.141886 0.085909 
1679.106336 0.091613 
1680.070785 0.104078 
1681.035234 0.104356 
1681.999684 0.097721 
1682.964133 0.099027 
1683.928583 0.108837 
1684.893032 0.112418 
1685.857481 0.110376 
1686.821931 0.112691 
1687.786380 0.121701 
1688.750829 0.127978 
1689.715279 0.126251 
1690.679728 0.127576 
1691.644177 0.127776 
1692.608627 0.129841 
1693.573076 0.132381 
1694.537526 0.133872 
1695.501975 0.137396 
1696.466424 0.152317 
1697.430874 0.153879 
1698.395323 0.155239 
1699.359772 0.154725 
1700.324222 0.172811 
1701.288671 0.189005 
1702.253120 0.193513 
1703.217570 0.201522 
1704.182019 0.216812 
1705.146468 0.235288 
1706.110918 0.253653 
1707.075367 0.286273 
1708.039817 0.312321 
1709.004266 0.340446 
1709.968715 0.382511 
1710.933165 0.429017 
1711.897614 0.470427 
1712.862063 0.513622 
1713.826513 0.555577 
1714.790962 0.595678 
1715.755411 0.618250 
1716.719861 0.616789 
1717.684310 0.604420 
1718.648760 0.550591 
1719.613209 0.500670 
1720.577658 0.456088 
1721.542108 0.407802 
1722.506557 0.362627 
1723.471006 0.320590 
1724.435456 0.278584 
1725.399905 0.246185 
1726.364354 0.220191 
1727.328804 0.198557 
1728.293253 0.181843 
1729.257702 0.173983 
1730.222152 0.166832 
1731.186601 0.150250 
1732.151051 0.141681 
1733.115500 0.139933 
1734.079949 0.139132 
1735.044399 0.125114 
1736.008848 0.117425 
1736.973297 0.115092 
1737.937747 0.113665 
1738.902196 0.110233 
1739.866645 0.108962 
1740.831095 0.108273 
1741.795544 0.108139 
1742.759994 0.114849 
1743.724443 0.123001 
1744.688892 0.118739 
1745.653342 0.115600 
1746.617791 0.118096 
1747.582240 0.121606 
1748.546690 0.125118 
1749.511139 0.128192 
1750.475588 0.129079 
1751.440038 0.135907 
1752.404487 0.131453 
1753.368936 0.126155 
1754.333386 0.124596 
1755.297835 0.124878 
1756.262285 0.129218 
1757.226734 0.133652 
1758.191183 0.131860 
1759.155633 0.129136 
1760.120082 0.127379 
1761.084531 0.129537 
1762.048981 0.134591 
1763.013430 0.131659 
1763.977879 0.130293 
1764.942329 0.131994 
1765.906778 0.135068 
1766.871228 0.139736 
1767.835677 0.150889 
1768.800126 0.156818 
1769.764576 0.154506 
1770.729025 0.157509 
1771.693474 0.165237 
1772.657924 0.177464 
1773.622373 0.191441 
1774.586822 0.200504 
1775.551272 0.217587 
1776.515721 0.232815 
1777.480170 0.246281 
1778.444620 0.267738 
1779.409069 0.291321 
1780.373519 0.318648 
1781.337968 0.355858 
1782.302417 0.387540 
1783.266867 0.424912 
1784.231316 0.472350 
1785.195765 0.536151 
1786.160215 0.590788 
1787.124664 0.642053 
1788.089113 0.701264 
1789.053563 0.755435 
1790.018012 0.803002 
1790.982462 0.845516 
1791.946911 0.873274 
1792.911360 0.881504 
1793.875810 0.873617 
1794.840259 0.853980 
1795.804708 0.826241 
1796.769158 0.769255 
1797.733607 0.709181 
1798.698056 0.652333 
1799.662506 0.589455 
1800.626955 0.531141 
1801.591404 0.491634 
1802.555854 0.444128 
1803.520303 0.402033 
1804.484753 0.370547 
1805.449202 0.346826 
1806.413651 0.327484 
1807.378101 0.316077 
1808.342550 0.303264 
1809.306999 0.292512 
1810.271449 0.287482 
1811.235898 0.286842 
1812.200347 0.285425 
1813.164797 0.283439 
1814.129246 0.281592 
1815.093696 0.284383 
1816.058145 0.287051 
1817.022594 0.292782 
1817.987044 0.293472 
1818.951493 0.289605 
1819.915942 0.284932 
1820.880392 0.280635 
1821.844841 0.275194 
1822.809290 0.270081 
1823.773740 0.261752 
1824.738189 0.258901 
1825.702638 0.254127 
1826.667088 0.243814 
1827.631537 0.237371 
1828.595987 0.235756 
1829.560436 0.237100 
1830.524885 0.237527 
1831.489335 0.234148 
1832.453784 0.236012 
1833.418233 0.240197 
1834.382683 0.242674 
1835.347132 0.245537 
1836.311581 0.251953 
1837.276031 0.258935 
1838.240480 0.261479 
1839.204930 0.261689 
1840.169379 0.262370 
1841.133828 0.261510 
1842.098278 0.260150 
1843.062727 0.252653 
1844.027176 0.243352 
1844.991626 0.227337 
1845.956075 0.211350 
1846.920524 0.196561 
1847.884974 0.184808 
1848.849423 0.167186 
1849.813872 0.151518 
1850.778322 0.139375 
1851.742771 0.130313 
1852.707221 0.121999 
1853.671670 0.115234 
1854.636119 0.109031 
1855.600569 0.104285 
1856.565018 0.099800 
1857.529467 0.097213 
1858.493917 0.095426 
1859.458366 0.092472 
1860.422815 0.089689 
1861.387265 0.088940 
1862.351714 0.085532 
1863.316164 0.082940 
1864.280613 0.081514 
1865.245062 0.080509 
1866.209512 0.081012 
1867.173961 0.081930 
1868.138410 0.083205 
1869.102860 0.084255 
1870.067309 0.082117 
1871.031758 0.078934 
1871.996208 0.074732 
1872.960657 0.072784 
1873.925106 0.072000 
1874.889556 0.071638 
1875.854005 0.071016 
1876.818455 0.070747 
1877.782904 0.070291 
1878.747353 0.071056 
1879.711803 0.071020 
1880.676252 0.069689 
1881.640701 0.068815 
1882.605151 0.068688 
1883.569600 0.068600 
1884.534049 0.069409 
1885.498499 0.069218 
1886.462948 0.068182 
1887.427398 0.067661 
1888.391847 0.068466 
1889.356296 0.072254 
1890.320746 0.072014 
1891.285195 0.068180 
1892.249644 0.067585 
1893.214094 0.067568 
1894.178543 0.068838 
1895.142992 0.071186 
1896.107442 0.069926 
1897.071891 0.067627 
1898.036340 0.067543 
1899.000790 0.067021 
1899.965239 0.067065 
1900.929689 0.067225 
1901.894138 0.067884 
1902.858587 0.067273 
1903.823037 0.067301 
1904.787486 0.067151 
1905.751935 0.067132 
1906.716385 0.067555 
1907.680834 0.070013 
1908.645283 0.070415 
1909.609733 0.071307 
1910.574182 0.071210 
1911.538632 0.068683 
1912.503081 0.068071 
1913.467530 0.068397 
1914.431980 0.069019 
1915.396429 0.069471 
1916.360878 0.069596 
1917.325328 0.071685 
1918.289777 0.075323 
1919.254226 0.073287 
1920.218676 0.071528 
1921.183125 0.072973 
1922.147574 0.078374 
1923.112024 0.082188 
1924.076473 0.077048 
1925.040923 0.073807 
1926.005372 0.073594 
1926.969821 0.073980 
1927.934271 0.074164 
1928.898720 0.074226 
1929.863169 0.073943 
1930.827619 0.073737 
1931.792068 0.073415 
1932.756517 0.073644 
1933.720967 0.072721 
1934.685416 0.071122 
1935.649866 0.069868 
1936.614315 0.069013 
1937.578764 0.068050 
1938.543214 0.067266 
1939.507663 0.066346 
1940.472112 0.066183 
1941.436562 0.067988 
1942.401011 0.072773 
1943.365460 0.069871 
1944.329910 0.064515 
1945.294359 0.064035 
1946.258808 0.063873 
1947.223258 0.062658 
1948.187707 0.062021 
1949.152157 0.062283 
1950.116606 0.062009 
1951.081055 0.061165 
1952.045505 0.060713 
1953.009954 0.060511 
1953.974403 0.060870 
1954.938853 0.061744 
1955.903302 0.061385 
1956.867751 0.061391 
1957.832201 0.064113 
1958.796650 0.065697 
1959.761100 0.062894 
1960.725549 0.060771 
1961.689998 0.060257 
1962.654448 0.059457 
1963.618897 0.059204 
1964.583346 0.059227 
1965.547796 0.060521 
1966.512245 0.063345 
1967.476694 0.065031 
1968.441144 0.061818 
1969.405593 0.059205 
1970.370042 0.058885 
1971.334492 0.058793 
1972.298941 0.058741 
1973.263391 0.058722 
1974.227840 0.058664 
1975.192289 0.058668 
1976.156739 0.058655 
1977.121188 0.058660 
1978.085637 0.058629 
1979.050087 0.058594 
1980.014536 0.058540 
1980.978985 0.058606 
1981.943435 0.058645 
1982.907884 0.058595 
1983.872334 0.058563 
1984.836783 0.058585 
1985.801232 0.058625 
1986.765682 0.058860 
1987.730131 0.060837 
1988.694580 0.062302 
1989.659030 0.060062 
1990.623479 0.059664 
1991.587928 0.064011 
1992.552378 0.066499 
1993.516827 0.061905 
1994.481276 0.059516 
1995.445726 0.059252 
1996.410175 0.059380 
1997.374625 0.059414 
1998.339074 0.059723 
1999.303523 0.059855 
2000.267973 0.059781 
2001.232422 0.059722 
2002.196871 0.059879 
2003.161321 0.059894 
2004.125770 0.059956 
2005.090219 0.059972 
2006.054669 0.060126 
2007.019118 0.060491 
2007.983568 0.060815 
2008.948017 0.060531 
2009.912466 0.060376 
2010.876916 0.060295 
2011.841365 0.060383 
2012.805814 0.060461 
2013.770264 0.060520 
2014.734713 0.060604 
2015.699162 0.061801 
2016.663612 0.064949 
2017.628061 0.065331 
2018.592510 0.063996 
2019.556960 0.062650 
2020.521409 0.061293 
2021.485859 0.061201 
2022.450308 0.061658 
2023.414757 0.062019 
2024.379207 0.061380 
2025.343656 0.061258 
2026.308105 0.061400 
2027.272555 0.061887 
2028.237004 0.062536 
2029.201453 0.062582 
2030.165903 0.061526 
2031.130352 0.061103 
2032.094802 0.060849 
2033.059251 0.060790 
2034.023700 0.060611 
2034.988150 0.060509 
2035.952599 0.060308 
2036.917048 0.060370 
2037.881498 0.060131 
2038.845947 0.059896 
2039.810396 0.059999 
2040.774846 0.061888 
2041.739295 0.062553 
2042.703744 0.060461 
2043.668194 0.059713 
2044.632643 0.059711 
2045.597093 0.059489 
2046.561542 0.059530 
2047.525991 0.059288 
2048.490441 0.059134 
2049.454890 0.059037 
2050.419339 0.059017 
2051.383789 0.058886 
2052.348238 0.058827 
2053.312687 0.058789 
2054.277137 0.058798 
2055.241586 0.058740 
2056.206036 0.058716 
2057.170485 0.058587 
2058.134934 0.058553 
2059.099384 0.058581 
2060.063833 0.058867 
2061.028282 0.058837 
2061.992732 0.058577 
2062.957181 0.058453 
2063.921630 0.059590 
2064.886080 0.061846 
2065.850529 0.061258 
2066.814978 0.059127 
2067.779428 0.058511 
2068.743877 0.058519 
2069.708327 0.058544 
2070.672776 0.058424 
2071.637225 0.058498 
2072.601675 0.058596 
2073.566124 0.058835 
2074.530573 0.058728 
2075.495023 0.058565 
2076.459472 0.058511 
2077.423921 0.058741 
2078.388371 0.058817 
2079.352820 0.058653 
2080.317270 0.058461 
2081.281719 0.058649 
2082.246168 0.058679 
2083.210618 0.058461 
2084.175067 0.058311 
2085.139516 0.058407 
2086.103966 0.058598 
2087.068415 0.058818 
2088.032864 0.058517 
2088.997314 0.058776 
2089.961763 0.060020 
2090.926212 0.059593 
2091.890662 0.058178 
2092.855111 0.057988 
2093.819561 0.058097 
2094.784010 0.058420 
2095.748459 0.058161 
2096.712909 0.058009 
2097.677358 0.058049 
2098.641807 0.058407 
2099.606257 0.058454 
2100.570706 0.058249 
2101.535155 0.058125 
2102.499605 0.058443 
2103.464054 0.058642 
2104.428504 0.058351 
2105.392953 0.058205 
2106.357402 0.058474 
2107.321852 0.058767 
2108.286301 0.058550 
2109.250750 0.058245 
2110.215200 0.058375 
2111.179649 0.058718 
2112.144098 0.058678 
2113.108548 0.058352 
2114.072997 0.058805 
2115.037446 0.059573 
2116.001896 0.059294 
2116.966345 0.058515 
2117.930795 0.058414 
2118.895244 0.058726 
2119.859693 0.059053 
2120.824143 0.058752 
2121.788592 0.058666 
2122.753041 0.058949 
2123.717491 0.059368 
2124.681940 0.059158 
2125.646389 0.058969 
2126.610839 0.059122 
2127.575288 0.059520 
2128.539738 0.059374 
2129.504187 0.059206 
2130.468636 0.059304 
2131.433086 0.059627 
2132.397535 0.059562 
2133.361984 0.059415 
2134.326434 0.059458 
2135.290883 0.059978 
2136.255332 0.060324 
2137.219782 0.059879 
2138.184231 0.059613 
2139.148680 0.059913 
2140.113130 0.059875 
2141.077579 0.059635 
2142.042029 0.059571 
2143.006478 0.059612 
2143.970927 0.059649 
2144.935377 0.059739 
2145.899826 0.059784 
2146.864275 0.059886 
2147.828725 0.059941 
2148.793174 0.059881 
2149.757623 0.059905 
2150.722073 0.060098 
2151.686522 0.060139 
2152.650972 0.060106 
2153.615421 0.060204 
2154.579870 0.060406 
2155.544320 0.060275 
2156.508769 0.060146 
2157.473218 0.060336 
2158.437668 0.060563 
2159.402117 0.060358 
2160.366566 0.060319 
2161.331016 0.060852 
2162.295465 0.061053 
2163.259914 0.060498 
2164.224364 0.060387 
2165.188813 0.060756 
2166.153263 0.060804 
2167.117712 0.060440 
2168.082161 0.060629 
2169.046611 0.061037 
2170.011060 0.060845 
2170.975509 0.060477 
2171.939959 0.060827 
2172.904408 0.061171 
2173.868857 0.060885 
2174.833307 0.060707 
2175.797756 0.061164 
2176.762206 0.061253 
2177.726655 0.060875 
2178.691104 0.060920 
2179.655554 0.061377 
2180.620003 0.061301 
2181.584452 0.061110 
2182.548902 0.061421 
2183.513351 0.061679 
2184.477800 0.061461 
2185.442250 0.061585 
2186.406699 0.062057 
2187.371148 0.062057 
2188.335598 0.061760 
2189.300047 0.062058 
2190.264497 0.062240 
2191.228946 0.061937 
2192.193395 0.061820 
2193.157845 0.062085 
2194.122294 0.061928 
2195.086743 0.061586 
2196.051193 0.061632 
2197.015642 0.061697 
2197.980091 0.061423 
2198.944541 0.061378 
2199.908990 0.061453 
2200.873440 0.061312 
2201.837889 0.061143 
2202.802338 0.061260 
2203.766788 0.061232 
2204.731237 0.061168 
2205.695686 0.061279 
2206.660136 0.061320 
2207.624585 0.061158 
2208.589034 0.061159 
2209.553484 0.061251 
2210.517933 0.061231 
2211.482382 0.061210 
2212.446832 0.061284 
2213.411281 0.061266 
2214.375731 0.061305 
2215.340180 0.061379 
2216.304629 0.061381 
2217.269079 0.061399 
2218.233528 0.061577 
2219.197977 0.061690 
2220.162427 0.061725 
2221.126876 0.061811 
2222.091325 0.061999 
2223.055775 0.062117 
2224.020224 0.062258 
2224.984674 0.062384 
2225.949123 0.062527 
2226.913572 0.062698 
2227.878022 0.062872 
2228.842471 0.062969 
2229.806920 0.063090 
2230.771370 0.063188 
2231.735819 0.063243 
2232.700268 0.063254 
2233.664718 0.063265 
2234.629167 0.063254 
2235.593616 0.063263 
2236.558066 0.063159 
2237.522515 0.063086 
2238.486965 0.063035 
2239.451414 0.063063 
2240.415863 0.062998 
2241.380313 0.062999 
2242.344762 0.063000 
2243.309211 0.063013 
2244.273661 0.062960 
2245.238110 0.062962 
2246.202559 0.062958 
2247.167009 0.062935 
2248.131458 0.062920 
2249.095908 0.062908 
2250.060357 0.062965 
2251.024806 0.063027 
2251.989256 0.063103 
2252.953705 0.063096 
2253.918154 0.063118 
2254.882604 0.063213 
2255.847053 0.063302 
2256.811502 0.063278 
2257.775952 0.063275 
2258.740401 0.063299 
2259.704850 0.063366 
2260.669300 0.063383 
2261.633749 0.063406 
2262.598199 0.063419 
2263.562648 0.063484 
2264.527097 0.063513 
2265.491547 0.063502 
2266.455996 0.063513 
2267.420445 0.063587 
2268.384895 0.063609 
2269.349344 0.063650 
2270.313793 0.063705 
2271.278243 0.063834 
2272.242692 0.063991 
2273.207142 0.064063 
2274.171591 0.064201 
2275.136040 0.064413 
2276.100490 0.064561 
2277.064939 0.064790 
2278.029388 0.064967 
2278.993838 0.065168 
2279.958287 0.065500 
2280.922736 0.065743 
2281.887186 0.066135 
2282.851635 0.066385 
2283.816084 0.066577 
2284.780534 0.066914 
2285.744983 0.066914 
2286.709433 0.067280 
2287.673882 0.067400 
2288.638331 0.067595 
2289.602781 0.068070 
2290.567230 0.068025 
2291.531679 0.068717 
2292.496129 0.068713 
2293.460578 0.069440 
2294.425027 0.069822 
2295.389477 0.070067 
2296.353926 0.071139 
2297.318376 0.071028 
2298.282825 0.072360 
2299.247274 0.072192 
2300.211724 0.073228 
2301.176173 0.073651 
2302.140622 0.073756 
2303.105072 0.074766 
2304.069521 0.074650 
2305.033970 0.076350 
2305.998420 0.076020 
2306.962869 0.077652 
2307.927318 0.077113 
2308.891768 0.077911 
2309.856217 0.077853 
2310.820667 0.077865 
2311.785116 0.078067 
2312.749565 0.076809 
2313.714015 0.077082 
2314.678464 0.074896 
2315.642913 0.075058 
2316.607363 0.073829 
2317.571812 0.074379 
2318.536261 0.073653 
2319.500711 0.074041 
2320.465160 0.072770 
2321.429610 0.072900 
2322.394059 0.071455 
2323.358508 0.070997 
2324.322958 0.069054 
2325.287407 0.066969 
2326.251856 0.065151 
2327.216306 0.063938 
2328.180755 0.063158 
2329.145204 0.062362 
2330.109654 0.061689 
2331.074103 0.060459 
2332.038552 0.058978 
2333.003002 0.057164 
2333.967451 0.055410 
2334.931901 0.053679 
2335.896350 0.053230 
2336.860799 0.052759 
2337.825249 0.051901 
2338.789698 0.051667 
2339.754147 0.052349 
2340.718597 0.052148 
2341.683046 0.052479 
2342.647495 0.053655 
2343.611945 0.056009 
2344.576394 0.058666 
2345.540844 0.061133 
2346.505293 0.063522 
2347.469742 0.066024 
2348.434192 0.070215 
2349.398641 0.070620 
2350.363090 0.067718 
2351.327540 0.064318 
2352.291989 0.060070 
2353.256438 0.056584 
2354.220888 0.055027 
2355.185337 0.053511 
2356.149786 0.050211 
2357.114236 0.048221 
2358.078685 0.047649 
2359.043135 0.047629 
2360.007584 0.046182 
2360.972033 0.046173 
2361.936483 0.046362 
2362.900932 0.046992 
2363.865381 0.047819 
2364.829831 0.049497 
2365.794280 0.050849 
2366.758729 0.052884 
2367.723179 0.054798 
2368.687628 0.057165 
2369.652078 0.059201 
2370.616527 0.061516 
2371.580976 0.063730 
2372.545426 0.065955 
2373.509875 0.067926 
2374.474324 0.069952 
2375.438774 0.071743 
2376.403223 0.073315 
2377.367672 0.074506 
2378.332122 0.075390 
2379.296571 0.075800 
2380.261020 0.075655 
2381.225470 0.074966 
2382.189919 0.074024 
2383.154369 0.072836 
2384.118818 0.071563 
2385.083267 0.070359 
2386.047717 0.069382 
2387.012166 0.068574 
2387.976615 0.068034 
2388.941065 0.067614 
2389.905514 0.067429 
2390.869963 0.067312 
2391.834413 0.067298 
2392.798862 0.067304 
2393.763312 0.067369 
2394.727761 0.067432 
2395.692210 0.067552 
2396.656660 0.067614 
2397.621109 0.067758 
2398.585558 0.067852 
2399.550008 0.067998 
2400.514457 0.068088 
2401.478906 0.068160 
2402.443356 0.068197 
2403.407805 0.068311 
2404.372254 0.068393 
2405.336704 0.068510 
2406.301153 0.068555 
2407.265603 0.068644 
2408.230052 0.068769 
2409.194501 0.068930 
2410.158951 0.068979 
2411.123400 0.069011 
2412.087849 0.069093 
2413.052299 0.069253 
2414.016748 0.069314 
2414.981197 0.069432 
2415.945647 0.069545 
2416.910096 0.069700 
2417.874546 0.069803 
2418.838995 0.069920 
2419.803444 0.070003 
2420.767894 0.070168 
2421.732343 0.070301 
2422.696792 0.070404 
2423.661242 0.070448 
2424.625691 0.070589 
2425.590140 0.070732 
2426.554590 0.070797 
2427.519039 0.070745 
2428.483488 0.070770 
2429.447938 0.070784 
2430.412387 0.070811 
2431.376837 0.070805 
2432.341286 0.070890 
2433.305735 0.070917 
2434.270185 0.070961 
2435.234634 0.070995 
2436.199083 0.071030 
2437.163533 0.071089 
2438.127982 0.071232 
2439.092431 0.071335 
2440.056881 0.071437 
2441.021330 0.071559 
2441.985780 0.071703 
2442.950229 0.071794 
2443.914678 0.071899 
2444.879128 0.071994 
2445.843577 0.072156 
2446.808026 0.072302 
2447.772476 0.072416 
2448.736925 0.072413 
2449.701374 0.072495 
2450.665824 0.072576 
2451.630273 0.072598 
2452.594722 0.072646 
2453.559172 0.072832 
2454.523621 0.072986 
2455.488071 0.073090 
2456.452520 0.073136 
2457.416969 0.073299 
2458.381419 0.073415 
2459.345868 0.073507 
2460.310317 0.073556 
2461.274767 0.073590 
2462.239216 0.073571 
2463.203665 0.073539 
2464.168115 0.073431 
2465.132564 0.073338 
2466.097014 0.073201 
2467.061463 0.073085 
2468.025912 0.072958 
2468.990362 0.072823 
2469.954811 0.072702 
2470.919260 0.072689 
2471.883710 0.072640 
2472.848159 0.072624 
2473.812608 0.072607 
2474.777058 0.072601 
2475.741507 0.072588 
2476.705956 0.072582 
2477.670406 0.072578 
2478.634855 0.072634 
2479.599305 0.072672 
2480.563754 0.072732 
2481.528203 0.072741 
2482.492653 0.072841 
2483.457102 0.072913 
2484.421551 0.072969 
2485.386001 0.072985 
2486.350450 0.073069 
2487.314899 0.073139 
2488.279349 0.073240 
2489.243798 0.073319 
2490.208248 0.073428 
2491.172697 0.073522 
2492.137146 0.073651 
2493.101596 0.073748 
2494.066045 0.073857 
2495.030494 0.073998 
2495.994944 0.074189 
2496.959393 0.074305 
2497.923842 0.074402 
2498.888292 0.074496 
2499.852741 0.074663 
2500.817190 0.074888 
2501.781640 0.075100 
2502.746089 0.075194 
2503.710539 0.075346 
2504.674988 0.075524 
2505.639437 0.075687 
2506.603887 0.075804 
2507.568336 0.076050 
2508.532785 0.076261 
2509.497235 0.076433 
2510.461684 0.076610 
2511.426133 0.076870 
2512.390583 0.077100 
2513.355032 0.077355 
2514.319482 0.077573 
2515.283931 0.077843 
2516.248380 0.078092 
2517.212830 0.078344 
2518.177279 0.078595 
2519.141728 0.078895 
2520.106178 0.079185 
2521.070627 0.079428 
2522.035076 0.079611 
2522.999526 0.079861 
2523.963975 0.080116 
2524.928424 0.080463 
2525.892874 0.080737 
2526.857323 0.080988 
2527.821773 0.081220 
2528.786222 0.081539 
2529.750671 0.081783 
2530.715121 0.082091 
2531.679570 0.082304 
2532.644019 0.082685 
2533.608469 0.083017 
2534.572918 0.083357 
2535.537367 0.083636 
2536.501817 0.084024 
2537.466266 0.084386 
2538.430716 0.084768 
2539.395165 0.085064 
2540.359614 0.085421 
2541.324064 0.085832 
2542.288513 0.086264 
2543.252962 0.086596 
2544.217412 0.086939 
2545.181861 0.087324 
2546.146310 0.087710 
2547.110760 0.088101 
2548.075209 0.088478 
2549.039658 0.088874 
2550.004108 0.089266 
2550.968557 0.089559 
2551.933007 0.089791 
2552.897456 0.090051 
2553.861905 0.090331 
2554.826355 0.090549 
2555.790804 0.090708 
2556.755253 0.090877 
2557.719703 0.091041 
2558.684152 0.091117 
2559.648601 0.091110 
2560.613051 0.091125 
2561.577500 0.091178 
2562.541950 0.091186 
2563.506399 0.091158 
2564.470848 0.091110 
2565.435298 0.091025 
2566.399747 0.090924 
2567.364196 0.090831 
2568.328646 0.090667 
2569.293095 0.090482 
2570.257544 0.090362 
2571.221994 0.090193 
2572.186443 0.089974 
2573.150892 0.089803 
2574.115342 0.089583 
2575.079791 0.089305 
2576.044241 0.089033 
2577.008690 0.088820 
2577.973139 0.088659 
2578.937589 0.088465 
2579.902038 0.088251 
2580.866487 0.088089 
2581.830937 0.087928 
2582.795386 0.087788 
2583.759835 0.087640 
2584.724285 0.087494 
2585.688734 0.087380 
2586.653184 0.087327 
2587.617633 0.087310 
2588.582082 0.087286 
2589.546532 0.087251 
2590.510981 0.087229 
2591.475430 0.087180 
2592.439880 0.087137 
2593.404329 0.087151 
2594.368778 0.087219 
2595.333228 0.087250 
2596.297677 0.087275 
2597.262126 0.087315 
2598.226576 0.087388 
2599.191025 0.087471 
2600.155475 0.087534 
2601.119924 0.087606 
2602.084373 0.087687 
2603.048823 0.087773 
2604.013272 0.087850 
2604.977721 0.087913 
2605.942171 0.087942 
2606.906620 0.087908 
2607.871069 0.087940 
2608.835519 0.088028 
2609.799968 0.088087 
2610.764418 0.088199 
2611.728867 0.088378 
2612.693316 0.088509 
2613.657766 0.088633 
2614.622215 0.088834 
2615.586664 0.089069 
2616.551114 0.089334 
2617.515563 0.089639 
2618.480012 0.090024 
2619.444462 0.090464 
2620.408911 0.090889 
2621.373360 0.091273 
2622.337810 0.091670 
2623.302259 0.092167 
2624.266709 0.092654 
2625.231158 0.093183 
2626.195607 0.093705 
2627.160057 0.094170 
2628.124506 0.094674 
2629.088955 0.095136 
2630.053405 0.095579 
2631.017854 0.096103 
2631.982303 0.096646 
2632.946753 0.097052 
2633.911202 0.097389 
2634.875652 0.097693 
2635.840101 0.098018 
2636.804550 0.098317 
2637.769000 0.098509 
2638.733449 0.098687 
2639.697898 0.098912 
2640.662348 0.099092 
2641.626797 0.099191 
2642.591246 0.099258 
2643.555696 0.099369 
2644.520145 0.099490 
2645.484594 0.099522 
2646.449044 0.099530 
2647.413493 0.099648 
2648.377943 0.099794 
2649.342392 0.099928 
2650.306841 0.100027 
2651.271291 0.100095 
2652.235740 0.100196 
2653.200189 0.100355 
2654.164639 0.100450 
2655.129088 0.100447 
2656.093537 0.100478 
2657.057987 0.100589 
2658.022436 0.100719 
2658.986886 0.100788 
2659.951335 0.100848 
2660.915784 0.100961 
2661.880234 0.101029 
2662.844683 0.101068 
2663.809132 0.101054 
2664.773582 0.101032 
2665.738031 0.101022 
2666.702480 0.100968 
2667.666930 0.100879 
2668.631379 0.100815 
2669.595828 0.100679 
2670.560278 0.100572 
2671.524727 0.100456 
2672.489177 0.100363 
2673.453626 0.100232 
2674.418075 0.100117 
2675.382525 0.100107 
2676.346974 0.100081 
2677.311423 0.099997 
2678.275873 0.099990 
2679.240322 0.100018 
2680.204771 0.099995 
2681.169221 0.099896 
2682.133670 0.099853 
2683.098120 0.099809 
2684.062569 0.099796 
2685.027018 0.099766 
2685.991468 0.099713 
2686.955917 0.099639 
2687.920366 0.099524 
2688.884816 0.099437 
2689.849265 0.099421 
2690.813714 0.099305 
2691.778164 0.099144 
2692.742613 0.099011 
2693.707062 0.098948 
2694.671512 0.098879 
2695.635961 0.098749 
2696.600411 0.098584 
2697.564860 0.098427 
2698.529309 0.098176 
2699.493759 0.097950 
2700.458208 0.097700 
2701.422657 0.097454 
2702.387107 0.097261 
2703.351556 0.097035 
2704.316005 0.096807 
2705.280455 0.096693 
2706.244904 0.096566 
2707.209354 0.096437 
2708.173803 0.096331 
2709.138252 0.096189 
2710.102702 0.096074 
2711.067151 0.096061 
2712.031600 0.095987 
2712.996050 0.095939 
2713.960499 0.095932 
2714.924948 0.095904 
2715.889398 0.095862 
2716.853847 0.095871 
2717.818296 0.095947 
2718.782746 0.096078 
2719.747195 0.096211 
2720.711645 0.096334 
2721.676094 0.096397 
2722.640543 0.096460 
2723.604993 0.096639 
2724.569442 0.096834 
2725.533891 0.096947 
2726.498341 0.097026 
2727.462790 0.097249 
2728.427239 0.097514 
2729.391689 0.097740 
2730.356138 0.097961 
2731.320588 0.098223 
2732.285037 0.098498 
2733.249486 0.098689 
2734.213936 0.098890 
2735.178385 0.099211 
2736.142834 0.099481 
2737.107284 0.099606 
2738.071733 0.099757 
2739.036182 0.099958 
2740.000632 0.100216 
2740.965081 0.100453 
2741.929530 0.100644 
2742.893980 0.100811 
2743.858429 0.100999 
2744.822879 0.101220 
2745.787328 0.101377 
2746.751777 0.101465 
2747.716227 0.101527 
2748.680676 0.101572 
2749.645125 0.101470 
2750.609575 0.101287 
2751.574024 0.101187 
2752.538473 0.101054 
2753.502923 0.100913 
2754.467372 0.100811 
2755.431822 0.100702 
2756.396271 0.100640 
2757.360720 0.100653 
2758.325170 0.100620 
2759.289619 0.100574 
2760.254068 0.100550 
2761.218518 0.100607 
2762.182967 0.100655 
2763.147416 0.100645 
2764.111866 0.100668 
2765.076315 0.100699 
2766.040764 0.100712 
2767.005214 0.100746 
2767.969663 0.100746 
2768.934113 0.100737 
2769.898562 0.100783 
2770.863011 0.100794 
2771.827461 0.100777 
2772.791910 0.100772 
2773.756359 0.100802 
2774.720809 0.100825 
2775.685258 0.100781 
2776.649707 0.100841 
2777.614157 0.100929 
2778.578606 0.101059 
2779.543056 0.101185 
2780.507505 0.101305 
2781.471954 0.101401 
2782.436404 0.101496 
2783.400853 0.101574 
2784.365302 0.101697 
2785.329752 0.101848 
2786.294201 0.101963 
2787.258650 0.102080 
2788.223100 0.102207 
2789.187549 0.102267 
2790.151998 0.102354 
2791.116448 0.102429 
2792.080897 0.102518 
2793.045347 0.102671 
2794.009796 0.102850 
2794.974245 0.102980 
2795.938695 0.103090 
2796.903144 0.103275 
2797.867593 0.103409 
2798.832043 0.103459 
2799.796492 0.103685 
2800.760941 0.104004 
2801.725391 0.104295 
2802.689840 0.104531 
2803.654290 0.104796 
2804.618739 0.105063 
2805.583188 0.105292 
2806.547638 0.105470 
2807.512087 0.105626 
2808.476536 0.105755 
2809.440986 0.105874 
2810.405435 0.105909 
2811.369884 0.105916 
2812.334334 0.105903 
2813.298783 0.106035 
2814.263232 0.106172 
2815.227682 0.106280 
2816.192131 0.106411 
2817.156581 0.106604 
2818.121030 0.106819 
2819.085479 0.107080 
2820.049929 0.107301 
2821.014378 0.107502 
2821.978827 0.107725 
2822.943277 0.107962 
2823.907726 0.108162 
2824.872175 0.108398 
2825.836625 0.108695 
2826.801074 0.109014 
2827.765524 0.109324 
2828.729973 0.109669 
2829.694422 0.109978 
2830.658872 0.110285 
2831.623321 0.110559 
2832.587770 0.110841 
2833.552220 0.111118 
2834.516669 0.111391 
2835.481118 0.111656 
2836.445568 0.112021 
2837.410017 0.112408 
2838.374466 0.112756 
2839.338916 0.113073 
2840.303365 0.113341 
2841.267815 0.113568 
2842.232264 0.113795 
2843.196713 0.113916 
2844.161163 0.114028 
2845.125612 0.114186 
2846.090061 0.114476 
2847.054511 0.114701 
2848.018960 0.114882 
2848.983409 0.115132 
2849.947859 0.115474 
2850.912308 0.115781 
2851.876758 0.116100 
2852.841207 0.116368 
2853.805656 0.116736 
2854.770106 0.117202 
2855.734555 0.117658 
2856.699004 0.117998 
2857.663454 0.118415 
2858.627903 0.118920 
2859.592352 0.119345 
2860.556802 0.119759 
2861.521251 0.120332 
2862.485700 0.120915 
2863.450150 0.121572 
2864.414599 0.122257 
2865.379049 0.123035 
2866.343498 0.123829 
2867.307947 0.124779 
2868.272397 0.125797 
2869.236846 0.126901 
2870.201295 0.128050 
2871.165745 0.129297 
2872.130194 0.130649 
2873.094643 0.132098 
2874.059093 0.133621 
2875.023542 0.135563 
2875.987992 0.137811 
2876.952441 0.140215 
2877.916890 0.142670 
2878.881340 0.145219 
2879.845789 0.147662 
2880.810238 0.149888 
2881.774688 0.151585 
2882.739137 0.152730 
2883.703586 0.153344 
2884.668036 0.153408 
2885.632485 0.152834 
2886.596934 0.151964 
2887.561384 0.150861 
2888.525833 0.149780 
2889.490283 0.148664 
2890.454732 0.147636 
2891.419181 0.146740 
2892.383631 0.145991 
2893.348080 0.145388 
2894.312529 0.144956 
2895.276979 0.144504 
2896.241428 0.144197 
2897.205877 0.144133 
2898.170327 0.144238 
2899.134776 0.144398 
2900.099226 0.144732 
2901.063675 0.145198 
2902.028124 0.145839 
2902.992574 0.146582 
2903.957023 0.147389 
2904.921472 0.148154 
2905.885922 0.148791 
2906.850371 0.149202 
2907.814820 0.149635 
2908.779270 0.150079 
2909.743719 0.150595 
2910.708168 0.151271 
2911.672618 0.152313 
2912.637067 0.153446 
2913.601517 0.154663 
2914.565966 0.156010 
2915.530415 0.157497 
2916.494865 0.158890 
2917.459314 0.160267 
2918.423763 0.161567 
2919.388213 0.162784 
2920.352662 0.163713 
2921.317111 0.164455 
2922.281561 0.165029 
2923.246010 0.165462 
2924.210460 0.165625 
2925.174909 0.165725 
2926.139358 0.165736 
2927.103808 0.165715 
2928.068257 0.165798 
2929.032706 0.165931 
2929.997156 0.165931 
2930.961605 0.166042 
2931.926054 0.166353 
2932.890504 0.167085 
2933.854953 0.167901 
2934.819402 0.168835 
2935.783852 0.170158 
2936.748301 0.172001 
2937.712751 0.174275 
2938.677200 0.177337 
2939.641649 0.181236 
2940.606099 0.186151 
2941.570548 0.192020 
2942.534997 0.198714 
2943.499447 0.205624 
2944.463896 0.212007 
2945.428345 0.216188 
2946.392795 0.216551 
2947.357244 0.212555 
2948.321694 0.205649 
2949.286143 0.197465 
2950.250592 0.189543 
2951.215042 0.182495 
2952.179491 0.176589 
2953.143940 0.172061 
2954.108390 0.168929 
2955.072839 0.166511 
2956.037288 0.164755 
2957.001738 0.163409 
2957.966187 0.162484 
2958.930636 0.162065 
2959.895086 0.162030 
2960.859535 0.162106 
2961.823985 0.162384 
2962.788434 0.162612 
2963.752883 0.163104 
2964.717333 0.163727 
2965.681782 0.164587 
2966.646231 0.165427 
2967.610681 0.166224 
2968.575130 0.167150 
2969.539579 0.168453 
2970.504029 0.169938 
2971.468478 0.171634 
2972.432928 0.173573 
2973.397377 0.175960 
2974.361826 0.178578 
2975.326276 0.181629 
2976.290725 0.184932 
2977.255174 0.188802 
2978.219624 0.193174 
2979.184073 0.198111 
2980.148522 0.203745 
2981.112972 0.209687 
2982.077421 0.215672 
2983.041870 0.222187 
2984.006320 0.228653 
2984.970769 0.234871 
2985.935219 0.240422 
2986.899668 0.245311 
2987.864117 0.248886 
2988.828567 0.250603 
2989.793016 0.250258 
2990.757465 0.248219 
2991.721915 0.244323 
2992.686364 0.239158 
2993.650813 0.233201 
2994.615263 0.226711 
2995.579712 0.219366 
2996.544162 0.211922 
2997.508611 0.204657 
2998.473060 0.197847 
2999.437510 0.191366 
3000.401959 0.185508 
3001.366408 0.180241 
3002.330858 0.175567 
3003.295307 0.171410 
3004.259756 0.168024 
3005.224206 0.164975 
3006.188655 0.161929 
3007.153104 0.159244 
3008.117554 0.157251 
3009.082003 0.155593 
3010.046453 0.154204 
3011.010902 0.152798 
3011.975351 0.151932 
3012.939801 0.151187 
3013.904250 0.149732 
3014.868699 0.148621 
3015.833149 0.147934 
3016.797598 0.146847 
3017.762047 0.145965 
3018.726497 0.145618 
3019.690946 0.145421 
3020.655396 0.145078 
3021.619845 0.144827 
3022.584294 0.144587 
3023.548744 0.144102 
3024.513193 0.143440 
3025.477642 0.143159 
3026.442092 0.142970 
3027.406541 0.142656 
3028.370990 0.142356 
3029.335440 0.142017 
3030.299889 0.141927 
3031.264338 0.142330 
3032.228788 0.142283 
3033.193237 0.141567 
3034.157687 0.141356 
3035.122136 0.141198 
3036.086585 0.140846 
3037.051035 0.140653 
3038.015484 0.140458 
3038.979933 0.140320 
3039.944383 0.140210 
3040.908832 0.140114 
3041.873281 0.139917 
3042.837731 0.139708 
3043.802180 0.139509 
3044.766630 0.139362 
3045.731079 0.139179 
3046.695528 0.139065 
3047.659978 0.138963 
3048.624427 0.139186 
3049.588876 0.139067 
3050.553326 0.138585 
3051.517775 0.138286 
3052.482224 0.138237 
3053.446674 0.138078 
3054.411123 0.137802 
3055.375572 0.137720 
3056.340022 0.137886 
3057.304471 0.137291 
3058.268921 0.136655 
3059.233370 0.136511 
3060.197819 0.136430 
3061.162269 0.136184 
3062.126718 0.135949 
3063.091167 0.135658 
3064.055617 0.135698 
3065.020066 0.135744 
3065.984515 0.135301 
3066.948965 0.134996 
3067.913414 0.134666 
3068.877864 0.134457 
3069.842313 0.134462 
3070.806762 0.134349 
3071.771212 0.134246 
3072.735661 0.134124 
3073.700110 0.134015 
3074.664560 0.133935 
3075.629009 0.133857 
3076.593458 0.133667 
3077.557908 0.133747 
3078.522357 0.133876 
3079.486806 0.133961 
3080.451256 0.133821 
3081.415705 0.133733 
3082.380155 0.133781 
3083.344604 0.133634 
3084.309053 0.133271 
3085.273503 0.132879 
3086.237952 0.132728 
3087.202401 0.132915 
3088.166851 0.132884 
3089.131300 0.132709 
3090.095749 0.132555 
3091.060199 0.132440 
3092.024648 0.132335 
3092.989098 0.132240 
3093.953547 0.132087 
3094.917996 0.131829 
3095.882446 0.131884 
3096.846895 0.132021 
3097.811344 0.131773 
3098.775794 0.131559 
3099.740243 0.131394 
3100.704692 0.131087 
3101.669142 0.130815 
3102.633591 0.130614 
3103.598040 0.130334 
3104.562490 0.129938 
3105.526939 0.129777 
3106.491389 0.129851 
3107.455838 0.129901 
3108.420287 0.129737 
3109.384737 0.129390 
3110.349186 0.129240 
3111.313635 0.129084 
3112.278085 0.129048 
3113.242534 0.128799 
3114.206983 0.128599 
3115.171433 0.128646 
3116.135882 0.128794 
3117.100332 0.128500 
3118.064781 0.128402 
3119.029230 0.128463 
3119.993680 0.127825 
3120.958129 0.127225 
3121.922578 0.127238 
3122.887028 0.127415 
3123.851477 0.126983 
3124.815926 0.126661 
3125.780376 0.126550 
3126.744825 0.126435 
3127.709274 0.126242 
3128.673724 0.125938 
3129.638173 0.125596 
3130.602623 0.125255 
3131.567072 0.125004 
3132.531521 0.124879 
3133.495971 0.124931 
3134.460420 0.124607 
3135.424869 0.124366 
3136.389319 0.124231 
3137.353768 0.123960 
3138.318217 0.123617 
3139.282667 0.123261 
3140.247116 0.122880 
3141.211566 0.122680 
3142.176015 0.122511 
3143.140464 0.122320 
3144.104914 0.122000 
3145.069363 0.121734 
3146.033812 0.121386 
3146.998262 0.121083 
3147.962711 0.120868 
3148.927160 0.120717 
3149.891610 0.120581 
3150.856059 0.120396 
3151.820508 0.120063 
3152.784958 0.119711 
3153.749407 0.119312 
3154.713857 0.119057 
3155.678306 0.118918 
3156.642755 0.118764 
3157.607205 0.118507 
3158.571654 0.118215 
3159.536103 0.117994 
3160.500553 0.117801 
3161.465002 0.117550 
3162.429451 0.117388 
3163.393901 0.117153 
3164.358350 0.116975 
3165.322800 0.116780 
3166.287249 0.116608 
3167.251698 0.116514 
3168.216148 0.116438 
3169.180597 0.116246 
3170.145046 0.116096 
3171.109496 0.115879 
3172.073945 0.115681 
3173.038394 0.115495 
3174.002844 0.115385 
3174.967293 0.115226 
3175.931742 0.115020 
3176.896192 0.114691 
3177.860641 0.114624 
3178.825091 0.114581 
3179.789540 0.114218 
3180.753989 0.113936 
3181.718439 0.113799 
3182.682888 0.113619 
3183.647337 0.113327 
3184.611787 0.113195 
3185.576236 0.113167 
3186.540685 0.112927 
3187.505135 0.112745 
3188.469584 0.112511 
3189.434034 0.112269 
3190.398483 0.112167 
3191.362932 0.112102 
3192.327382 0.111924 
3193.291831 0.111706 
3194.256280 0.111585 
3195.220730 0.111475 
3196.185179 0.111238 
3197.149628 0.111005 
3198.114078 0.111040 
3199.078527 0.110811 
3200.042976 0.110426 
3201.007426 0.110130 
3201.971875 0.109859 
3202.936325 0.109696 
3203.900774 0.109439 
3204.865223 0.109093 
3205.829673 0.108785 
3206.794122 0.108536 
3207.758571 0.108359 
3208.723021 0.108251 
3209.687470 0.108220 
3210.651919 0.107986 
3211.616369 0.107529 
3212.580818 0.107130 
3213.545268 0.106851 
3214.509717 0.106812 
3215.474166 0.106525 
3216.438616 0.106257 
3217.403065 0.106007 
3218.367514 0.105678 
3219.331964 0.105543 
3220.296413 0.105432 
3221.260862 0.104949 
3222.225312 0.104603 
3223.189761 0.104361 
3224.154210 0.104143 
3225.118660 0.103953 
3226.083109 0.103831 
3227.047559 0.103779 
3228.012008 0.103667 
3228.976457 0.103190 
3229.940907 0.103001 
3230.905356 0.102863 
3231.869805 0.102454 
3232.834255 0.102034 
3233.798704 0.101599 
3234.763153 0.101205 
3235.727603 0.100972 
3236.692052 0.100808 
3237.656502 0.100589 
3238.620951 0.100287 
3239.585400 0.100182 
3240.549850 0.100033 
3241.514299 0.099667 
3242.478748 0.099362 
3243.443198 0.099157 
3244.407647 0.099136 
3245.372096 0.099275 
3246.336546 0.098843 
3247.300995 0.098420 
3248.265444 0.098245 
3249.229894 0.098085 
3250.194343 0.097921 
3251.158793 0.097718 
3252.123242 0.097538 
3253.087691 0.097471 
3254.052141 0.097621 
3255.016590 0.097357 
3255.981039 0.096815 
3256.945489 0.096758 
3257.909938 0.096641 
3258.874387 0.096324 
3259.838837 0.096109 
3260.803286 0.096014 
3261.767736 0.095621 
3262.732185 0.095463 
3263.696634 0.095405 
3264.661084 0.095310 
3265.625533 0.095237 
3266.589982 0.095076 
3267.554432 0.094878 
3268.518881 0.094895 
3269.483330 0.094852 
3270.447780 0.094747 
3271.412229 0.094518 
3272.376678 0.094316 
3273.341128 0.094403 
3274.305577 0.094458 
3275.270027 0.094132 
3276.234476 0.094292 
3277.198925 0.094165 
3278.163375 0.093666 
3279.127824 0.093442 
3280.092273 0.093229 
3281.056723 0.092963 
3282.021172 0.093009 
3282.985621 0.093454 
3283.950071 0.093540 
3284.914520 0.092941 
3285.878970 0.092521 
3286.843419 0.092357 
3287.807868 0.092290 
3288.772318 0.092360 
3289.736767 0.092319 
3290.701216 0.092253 
3291.665666 0.092315 
3292.630115 0.092184 
3293.594564 0.091997 
3294.559014 0.091613 
3295.523463 0.091322 
3296.487912 0.091183 
3297.452362 0.091402 
3298.416811 0.091434 
3299.381261 0.091091 
3300.345710 0.090888 
3301.310159 0.090688 
3302.274609 0.090577 
3303.239058 0.090598 
3304.203507 0.090393 
3305.167957 0.090133 
3306.132406 0.089974 
3307.096855 0.089933 
3308.061305 0.090226 
3309.025754 0.090497 
3309.990204 0.090334 
3310.954653 0.090117 
3311.919102 0.089582 
3312.883552 0.089332 
3313.848001 0.089225 
3314.812450 0.088898 
3315.776900 0.088647 
3316.741349 0.088610 
3317.705798 0.088453 
3318.670248 0.088169 
3319.634697 0.087893 
3320.599146 0.087776 
3321.563596 0.087705 
3322.528045 0.087669 
3323.492495 0.087698 
3324.456944 0.087806 
3325.421393 0.087678 
3326.385843 0.087672 
3327.350292 0.087741 
3328.314741 0.087491 
3329.279191 0.087194 
3330.243640 0.087007 
3331.208089 0.086716 
3332.172539 0.086475 
3333.136988 0.086450 
3334.101438 0.086960 
3335.065887 0.087242 
3336.030336 0.087154 
3336.994786 0.087505 
3337.959235 0.086634 
3338.923684 0.085594 
3339.888134 0.085465 
3340.852583 0.085489 
3341.817032 0.085454 
3342.781482 0.085224 
3343.745931 0.084983 
3344.710380 0.084833 
3345.674830 0.084825 
3346.639279 0.084853 
3347.603729 0.084935 
3348.568178 0.084972 
3349.532627 0.084848 
3350.497077 0.084635 
3351.461526 0.084531 
3352.425975 0.084391 
3353.390425 0.084332 
3354.354874 0.084522 
3355.319323 0.085092 
3356.283773 0.085351 
3357.248222 0.084831 
3358.212672 0.084248 
3359.177121 0.084225 
3360.141570 0.084264 
3361.106020 0.084462 
3362.070469 0.084875 
3363.034918 0.084236 
3363.999368 0.083740 
3364.963817 0.083904 
3365.928266 0.083984 
3366.892716 0.084171 
3367.857165 0.084536 
3368.821614 0.084217 
3369.786064 0.083529 
3370.750513 0.083086 
3371.714963 0.082862 
3372.679412 0.082814 
3373.643861 0.082819 
3374.608311 0.082820 
3375.572760 0.082718 
3376.537209 0.082522 
3377.501659 0.082522 
3378.466108 0.082713 
3379.430557 0.082625 
3380.395007 0.082382 
3381.359456 0.082173 
3382.323906 0.082225 
3383.288355 0.082566 
3384.252804 0.082998 
3385.217254 0.082916 
3386.181703 0.082455 
3387.146152 0.082184 
3388.110602 0.082126 
3389.075051 0.082222 
3390.039500 0.082326 
3391.003950 0.082601 
3391.968399 0.083587 
3392.932848 0.084727 
3393.897298 0.083624 
3394.861747 0.082224 
3395.826197 0.082229 
3396.790646 0.083431 
3397.755095 0.083982 
3398.719545 0.082881 
3399.683994 0.082453 
3400.648443 0.082718 
3401.612893 0.082791 
3402.577342 0.082331 
3403.541791 0.082340 
3404.506241 0.082296 
3405.470690 0.082137 
3406.435140 0.082181 
3407.399589 0.082338 
3408.364038 0.082340 
3409.328488 0.082251 
3410.292937 0.082192 
3411.257386 0.082301 
3412.221836 0.082467 
3413.186285 0.082595 
3414.150734 0.082387 
3415.115184 0.082013 
3416.079633 0.081904 
3417.044082 0.081777 
3418.008532 0.081867 
3418.972981 0.082666 
3419.937431 0.084350 
3420.901880 0.085075 
3421.866329 0.084111 
3422.830779 0.083488 
3423.795228 0.082738 
3424.759677 0.081912 
3425.724127 0.081701 
3426.688576 0.082053 
3427.653025 0.082426 
3428.617475 0.082473 
3429.581924 0.082282 
3430.546374 0.082359 
3431.510823 0.082485 
3432.475272 0.082505 
3433.439722 0.082635 
3434.404171 0.082525 
3435.368620 0.082469 
3436.333070 0.082795 
3437.297519 0.082687 
3438.261968 0.082342 
3439.226418 0.082010 
3440.190867 0.081591 
3441.155316 0.081731 
3442.119766 0.083060 
3443.084215 0.083747 
3444.048665 0.082578 
3445.013114 0.082684 
3445.977563 0.083644 
3446.942013 0.086142 
3447.906462 0.086028 
3448.870911 0.082861 
3449.835361 0.081517 
3450.799810 0.081207 
3451.764259 0.081269 
3452.728709 0.081304 
3453.693158 0.081269 
3454.657608 0.081221 
3455.622057 0.081584 
3456.586506 0.081745 
3457.550956 0.081730 
3458.515405 0.082323 
3459.479854 0.082555 
3460.444304 0.082536 
3461.408753 0.082692 
3462.373202 0.083103 
3463.337652 0.083009 
3464.302101 0.081816 
3465.266550 0.081709 
3466.231000 0.082529 
3467.195449 0.083318 
3468.159899 0.082075 
3469.124348 0.081114 
3470.088797 0.081302 
3471.053247 0.081561 
3472.017696 0.081195 
3472.982145 0.081072 
3473.946595 0.081468 
3474.911044 0.082320 
3475.875493 0.081776 
3476.839943 0.080926 
3477.804392 0.080765 
3478.768842 0.081186 
3479.733291 0.082860 
3480.697740 0.084875 
3481.662190 0.084740 
3482.626639 0.084397 
3483.591088 0.082726 
3484.555538 0.081991 
3485.519987 0.082418 
3486.484436 0.082269 
3487.448886 0.082874 
3488.413335 0.084181 
3489.377784 0.082447 
3490.342234 0.081472 
3491.306683 0.081807 
3492.271133 0.081401 
3493.235582 0.080999 
3494.200031 0.081315 
3495.164481 0.082240 
3496.128930 0.083065 
3497.093379 0.082769 
3498.057829 0.081502 
3499.022278 0.081548 
3499.986727 0.083016 
3500.951177 0.085489 
3501.915626 0.089475 
3502.880076 0.091010 
3503.844525 0.088893 
3504.808974 0.085556 
3505.773424 0.083041 
3506.737873 0.081747 
3507.702322 0.082025 
3508.666772 0.085440 
3509.631221 0.089709 
3510.595670 0.087024 
3511.560120 0.083779 
3512.524569 0.082688 
3513.489018 0.082218 
3514.453468 0.081933 
3515.417917 0.081785 
3516.382367 0.082125 
3517.346816 0.083172 
3518.311265 0.083666 
3519.275715 0.083759 
3520.240164 0.083188 
3521.204613 0.083217 
3522.169063 0.086317 
3523.133512 0.093316 
3524.097961 0.095506 
3525.062411 0.092679 
3526.026860 0.090408 
3526.991310 0.090566 
3527.955759 0.091088 
3528.920208 0.089958 
3529.884658 0.088443 
3530.849107 0.087910 
3531.813556 0.087558 
3532.778006 0.085776 
3533.742455 0.085278 
3534.706904 0.086167 
3535.671354 0.090326 
3536.635803 0.094198 
3537.600252 0.090133 
3538.564702 0.086426 
3539.529151 0.086256 
3540.493601 0.086354 
3541.458050 0.086414 
3542.422499 0.087482 
3543.386949 0.090459 
3544.351398 0.095478 
3545.315847 0.101825 
3546.280297 0.101816 
3547.244746 0.100064 
3548.209195 0.094001 
3549.173645 0.088631 
3550.138094 0.087905 
3551.102544 0.088847 
3552.066993 0.092578 
3553.031442 0.094597 
3553.995892 0.093492 
3554.960341 0.090062 
3555.924790 0.087460 
3556.889240 0.087444 
3557.853689 0.087918 
3558.818138 0.088953 
3559.782588 0.092759 
3560.747037 0.094362 
3561.711486 0.091638 
3562.675936 0.090671 
3563.640385 0.090563 
3564.604835 0.092981 
3565.569284 0.102454 
3566.533733 0.114717 
3567.498183 0.112050 
3568.462632 0.107045 
3569.427081 0.096300 
3570.391531 0.091066 
3571.355980 0.089191 
3572.320429 0.086886 
3573.284879 0.086627 
3574.249328 0.086873 
3575.213778 0.086760 
3576.178227 0.086139 
3577.142676 0.086863 
3578.107126 0.086459 
3579.071575 0.086883 
3580.036024 0.089748 
3581.000474 0.089219 
3581.964923 0.086858 
3582.929372 0.086876 
3583.893822 0.087677 
3584.858271 0.088205 
3585.822720 0.091676 
3586.787170 0.102613 
3587.751619 0.105622 
3588.716069 0.101691 
3589.680518 0.093450 
3590.644967 0.087010 
3591.609417 0.085575 
3592.573866 0.087449 
3593.538315 0.091153 
3594.502765 0.090581 
3595.467214 0.093776 
3596.431663 0.092375 
3597.396113 0.087432 
3598.360562 0.087985 
3599.325012 0.088565 
3600.289461 0.087389 
3601.253910 0.088523 
3602.218360 0.088417 
3603.182809 0.087847 
3604.147258 0.085959 
3605.111708 0.085146 
3606.076157 0.086692 
3607.040606 0.093444 
3608.005056 0.094149 
3608.969505 0.093472 
3609.933954 0.094489 
3610.898404 0.088647 
3611.862853 0.088623 
3612.827303 0.094387 
3613.791752 0.093844 
3614.756201 0.093826 
3615.720651 0.090787 
3616.685100 0.086066 
3617.649549 0.089478 
3618.613999 0.091013 
3619.578448 0.090951 
3620.542897 0.091117 
3621.507347 0.087584 
3622.471796 0.084178 
3623.436246 0.082807 
3624.400695 0.082500 
3625.365144 0.083200 
3626.329594 0.085553 
3627.294043 0.084241 
3628.258492 0.086773 
3629.222942 0.098783 
3630.187391 0.095540 
3631.151840 0.087839 
3632.116290 0.084018 
3633.080739 0.083852 
3634.045188 0.086832 
3635.009638 0.085034 
3635.974087 0.082308 
3636.938537 0.081437 
3637.902986 0.081720 
3638.867435 0.082174 
3639.831885 0.082006 
3640.796334 0.082887 
3641.760783 0.085417 
3642.725233 0.086953 
3643.689682 0.084350 
3644.654131 0.082734 
3645.618581 0.083316 
3646.583030 0.086917 
3647.547480 0.092899 
3648.511929 0.089914 
3649.476378 0.090055 
3650.440828 0.092057 
3651.405277 0.091812 
3652.369726 0.086987 
3653.334176 0.083675 
3654.298625 0.082122 
3655.263074 0.080809 
3656.227524 0.085086 
3657.191973 0.086749 
3658.156422 0.083077 
3659.120872 0.082562 
3660.085321 0.083125 
3661.049771 0.082522 
3662.014220 0.081724 
3662.978669 0.081654 
3663.943119 0.081678 
3664.907568 0.081990 
3665.872017 0.082221 
3666.836467 0.081580 
3667.800916 0.080040 
3668.765365 0.082481 
3669.729815 0.084462 
3670.694264 0.086955 
3671.658714 0.086692 
3672.623163 0.082423 
3673.587612 0.080346 
3674.552062 0.079880 
3675.516511 0.085119 
3676.480960 0.088597 
3677.445410 0.086734 
3678.409859 0.083398 
3679.374308 0.083500 
3680.338758 0.084206 
3681.303207 0.082471 
3682.267656 0.081765 
3683.232106 0.081722 
3684.196555 0.082504 
3685.161005 0.082802 
3686.125454 0.081819 
3687.089903 0.079626 
3688.054353 0.078489 
3689.018802 0.083170 
3689.983251 0.081387 
3690.947701 0.083289 
3691.912150 0.085302 
3692.876599 0.083147 
3693.841049 0.083054 
3694.805498 0.082813 
3695.769948 0.082769 
3696.734397 0.083813 
3697.698846 0.083011 
3698.663296 0.082544 
3699.627745 0.082723 
3700.592194 0.081439 
3701.556644 0.083700 
3702.521093 0.085589 
3703.485542 0.082405 
3704.449992 0.081639 
3705.414441 0.082814 
3706.378890 0.083554 
3707.343340 0.082220 
3708.307789 0.079491 
3709.272239 0.080282 
3710.236688 0.084246 
3711.201137 0.083750 
3712.165587 0.087709 
3713.130036 0.089911 
3714.094485 0.087664 
3715.058935 0.088434 
3716.023384 0.085945 
3716.987833 0.082904 
3717.952283 0.082548 
3718.916732 0.086326 
3719.881182 0.086816 
3720.845631 0.083033 
3721.810080 0.085980 
3722.774530 0.093747 
3723.738979 0.091028 
3724.703428 0.090864 
3725.667878 0.093939 
3726.632327 0.094873 
3727.596776 0.092706 
3728.561226 0.086506 
3729.525675 0.083372 
3730.490124 0.081505 
3731.454574 0.078358 
3732.419023 0.081134 
3733.383473 0.084034 
3734.347922 0.092144 
3735.312371 0.109157 
3736.276821 0.102623 
3737.241270 0.093540 
3738.205719 0.088051 
3739.170169 0.087189 
3740.134618 0.086193 
3741.099067 0.088587 
3742.063517 0.086901 
3743.027966 0.081721 
3743.992416 0.081543 
3744.956865 0.096448 
3745.921314 0.090103 
3746.885764 0.086548 
3747.850213 0.083803 
3748.814662 0.078681 
3749.779112 0.082581 
3750.743561 0.083012 
3751.708010 0.082237 
3752.672460 0.089446 
3753.636909 0.087985 
3754.601358 0.084921 
3755.565808 0.082184 
3756.530257 0.083885 
3757.494707 0.085467 
3758.459156 0.085152 
3759.423605 0.086747 
3760.388055 0.085433 
3761.352504 0.082262 
3762.316953 0.082317 
3763.281403 0.082760 
3764.245852 0.082793 
3765.210301 0.084248 
3766.174751 0.088034 
3767.139200 0.085757 
3768.103650 0.082767 
3769.068099 0.080787 
3770.032548 0.084230 
3770.996998 0.085838 
3771.961447 0.084318 
3772.925896 0.083306 
3773.890346 0.082939 
3774.854795 0.082737 
3775.819244 0.082600 
3776.783694 0.082501 
3777.748143 0.082035 
3778.712592 0.080803 
3779.677042 0.083656 
3780.641491 0.084723 
3781.605941 0.083658 
3782.570390 0.083548 
3783.534839 0.082895 
3784.499289 0.084791 
3785.463738 0.087049 
3786.428187 0.086373 
3787.392637 0.084996 
3788.357086 0.083940 
3789.321535 0.083948 
3790.285985 0.083506 
3791.250434 0.083022 
3792.214884 0.083065 
3793.179333 0.083187 
3794.143782 0.082853 
3795.108232 0.081373 
3796.072681 0.081315 
3797.037130 0.085873 
3798.001580 0.087055 
3798.966029 0.084674 
3799.930478 0.080318 
3800.894928 0.077970 
3801.859377 0.082310 
3802.823826 0.085409 
3803.788276 0.084844 
3804.752725 0.082594 
3805.717175 0.079319 
3806.681624 0.079070 
3807.646073 0.083829 
3808.610523 0.083355 
3809.574972 0.083164 
3810.539421 0.083506 
3811.503871 0.083435 
3812.468320 0.083413 
3813.432769 0.083079 
3814.397219 0.080905 
3815.361668 0.078100 
3816.326118 0.083134 
3817.290567 0.085048 
3818.255016 0.084386 
3819.219466 0.083317 
3820.183915 0.080314 
3821.148364 0.082285 
3822.112814 0.087428 
3823.077263 0.086544 
3824.041712 0.085628 
3825.006162 0.084519 
3825.970611 0.083656 
3826.935060 0.085665 
3827.899510 0.086348 
3828.863959 0.085048 
3829.828409 0.083368 
3830.792858 0.081443 
3831.757307 0.084036 
3832.721757 0.085108 
3833.686206 0.082333 
3834.650655 0.083301 
3835.615105 0.085764 
3836.579554 0.081324 
3837.544003 0.081162 
3838.508453 0.087685 
3839.472902 0.088569 
3840.437352 0.091363 
3841.401801 0.090695 
3842.366250 0.086128 
3843.330700 0.086722 
3844.295149 0.090338 
3845.259598 0.087384 
3846.224048 0.085366 
3847.188497 0.084834 
3848.152946 0.085011 
3849.117396 0.086916 
3850.081845 0.087600 
3851.046294 0.083817 
3852.010744 0.084606 
3852.975193 0.085221 
3853.939643 0.087640 
3854.904092 0.092935 
3855.868541 0.087950 
3856.832991 0.089892 
3857.797440 0.092060 
3858.761889 0.087596 
3859.726339 0.085112 
3860.690788 0.084675 
3861.655237 0.088157 
3862.619687 0.089871 
3863.584136 0.086824 
3864.548586 0.089622 
3865.513035 0.094327 
3866.477484 0.089934 
3867.441934 0.085938 
3868.406383 0.084850 
3869.370832 0.089467 
3870.335282 0.099017 
3871.299731 0.095786 
3872.264180 0.089841 
3873.228630 0.086979 
3874.193079 0.092246 
3875.157528 0.090747 
3876.121978 0.086074 
3877.086427 0.085342 
3878.050877 0.085068 
3879.015326 0.084770 
3879.979775 0.091277 
3880.944225 0.099746 
3881.908674 0.092863 
3882.873123 0.090206 
3883.837573 0.091694 
3884.802022 0.089927 
3885.766471 0.094765 
3886.730921 0.094194 
3887.695370 0.087494 
3888.659820 0.085530 
3889.624269 0.084836 
3890.588718 0.086231 
3891.553168 0.093327 
3892.517617 0.092506 
3893.482066 0.090346 
3894.446516 0.091334 
3895.410965 0.088588 
3896.375414 0.086804 
3897.339864 0.087935 
3898.304313 0.091124 
3899.268762 0.096858 
3900.233212 0.095467 
3901.197661 0.093579 
3902.162111 0.101723 
3903.126560 0.097498 
3904.091009 0.096447 
3905.055459 0.100220 
3906.019908 0.097909 
3906.984357 0.092090 
3907.948807 0.087214 
3908.913256 0.086168 
3909.877705 0.085983 
3910.842155 0.086042 
3911.806604 0.086127 
3912.771054 0.086563 
3913.735503 0.086878 
3914.699952 0.087252 
3915.664402 0.089707 
3916.628851 0.096773 
3917.593300 0.098676 
3918.557750 0.091731 
3919.522199 0.090968 
3920.486648 0.094014 
3921.451098 0.090147 
3922.415547 0.088515 
3923.379996 0.092559 
3924.344446 0.097875 
3925.308895 0.097504 
3926.273345 0.091406 
3927.237794 0.087941 
3928.202243 0.088250 
3929.166693 0.089479 
3930.131142 0.092631 
3931.095591 0.094969 
3932.060041 0.098853 
3933.024490 0.099327 
3933.988939 0.093796 
3934.953389 0.090294 
3935.917838 0.088067 
3936.882288 0.087858 
3937.846737 0.089238 
3938.811186 0.090288 
3939.775636 0.089263 
3940.740085 0.088824 
3941.704534 0.091394 
3942.668984 0.098943 
3943.633433 0.099202 
3944.597882 0.093428 
3945.562332 0.090261 
3946.526781 0.091386 
3947.491230 0.097342 
3948.455680 0.098211 
3949.420129 0.096121 
3950.384579 0.095878 
3951.349028 0.091423 
3952.313477 0.088691 
3953.277927 0.088815 
3954.242376 0.088747 
3955.206825 0.089131 
3956.171275 0.090240 
3957.135724 0.091293 
3958.100173 0.090833 
3959.064623 0.090218 
3960.029072 0.090192 
3960.993522 0.091583 
3961.957971 0.094705 
3962.922420 0.092908 
3963.886870 0.089642 
3964.851319 0.089233 
3965.815768 0.088423 
3966.780218 0.087937 
3967.744667 0.088464 
3968.709116 0.090540 
3969.673566 0.091221 
3970.638015 0.089418 
3971.602464 0.089295 
3972.566914 0.090170 
3973.531363 0.089584 
3974.495813 0.090418 
3975.460262 0.092500 
3976.424711 0.092534 
3977.389161 0.089656 
3978.353610 0.088047 
3979.318059 0.088394 
3980.282509 0.088984 
3981.246958 0.088999 
3982.211407 0.089040 
3983.175857 0.088543 
3984.140306 0.088125 
3985.104756 0.088305 
3986.069205 0.088399 
3987.033654 0.088055 
3987.998104 0.088116 
3988.962553 0.089228 
3989.927002 0.091397 
3990.891452 0.092248 
3991.855901 0.090440 
3992.820350 0.089089 
3993.784800 0.089064 
3994.749249 0.089862 
3995.713698 0.089963 
3996.678148 0.088675 
3997.642597 0.088323 
3998.607047 0.088469 
3999.571496 0.088607 
4000.535945 0.088612 