##YUNITS=Abs
399.282035 0.116760 
400.246484 0.118430 
401.210934 0.118684 
402.175383 0.118309 
403.139832 0.120045 
404.104282 0.116877 
405.068731 0.111504 
406.033181 0.106639 
406.997630 0.105413 
407.962079 0.106902 
408.926529 0.106852 
409.890978 0.103401 
410.855427 0.100560 
411.819877 0.100883 
412.784326 0.102866 
413.748775 0.104496 
414.713225 0.102828 
415.677674 0.099100 
416.642124 0.097662 
417.606573 0.095868 
418.571022 0.085512 
419.535472 0.084612 
420.499921 0.091737 
421.464370 0.092029 
422.428820 0.087726 
423.393269 0.084712 
424.357718 0.086674 
425.322168 0.088066 
426.286617 0.088481 
427.251066 0.088194 
428.215516 0.088224 
429.179965 0.087620 
430.144415 0.086712 
431.108864 0.087418 
432.073313 0.089078 
433.037763 0.089414 
434.002212 0.088959 
434.966661 0.087702 
435.931111 0.087148 
436.895560 0.087818 
437.860009 0.087816 
438.824459 0.086326 
439.788908 0.085083 
440.753358 0.085229 
441.717807 0.086177 
442.682256 0.087905 
443.646706 0.088233 
444.611155 0.087355 
445.575604 0.086935 
446.540054 0.086868 
447.504503 0.087380 
448.468952 0.086576 
449.433402 0.085846 
450.397851 0.085543 
451.362300 0.085035 
452.326750 0.083572 
453.291199 0.081433 
454.255649 0.080513 
455.220098 0.080973 
456.184547 0.081313 
457.148997 0.080337 
458.113446 0.078356 
459.077895 0.078671 
460.042345 0.078178 
461.006794 0.078296 
461.971243 0.079058 
462.935693 0.078372 
463.900142 0.077516 
464.864592 0.077404 
465.829041 0.078249 
466.793490 0.079004 
467.757940 0.079014 
468.722389 0.079278 
469.686838 0.079034 
470.651288 0.078617 
471.615737 0.077721 
472.580186 0.077814 
473.544636 0.079131 
474.509085 0.079969 
475.473534 0.079821 
476.437984 0.078978 
477.402433 0.078095 
478.366883 0.077952 
479.331332 0.077965 
480.295781 0.077726 
481.260231 0.077562 
482.224680 0.076656 
483.189129 0.074606 
484.153579 0.072695 
485.118028 0.072197 
486.082477 0.071852 
487.046927 0.070188 
488.011376 0.069091 
488.975826 0.068298 
489.940275 0.067507 
490.904724 0.066719 
491.869174 0.066535 
492.833623 0.065793 
493.798072 0.065145 
494.762522 0.064302 
495.726971 0.063139 
496.691420 0.062528 
497.655870 0.061916 
498.620319 0.061328 
499.584768 0.060828 
500.549218 0.060641 
501.513667 0.060163 
502.478117 0.059115 
503.442566 0.059312 
504.407015 0.059582 
505.371465 0.059432 
506.335914 0.059171 
507.300363 0.058946 
508.264813 0.058227 
509.229262 0.058132 
510.193711 0.058471 
511.158161 0.058007 
512.122610 0.057914 
513.087060 0.058999 
514.051509 0.059475 
515.015958 0.059039 
515.980408 0.058225 
516.944857 0.058637 
517.909306 0.059078 
518.873756 0.059245 
519.838205 0.058904 
520.802654 0.058255 
521.767104 0.058294 
522.731553 0.058525 
523.696002 0.058808 
524.660452 0.059152 
525.624901 0.059765 
526.589351 0.060911 
527.553800 0.061153 
528.518249 0.061398 
529.482699 0.061983 
530.447148 0.064052 
531.411597 0.067198 
532.376047 0.067760 
533.340496 0.066960 
534.304945 0.064768 
535.269395 0.061737 
536.233844 0.061791 
537.198294 0.061699 
538.162743 0.060752 
539.127192 0.061205 
540.091642 0.060591 
541.056091 0.060032 
542.020540 0.059382 
542.984990 0.059357 
543.949439 0.059306 
544.913888 0.059117 
545.878338 0.059243 
546.842787 0.059568 
547.807236 0.059584 
548.771686 0.059329 
549.736135 0.059438 
550.700585 0.059738 
551.665034 0.059703 
552.629483 0.059381 
553.593933 0.059295 
554.558382 0.059502 
555.522831 0.059606 
556.487281 0.059413 
557.451730 0.059578 
558.416179 0.060064 
559.380629 0.060543 
560.345078 0.060573 
561.309528 0.060410 
562.273977 0.060529 
563.238426 0.060910 
564.202876 0.061091 
565.167325 0.060990 
566.131774 0.061143 
567.096224 0.061859 
568.060673 0.062145 
569.025122 0.061932 
569.989572 0.061512 
570.954021 0.061642 
571.918470 0.061835 
572.882920 0.061634 
573.847369 0.061564 
574.811819 0.061595 
575.776268 0.061705 
576.740717 0.061577 
577.705167 0.061157 
578.669616 0.060897 
579.634065 0.061022 
580.598515 0.061479 
581.562964 0.061376 
582.527413 0.060917 
583.491863 0.060997 
584.456312 0.061479 
585.420762 0.061636 
586.385211 0.061905 
587.349660 0.062880 
588.314110 0.063487 
589.278559 0.062777 
590.243008 0.062297 
591.207458 0.062395 
592.171907 0.062668 
593.136356 0.062626 
594.100806 0.062740 
595.065255 0.062564 
596.029704 0.062769 
596.994154 0.063117 
597.958603 0.063423 
598.923053 0.063581 
599.887502 0.063881 
600.851951 0.063864 
601.816401 0.063796 
602.780850 0.064030 
603.745299 0.064156 
604.709749 0.064088 
605.674198 0.064245 
606.638647 0.064437 
607.603097 0.064506 
608.567546 0.064947 
609.531996 0.065252 
610.496445 0.065113 
611.460894 0.065262 
612.425344 0.065610 
613.389793 0.065913 
614.354242 0.066193 
615.318692 0.066625 
616.283141 0.067033 
617.247590 0.067477 
618.212040 0.068156 
619.176489 0.069025 
620.140938 0.069840 
621.105388 0.070734 
622.069837 0.071411 
623.034287 0.072117 
623.998736 0.072864 
624.963185 0.073648 
625.927635 0.074234 
626.892084 0.074604 
627.856533 0.075228 
628.820983 0.076211 
629.785432 0.076710 
630.749881 0.076415 
631.714331 0.075350 
632.678780 0.073172 
633.643230 0.070348 
634.607679 0.068136 
635.572128 0.066482 
636.536578 0.065603 
637.501027 0.065439 
638.465476 0.065071 
639.429926 0.064534 
640.394375 0.064427 
641.358824 0.064357 
642.323274 0.064130 
643.287723 0.063996 
644.252172 0.063938 
645.216622 0.063892 
646.181071 0.064016 
647.145521 0.064055 
648.109970 0.064029 
649.074419 0.063909 
650.038869 0.063882 
651.003318 0.063951 
651.967767 0.063898 
652.932217 0.064021 
653.896666 0.064408 
654.861115 0.064489 
655.825565 0.064751 
656.790014 0.065184 
657.754464 0.065564 
658.718913 0.066025 
659.683362 0.066226 
660.647812 0.066245 
661.612261 0.066648 
662.576710 0.067007 
663.541160 0.067412 
664.505609 0.067706 
665.470058 0.068146 
666.434508 0.067835 
667.398957 0.064485 
668.363406 0.060408 
669.327856 0.065826 
670.292305 0.068236 
671.256755 0.068879 
672.221204 0.068825 
673.185653 0.068687 
674.150103 0.069076 
675.114552 0.069506 
676.079001 0.069730 
677.043451 0.069719 
678.007900 0.070005 
678.972349 0.070330 
679.936799 0.070471 
680.901248 0.070692 
681.865698 0.071325 
682.830147 0.072038 
683.794596 0.072437 
684.759046 0.072680 
685.723495 0.072936 
686.687944 0.073560 
687.652394 0.074383 
688.616843 0.075033 
689.581292 0.075858 
690.545742 0.076774 
691.510191 0.077518 
692.474640 0.078297 
693.439090 0.079053 
694.403539 0.079904 
695.367989 0.080873 
696.332438 0.082008 
697.296887 0.083090 
698.261337 0.084124 
699.225786 0.085170 
700.190235 0.086216 
701.154685 0.087256 
702.119134 0.088795 
703.083583 0.090586 
704.048033 0.092183 
705.012482 0.093862 
705.976932 0.095957 
706.941381 0.098407 
707.905830 0.100931 
708.870280 0.103530 
709.834729 0.106540 
710.799178 0.109644 
711.763628 0.113203 
712.728077 0.117203 
713.692526 0.121433 
714.656976 0.125875 
715.621425 0.130957 
716.585874 0.136487 
717.550324 0.142515 
718.514773 0.149127 
719.479223 0.156010 
720.443672 0.163547 
721.408121 0.171987 
722.372571 0.180959 
723.337020 0.190988 
724.301469 0.202037 
725.265919 0.214480 
726.230368 0.229021 
727.194817 0.246107 
728.159267 0.265832 
729.123716 0.288748 
730.088166 0.315469 
731.052615 0.347009 
732.017064 0.384280 
732.981514 0.427548 
733.945963 0.477812 
734.910412 0.536400 
735.874862 0.604985 
736.839311 0.685771 
737.803760 0.780834 
738.768210 0.892330 
739.732659 1.023386 
740.697108 1.181099 
741.661558 1.368305 
742.626007 1.592310 
743.590457 1.870426 
744.554906 2.241883 
745.519355 2.484877 
746.483805 2.372744 
747.448254 2.247378 
748.412703 2.201623 
749.377153 2.176877 
750.341602 2.183614 
751.306051 2.167317 
752.270501 2.163031 
753.234950 2.163965 
754.199400 2.181380 
755.163849 2.178941 
756.128298 2.174421 
757.092748 2.160003 
758.057197 2.163264 
759.021646 2.165433 
759.986096 2.187238 
760.950545 2.175628 
761.914994 2.173858 
762.879444 2.172861 
763.843893 2.175635 
764.808342 2.172196 
765.772792 2.175490 
766.737241 2.170376 
767.701691 2.168792 
768.666140 2.159530 
769.630589 2.162216 
770.595039 2.156313 
771.559488 2.162623 
772.523937 2.163878 
773.488387 2.163299 
774.452836 2.154224 
775.417285 2.152068 
776.381735 2.146259 
777.346184 2.154208 
778.310634 2.150763 
779.275083 2.156516 
780.239532 2.152994 
781.203982 2.152491 
782.168431 2.141685 
783.132880 2.151055 
784.097330 2.153320 
785.061779 2.156945 
786.026228 2.147183 
786.990678 2.149510 
787.955127 2.145797 
788.919576 2.154832 
789.884026 2.156605 
790.848475 2.155583 
791.812925 2.158250 
792.777374 2.175094 
793.741823 2.164396 
794.706273 2.149820 
795.670722 2.143221 
796.635171 2.156251 
797.599621 2.159312 
798.564070 2.150905 
799.528519 2.146180 
800.492969 2.155264 
801.457418 2.161839 
802.421868 2.200755 
803.386317 2.341117 
804.350766 2.341501 
805.315216 1.802666 
806.279665 1.465407 
807.244114 1.215938 
808.208564 1.024331 
809.173013 0.877888 
810.137462 0.767934 
811.101912 0.682700 
812.066361 0.612680 
813.030810 0.550305 
813.995260 0.493277 
814.959709 0.441071 
815.924159 0.394740 
816.888608 0.355848 
817.853057 0.324821 
818.817507 0.300458 
819.781956 0.281409 
820.746405 0.266411 
821.710855 0.254552 
822.675304 0.244203 
823.639753 0.234756 
824.604203 0.225549 
825.568652 0.216552 
826.533102 0.207544 
827.497551 0.198235 
828.462000 0.188545 
829.426450 0.179087 
830.390899 0.170285 
831.355348 0.161708 
832.319798 0.153475 
833.284247 0.146143 
834.248696 0.139702 
835.213146 0.134150 
836.177595 0.129195 
837.142044 0.124922 
838.106494 0.121614 
839.070943 0.118993 
840.035393 0.116745 
840.999842 0.114865 
841.964291 0.113452 
842.928741 0.112465 
843.893190 0.111468 
844.857639 0.109963 
845.822089 0.108289 
846.786538 0.107192 
847.750987 0.106458 
848.715437 0.105691 
849.679886 0.105007 
850.644336 0.104671 
851.608785 0.104468 
852.573234 0.104142 
853.537684 0.103654 
854.502133 0.103108 
855.466582 0.102597 
856.431032 0.102038 
857.395481 0.101367 
858.359930 0.100665 
859.324380 0.099975 
860.288829 0.099300 
861.253278 0.098363 
862.217728 0.097368 
863.182177 0.096626 
864.146627 0.096045 
865.111076 0.095350 
866.075525 0.094488 
867.039975 0.093680 
868.004424 0.093145 
868.968873 0.092514 
869.933323 0.091703 
870.897772 0.090888 
871.862221 0.090242 
872.826671 0.089655 
873.791120 0.088917 
874.755570 0.088043 
875.720019 0.087278 
876.684468 0.086529 
877.648918 0.085660 
878.613367 0.084547 
879.577816 0.083642 
880.542266 0.083027 
881.506715 0.082450 
882.471164 0.081781 
883.435614 0.081129 
884.400063 0.080718 
885.364512 0.080410 
886.328962 0.080051 
887.293411 0.079753 
888.257861 0.079656 
889.222310 0.079636 
890.186759 0.079425 
891.151209 0.079296 
892.115658 0.079326 
893.080107 0.079303 
894.044557 0.079220 
895.009006 0.079162 
895.973455 0.079212 
896.937905 0.079334 
897.902354 0.079390 
898.866804 0.079360 
899.831253 0.079460 
900.795702 0.079614 
901.760152 0.079849 
902.724601 0.080181 
903.689050 0.080244 
904.653500 0.080090 
905.617949 0.080058 
906.582398 0.080093 
907.546848 0.080107 
908.511297 0.080148 
909.475746 0.080242 
910.440196 0.080273 
911.404645 0.080136 
912.369095 0.080057 
913.333544 0.080114 
914.297993 0.080274 
915.262443 0.080414 
916.226892 0.080566 
917.191341 0.080865 
918.155791 0.081234 
919.120240 0.081504 
920.084689 0.081774 
921.049139 0.082045 
922.013588 0.082233 
922.978038 0.082210 
923.942487 0.082018 
924.906936 0.081895 
925.871386 0.082026 
926.835835 0.082221 
927.800284 0.082457 
928.764734 0.082901 
929.729183 0.083679 
930.693632 0.084432 
931.658082 0.085030 
932.622531 0.085766 
933.586980 0.086440 
934.551430 0.085873 
935.515879 0.084331 
936.480329 0.083254 
937.444778 0.082825 
938.409227 0.082590 
939.373677 0.082389 
940.338126 0.082090 
941.302575 0.081926 
942.267025 0.081931 
943.231474 0.081931 
944.195923 0.081823 
945.160373 0.081792 
946.124822 0.081972 
947.089272 0.082216 
948.053721 0.082243 
949.018170 0.082306 
949.982620 0.082612 
950.947069 0.082987 
951.911518 0.083286 
952.875968 0.083595 
953.840417 0.083983 
954.804866 0.084580 
955.769316 0.085307 
956.733765 0.085932 
957.698214 0.086544 
958.662664 0.087516 
959.627113 0.088565 
960.591563 0.089454 
961.556012 0.090405 
962.520461 0.091702 
963.484911 0.093115 
964.449360 0.094465 
965.413809 0.095824 
966.378259 0.097403 
967.342708 0.099146 
968.307157 0.100889 
969.271607 0.102468 
970.236056 0.104169 
971.200506 0.106082 
972.164955 0.107947 
973.129404 0.109535 
974.093854 0.111064 
975.058303 0.112405 
976.022752 0.113560 
976.987202 0.114437 
977.951651 0.114978 
978.916100 0.115252 
979.880550 0.115397 
980.844999 0.115239 
981.809448 0.114724 
982.773898 0.114026 
983.738347 0.113314 
984.702797 0.112518 
985.667246 0.111571 
986.631695 0.110697 
987.596145 0.110107 
988.560594 0.109687 
989.525043 0.109413 
990.489493 0.109280 
991.453942 0.109389 
992.418391 0.109773 
993.382841 0.110366 
994.347290 0.111079 
995.311740 0.112022 
996.276189 0.113162 
997.240638 0.114460 
998.205088 0.115804 
999.169537 0.117188 
1000.133986 0.118657 
1001.098436 0.119951 
1002.062885 0.121042 
1003.027334 0.122115 
1003.991784 0.122974 
1004.956233 0.123453 
1005.920682 0.123602 
1006.885132 0.123483 
1007.849581 0.123128 
1008.814031 0.122424 
1009.778480 0.121362 
1010.742929 0.120097 
1011.707379 0.118802 
1012.671828 0.117447 
1013.636277 0.115846 
1014.600727 0.113994 
1015.565176 0.112104 
1016.529625 0.110351 
1017.494075 0.108506 
1018.458524 0.106519 
1019.422974 0.104503 
1020.387423 0.102713 
1021.351872 0.101034 
1022.316322 0.099350 
1023.280771 0.097804 
1024.245220 0.096559 
1025.209670 0.095542 
1026.174119 0.094564 
1027.138568 0.093561 
1028.103018 0.092807 
1029.067467 0.092283 
1030.031916 0.091761 
1030.996366 0.091130 
1031.960815 0.090627 
1032.925265 0.090362 
1033.889714 0.090089 
1034.854163 0.089655 
1035.818613 0.089272 
1036.783062 0.089086 
1037.747511 0.088973 
1038.711961 0.088752 
1039.676410 0.088551 
1040.640859 0.088468 
1041.605309 0.088553 
1042.569758 0.088565 
1043.534208 0.088455 
1044.498657 0.088498 
1045.463106 0.088760 
1046.427556 0.089053 
1047.392005 0.089185 
1048.356454 0.089244 
1049.320904 0.089563 
1050.285353 0.089957 
1051.249802 0.090163 
1052.214252 0.090280 
1053.178701 0.090541 
1054.143150 0.090979 
1055.107600 0.091407 
1056.072049 0.091633 
1057.036499 0.091953 
1058.000948 0.092437 
1058.965397 0.092923 
1059.929847 0.093262 
1060.894296 0.093516 
1061.858745 0.093873 
1062.823195 0.094268 
1063.787644 0.094400 
1064.752093 0.094415 
1065.716543 0.094541 
1066.680992 0.094724 
1067.645442 0.094772 
1068.609891 0.094562 
1069.574340 0.094272 
1070.538790 0.094063 
1071.503239 0.093802 
1072.467688 0.093462 
1073.432138 0.093062 
1074.396587 0.092754 
1075.361036 0.092397 
1076.325486 0.091961 
1077.289935 0.091484 
1078.254384 0.091024 
1079.218834 0.090708 
1080.183283 0.090371 
1081.147733 0.089847 
1082.112182 0.089330 
1083.076631 0.088969 
1084.041081 0.088719 
1085.005530 0.088506 
1085.969979 0.088351 
1086.934429 0.088220 
1087.898878 0.088241 
1088.863327 0.088280 
1089.827777 0.088242 
1090.792226 0.088238 
1091.756676 0.088344 
1092.721125 0.088423 
1093.685574 0.088483 
1094.650024 0.088690 
1095.614473 0.089019 
1096.578922 0.089288 
1097.543372 0.089414 
1098.507821 0.089619 
1099.472270 0.090003 
1100.436720 0.090314 
1101.401169 0.090509 
1102.365618 0.090740 
1103.330068 0.091077 
1104.294517 0.091442 
1105.258967 0.091702 
1106.223416 0.091856 
1107.187865 0.092049 
1108.152315 0.092255 
1109.116764 0.092307 
1110.081213 0.092268 
1111.045663 0.092293 
1112.010112 0.092322 
1112.974561 0.092195 
1113.939011 0.091858 
1114.903460 0.091424 
1115.867910 0.091023 
1116.832359 0.090568 
1117.796808 0.089971 
1118.761258 0.089340 
1119.725707 0.088810 
1120.690156 0.088332 
1121.654606 0.087836 
1122.619055 0.087347 
1123.583504 0.087011 
1124.547954 0.086814 
1125.512403 0.086521 
1126.476852 0.086126 
1127.441302 0.085844 
1128.405751 0.085772 
1129.370201 0.085652 
1130.334650 0.085187 
1131.299099 0.084681 
1132.263549 0.084417 
1133.227998 0.084227 
1134.192447 0.083987 
1135.156897 0.083667 
1136.121346 0.083449 
1137.085795 0.083311 
1138.050245 0.083136 
1139.014694 0.082885 
1139.979144 0.082808 
1140.943593 0.082878 
1141.908042 0.082896 
1142.872492 0.082900 
1143.836941 0.082996 
1144.801390 0.083165 
1145.765840 0.083349 
1146.730289 0.083420 
1147.694738 0.083523 
1148.659188 0.083764 
1149.623637 0.084018 
1150.588086 0.084134 
1151.552536 0.083991 
1152.516985 0.083796 
1153.481435 0.083778 
1154.445884 0.083734 
1155.410333 0.083601 
1156.374783 0.083579 
1157.339232 0.083725 
1158.303681 0.083809 
1159.268131 0.083745 
1160.232580 0.083695 
1161.197029 0.083906 
1162.161479 0.084216 
1163.125928 0.084403 
1164.090378 0.084462 
1165.054827 0.084336 
1166.019276 0.083951 
1166.983726 0.083529 
1167.948175 0.083191 
1168.912624 0.083081 
1169.877074 0.083132 
1170.841523 0.083144 
1171.805972 0.083003 
1172.770422 0.082881 
1173.734871 0.082830 
1174.699320 0.082819 
1175.663770 0.082789 
1176.628219 0.082784 
1177.592669 0.082942 
1178.557118 0.083346 
1179.521567 0.083782 
1180.486017 0.084169 
1181.450466 0.084335 
1182.414915 0.084093 
1183.379365 0.083829 
1184.343814 0.083767 
1185.308263 0.083942 
1186.272713 0.084299 
1187.237162 0.084683 
1188.201612 0.085044 
1189.166061 0.085460 
1190.130510 0.086047 
1191.094960 0.086670 
1192.059409 0.087285 
1193.023858 0.087972 
1193.988308 0.088773 
1194.952757 0.089632 
1195.917206 0.090458 
1196.881656 0.091206 
1197.846105 0.092055 
1198.810554 0.093025 
1199.775004 0.093970 
1200.739453 0.094797 
1201.703903 0.095712 
1202.668352 0.096727 
1203.632801 0.097705 
1204.597251 0.098533 
1205.561700 0.099335 
1206.526149 0.100209 
1207.490599 0.101132 
1208.455048 0.101966 
1209.419497 0.102690 
1210.383947 0.103399 
1211.348396 0.104108 
1212.312846 0.104729 
1213.277295 0.105159 
1214.241744 0.105559 
1215.206194 0.106072 
1216.170643 0.106525 
1217.135092 0.106761 
1218.099542 0.106718 
1219.063991 0.106586 
1220.028440 0.106322 
1220.992890 0.105940 
1221.957339 0.105464 
1222.921788 0.104945 
1223.886238 0.104431 
1224.850687 0.103897 
1225.815137 0.103142 
1226.779586 0.102355 
1227.744035 0.101777 
1228.708485 0.101276 
1229.672934 0.100838 
1230.637383 0.100674 
1231.601833 0.100776 
1232.566282 0.100988 
1233.530731 0.101219 
1234.495181 0.101521 
1235.459630 0.102058 
1236.424080 0.102759 
1237.388529 0.103459 
1238.352978 0.104219 
1239.317428 0.105176 
1240.281877 0.106331 
1241.246326 0.107519 
1242.210776 0.108628 
1243.175225 0.109727 
1244.139674 0.110979 
1245.104124 0.112212 
1246.068573 0.113259 
1247.033022 0.114083 
1247.997472 0.114767 
1248.961921 0.115334 
1249.926371 0.115730 
1250.890820 0.116007 
1251.855269 0.116220 
1252.819719 0.116392 
1253.784168 0.116433 
1254.748617 0.116164 
1255.713067 0.115676 
1256.677516 0.115044 
1257.641965 0.114188 
1258.606415 0.112999 
1259.570864 0.111482 
1260.535314 0.109636 
1261.499763 0.107534 
1262.464212 0.105214 
1263.428662 0.102723 
1264.393111 0.100285 
1265.357560 0.098126 
1266.322010 0.096259 
1267.286459 0.094581 
1268.250908 0.093123 
1269.215358 0.091986 
1270.179807 0.091025 
1271.144256 0.090101 
1272.108706 0.089238 
1273.073155 0.088517 
1274.037605 0.087897 
1275.002054 0.087194 
1275.966503 0.086502 
1276.930953 0.086016 
1277.895402 0.085639 
1278.859851 0.085215 
1279.824301 0.084789 
1280.788750 0.084376 
1281.753199 0.083960 
1282.717649 0.083544 
1283.682098 0.083071 
1284.646548 0.082680 
1285.610997 0.082390 
1286.575446 0.082276 
1287.539896 0.082147 
1288.504345 0.081815 
1289.468794 0.081520 
1290.433244 0.081418 
1291.397693 0.081204 
1292.362142 0.081030 
1293.326592 0.080950 
1294.291041 0.080937 
1295.255490 0.080922 
1296.219940 0.080915 
1297.184389 0.080944 
1298.148839 0.081044 
1299.113288 0.081126 
1300.077737 0.081123 
1301.042187 0.081200 
1302.006636 0.081350 
1302.971085 0.081505 
1303.935535 0.081586 
1304.899984 0.081633 
1305.864433 0.081820 
1306.828883 0.082018 
1307.793332 0.082204 
1308.757782 0.082257 
1309.722231 0.082272 
1310.686680 0.082438 
1311.651130 0.082665 
1312.615579 0.082970 
1313.580028 0.083006 
1314.544478 0.083088 
1315.508927 0.083112 
1316.473376 0.083184 
1317.437826 0.083165 
1318.402275 0.083171 
1319.366724 0.083290 
1320.331174 0.083171 
1321.295623 0.083066 
1322.260073 0.082911 
1323.224522 0.082978 
1324.188971 0.082945 
1325.153421 0.082779 
1326.117870 0.082651 
1327.082319 0.082739 
1328.046769 0.082840 
1329.011218 0.082884 
1329.975667 0.082876 
1330.940117 0.082904 
1331.904566 0.083004 
1332.869016 0.083108 
1333.833465 0.083050 
1334.797914 0.083009 
1335.762364 0.083229 
1336.726813 0.083587 
1337.691262 0.083529 
1338.655712 0.083818 
1339.620161 0.084125 
1340.584610 0.083808 
1341.549060 0.083094 
1342.513509 0.082802 
1343.477958 0.082699 
1344.442408 0.082737 
1345.406857 0.082772 
1346.371307 0.082704 
1347.335756 0.082692 
1348.300205 0.082772 
1349.264655 0.082835 
1350.229104 0.082831 
1351.193553 0.082801 
1352.158003 0.082938 
1353.122452 0.083144 
1354.086901 0.083315 
1355.051351 0.083377 
1356.015800 0.083257 
1356.980250 0.083319 
1357.944699 0.083470 
1358.909148 0.083415 
1359.873598 0.083457 
1360.838047 0.083811 
1361.802496 0.084013 
1362.766946 0.084330 
1363.731395 0.084108 
1364.695844 0.083720 
1365.660294 0.083781 
1366.624743 0.083822 
1367.589192 0.083981 
1368.553642 0.084216 
1369.518091 0.084286 
1370.482541 0.084217 
1371.446990 0.084301 
1372.411439 0.084419 
1373.375889 0.084658 
1374.340338 0.084573 
1375.304787 0.084234 
1376.269237 0.084064 
1377.233686 0.084308 
1378.198135 0.084500 
1379.162585 0.084436 
1380.127034 0.084281 
1381.091484 0.084212 
1382.055933 0.084468 
1383.020382 0.084670 
1383.984832 0.084704 
1384.949281 0.084613 
1385.913730 0.084523 
1386.878180 0.084569 
1387.842629 0.084132 
1388.807078 0.083573 
1389.771528 0.083511 
1390.735977 0.083594 
1391.700426 0.083492 
1392.664876 0.083399 
1393.629325 0.083624 
1394.593775 0.084219 
1395.558224 0.084408 
1396.522673 0.084416 
1397.487123 0.084783 
1398.451572 0.085072 
1399.416021 0.084935 
1400.380471 0.084708 
1401.344920 0.084812 
1402.309369 0.084988 
1403.273819 0.084981 
1404.238268 0.085110 
1405.202718 0.085274 
1406.167167 0.085111 
1407.131616 0.084997 
1408.096066 0.084919 
1409.060515 0.084914 
1410.024964 0.085128 
1410.989414 0.085218 
1411.953863 0.085210 
1412.918312 0.084950 
1413.882762 0.084909 
1414.847211 0.085078 
1415.811660 0.085494 
1416.776110 0.086004 
1417.740559 0.086187 
1418.705009 0.086055 
1419.669458 0.086163 
1420.633907 0.085757 
1421.598357 0.085760 
1422.562806 0.085939 
1423.527255 0.086581 
1424.491705 0.086662 
1425.456154 0.086248 
1426.420603 0.086274 
1427.385053 0.086470 
1428.349502 0.086455 
1429.313952 0.086423 
1430.278401 0.086521 
1431.242850 0.086529 
1432.207300 0.086644 
1433.171749 0.086562 
1434.136198 0.086268 
1435.100648 0.086250 
1436.065097 0.086737 
1437.029546 0.086583 
1437.993996 0.085753 
1438.958445 0.085661 
1439.922894 0.085706 
1440.887344 0.085770 
1441.851793 0.085670 
1442.816243 0.085576 
1443.780692 0.085584 
1444.745141 0.085685 
1445.709591 0.085712 
1446.674040 0.085708 
1447.638489 0.086065 
1448.602939 0.086243 
1449.567388 0.086066 
1450.531837 0.086157 
1451.496287 0.086474 
1452.460736 0.086680 
1453.425186 0.086365 
1454.389635 0.086548 
1455.354084 0.086744 
1456.318534 0.086905 
1457.282983 0.086947 
1458.247432 0.086878 
1459.211882 0.086949 
1460.176331 0.086783 
1461.140780 0.086659 
1462.105230 0.086605 
1463.069679 0.086443 
1464.034128 0.086414 
1464.998578 0.086662 
1465.963027 0.086733 
1466.927477 0.086766 
1467.891926 0.086931 
1468.856375 0.086961 
1469.820825 0.087122 
1470.785274 0.087212 
1471.749723 0.087403 
1472.714173 0.087065 
1473.678622 0.087165 
1474.643071 0.086872 
1475.607521 0.086975 
1476.571970 0.087174 
1477.536420 0.086756 
1478.500869 0.086706 
1479.465318 0.086880 
1480.429768 0.087247 
1481.394217 0.087660 
1482.358666 0.087618 
1483.323116 0.087745 
1484.287565 0.087901 
1485.252014 0.088275 
1486.216464 0.088805 
1487.180913 0.089160 
1488.145362 0.089393 
1489.109812 0.090241 
1490.074261 0.090899 
1491.038711 0.091003 
1492.003160 0.091148 
1492.967609 0.091528 
1493.932059 0.092123 
1494.896508 0.092492 
1495.860957 0.093126 
1496.825407 0.094258 
1497.789856 0.094691 
1498.754305 0.095620 
1499.718755 0.096596 
1500.683204 0.097473 
1501.647654 0.098594 
1502.612103 0.099396 
1503.576552 0.099991 
1504.541002 0.100665 
1505.505451 0.101501 
1506.469900 0.103466 
1507.434350 0.106398 
1508.398799 0.107087 
1509.363248 0.107780 
1510.327698 0.108563 
1511.292147 0.108642 
1512.256596 0.109849 
1513.221046 0.110629 
1514.185495 0.111165 
1515.149945 0.112440 
1516.114394 0.113341 
1517.078843 0.114574 
1518.043293 0.115760 
1519.007742 0.116016 
1519.972191 0.116898 
1520.936641 0.118399 
1521.901090 0.119087 
1522.865539 0.120051 
1523.829989 0.120722 
1524.794438 0.121734 
1525.758888 0.123261 
1526.723337 0.124160 
1527.687786 0.125618 
1528.652236 0.126859 
1529.616685 0.128107 
1530.581134 0.129456 
1531.545584 0.131561 
1532.510033 0.132901 
1533.474482 0.135554 
1534.438932 0.139110 
1535.403381 0.140985 
1536.367830 0.142963 
1537.332280 0.144874 
1538.296729 0.146862 
1539.261179 0.151163 
1540.225628 0.154667 
1541.190077 0.155977 
1542.154527 0.158848 
1543.118976 0.161971 
1544.083425 0.163532 
1545.047875 0.165954 
1546.012324 0.167048 
1546.976773 0.167426 
1547.941223 0.168133 
1548.905672 0.168959 
1549.870122 0.170264 
1550.834571 0.169790 
1551.799020 0.168642 
1552.763470 0.167959 
1553.727919 0.167440 
1554.692368 0.166369 
1555.656818 0.164200 
1556.621267 0.162856 
1557.585716 0.161734 
1558.550166 0.160145 
1559.514615 0.157973 
1560.479064 0.154181 
1561.443514 0.151438 
1562.407963 0.149486 
1563.372413 0.147383 
1564.336862 0.145491 
1565.301311 0.143152 
1566.265761 0.141203 
1567.230210 0.139599 
1568.194659 0.138144 
1569.159109 0.137078 
1570.123558 0.135357 
1571.088007 0.134111 
1572.052457 0.133317 
1573.016906 0.132434 
1573.981356 0.131681 
1574.945805 0.131088 
1575.910254 0.131102 
1576.874704 0.130872 
1577.839153 0.130363 
1578.803602 0.130080 
1579.768052 0.129770 
1580.732501 0.129471 
1581.696950 0.129183 
1582.661400 0.128794 
1583.625849 0.128290 
1584.590298 0.127608 
1585.554748 0.126885 
1586.519197 0.126048 
1587.483647 0.125032 
1588.448096 0.123816 
1589.412545 0.122557 
1590.376995 0.121173 
1591.341444 0.119649 
1592.305893 0.118063 
1593.270343 0.116581 
1594.234792 0.115058 
1595.199241 0.113473 
1596.163691 0.111955 
1597.128140 0.110354 
1598.092590 0.108755 
1599.057039 0.107175 
1600.021488 0.105692 
1600.985938 0.104421 
1601.950387 0.103011 
1602.914836 0.101664 
1603.879286 0.100325 
1604.843735 0.099218 
1605.808184 0.098314 
1606.772634 0.097559 
1607.737083 0.096705 
1608.701532 0.095805 
1609.665982 0.095024 
1610.630431 0.094284 
1611.594881 0.093803 
1612.559330 0.093419 
1613.523779 0.092972 
1614.488229 0.092428 
1615.452678 0.091890 
1616.417127 0.091629 
1617.381577 0.091254 
1618.346026 0.090910 
1619.310475 0.090770 
1620.274925 0.090567 
1621.239374 0.090389 
1622.203824 0.090086 
1623.168273 0.089938 
1624.132722 0.089396 
1625.097172 0.089098 
1626.061621 0.088948 
1627.026070 0.088720 
1627.990520 0.088504 
1628.954969 0.088354 
1629.919418 0.088460 
1630.883868 0.088350 
1631.848317 0.088051 
1632.812766 0.087921 
1633.777216 0.087800 
1634.741665 0.087700 
1635.706115 0.087753 
1636.670564 0.087298 
1637.635013 0.087642 
1638.599463 0.087652 
1639.563912 0.087475 
1640.528361 0.087369 
1641.492811 0.087302 
1642.457260 0.087431 
1643.421709 0.087369 
1644.386159 0.087151 
1645.350608 0.087078 
1646.315058 0.087174 
1647.279507 0.087121 
1648.243956 0.087352 
1649.208406 0.087161 
1650.172855 0.087091 
1651.137304 0.086767 
1652.101754 0.086324 
1653.066203 0.085680 
1654.030652 0.086851 
1654.995102 0.087051 
1655.959551 0.086799 
1656.924000 0.086702 
1657.888450 0.086628 
1658.852899 0.086661 
1659.817349 0.086676 
1660.781798 0.086508 
1661.746247 0.086254 
1662.710697 0.086213 
1663.675146 0.086230 
1664.639595 0.086177 
1665.604045 0.086125 
1666.568494 0.085978 
1667.532943 0.085983 
1668.497393 0.086107 
1669.461842 0.085957 
1670.426292 0.085325 
1671.390741 0.085526 
1672.355190 0.085538 
1673.319640 0.085189 
1674.284089 0.084857 
1675.248538 0.085270 
1676.212988 0.085319 
1677.177437 0.085118 
1678.141886 0.085047 
1679.106336 0.085180 
1680.070785 0.085891 
1681.035234 0.085546 
1681.999684 0.084841 
1682.964133 0.084741 
1683.928583 0.085210 
1684.893032 0.084986 
1685.857481 0.084341 
1686.821931 0.084217 
1687.786380 0.084727 
1688.750829 0.084826 
1689.715279 0.084344 
1690.679728 0.084156 
1691.644177 0.083993 
1692.608627 0.084047 
1693.573076 0.083872 
1694.537526 0.083620 
1695.501975 0.083759 
1696.466424 0.083906 
1697.430874 0.083780 
1698.395323 0.083618 
1699.359772 0.083278 
1700.324222 0.084059 
1701.288671 0.083666 
1702.253120 0.083601 
1703.217570 0.083509 
1704.182019 0.083532 
1705.146468 0.083339 
1706.110918 0.083330 
1707.075367 0.083538 
1708.039817 0.083357 
1709.004266 0.083416 
1709.968715 0.083630 
1710.933165 0.083492 
1711.897614 0.083417 
1712.862063 0.083573 
1713.826513 0.083695 
1714.790962 0.083973 
1715.755411 0.083686 
1716.719861 0.083403 
1717.684310 0.083563 
1718.648760 0.083361 
1719.613209 0.083188 
1720.577658 0.083188 
1721.542108 0.083395 
1722.506557 0.083440 
1723.471006 0.083632 
1724.435456 0.083389 
1725.399905 0.083243 
1726.364354 0.083283 
1727.328804 0.083267 
1728.293253 0.083181 
1729.257702 0.083433 
1730.222152 0.083930 
1731.186601 0.083563 
1732.151051 0.083376 
1733.115500 0.083603 
1734.079949 0.084044 
1735.044399 0.083569 
1736.008848 0.083213 
1736.973297 0.083328 
1737.937747 0.083411 
1738.902196 0.083385 
1739.866645 0.083576 
1740.831095 0.083308 
1741.795544 0.083270 
1742.759994 0.083800 
1743.724443 0.084212 
1744.688892 0.083805 
1745.653342 0.083616 
1746.617791 0.083665 
1747.582240 0.083615 
1748.546690 0.083675 
1749.511139 0.083537 
1750.475588 0.083466 
1751.440038 0.084014 
1752.404487 0.083292 
1753.368936 0.082962 
1754.333386 0.082883 
1755.297835 0.082806 
1756.262285 0.083004 
1757.226734 0.083246 
1758.191183 0.082989 
1759.155633 0.082939 
1760.120082 0.082734 
1761.084531 0.082867 
1762.048981 0.083124 
1763.013430 0.082723 
1763.977879 0.082657 
1764.942329 0.082756 
1765.906778 0.082777 
1766.871228 0.082769 
1767.835677 0.083284 
1768.800126 0.083376 
1769.764576 0.082777 
1770.729025 0.082817 
1771.693474 0.082816 
1772.657924 0.082990 
1773.622373 0.082857 
1774.586822 0.082965 
1775.551272 0.083462 
1776.515721 0.083373 
1777.480170 0.083193 
1778.444620 0.083427 
1779.409069 0.083462 
1780.373519 0.083595 
1781.337968 0.083628 
1782.302417 0.083467 
1783.266867 0.083473 
1784.231316 0.083748 
1785.195765 0.084095 
1786.160215 0.083710 
1787.124664 0.083670 
1788.089113 0.083839 
1789.053563 0.083885 
1790.018012 0.084007 
1790.982462 0.084272 
1791.946911 0.084089 
1792.911360 0.084219 
1793.875810 0.083961 
1794.840259 0.084132 
1795.804708 0.084673 
1796.769158 0.084620 
1797.733607 0.084172 
1798.698056 0.084041 
1799.662506 0.084305 
1800.626955 0.084307 
1801.591404 0.084648 
1802.555854 0.084886 
1803.520303 0.084493 
1804.484753 0.084311 
1805.449202 0.084303 
1806.413651 0.084353 
1807.378101 0.084687 
1808.342550 0.084759 
1809.306999 0.084488 
1810.271449 0.084602 
1811.235898 0.084729 
1812.200347 0.084803 
1813.164797 0.084708 
1814.129246 0.084521 
1815.093696 0.084535 
1816.058145 0.084596 
1817.022594 0.084927 
1817.987044 0.084946 
1818.951493 0.084671 
1819.915942 0.084613 
1820.880392 0.084640 
1821.844841 0.084692 
1822.809290 0.084759 
1823.773740 0.084541 
1824.738189 0.084809 
1825.702638 0.085094 
1826.667088 0.084610 
1827.631537 0.084491 
1828.595987 0.084501 
1829.560436 0.084888 
1830.524885 0.084848 
1831.489335 0.084543 
1832.453784 0.084635 
1833.418233 0.084792 
1834.382683 0.084704 
1835.347132 0.084613 
1836.311581 0.084705 
1837.276031 0.084980 
1838.240480 0.084845 
1839.204930 0.084695 
1840.169379 0.084660 
1841.133828 0.084750 
1842.098278 0.084963 
1843.062727 0.084826 
1844.027176 0.085220 
1844.991626 0.085333 
1845.956075 0.084954 
1846.920524 0.084960 
1847.884974 0.085249 
1848.849423 0.085115 
1849.813872 0.084912 
1850.778322 0.084884 
1851.742771 0.084810 
1852.707221 0.084783 
1853.671670 0.084843 
1854.636119 0.084921 
1855.600569 0.084905 
1856.565018 0.084899 
1857.529467 0.084963 
1858.493917 0.085114 
1859.458366 0.085075 
1860.422815 0.085016 
1861.387265 0.085146 
1862.351714 0.085075 
1863.316164 0.084956 
1864.280613 0.084927 
1865.245062 0.084843 
1866.209512 0.084889 
1867.173961 0.084929 
1868.138410 0.085056 
1869.102860 0.085315 
1870.067309 0.085287 
1871.031758 0.085074 
1871.996208 0.084878 
1872.960657 0.084739 
1873.925106 0.084735 
1874.889556 0.084709 
1875.854005 0.084743 
1876.818455 0.084737 
1877.782904 0.084760 
1878.747353 0.084837 
1879.711803 0.084908 
1880.676252 0.084824 
1881.640701 0.084814 
1882.605151 0.084877 
1883.569600 0.084920 
1884.534049 0.084948 
1885.498499 0.084988 
1886.462948 0.084955 
1887.427398 0.084981 
1888.391847 0.084975 
1889.356296 0.085382 
1890.320746 0.085342 
1891.285195 0.085149 
1892.249644 0.085233 
1893.214094 0.085227 
1894.178543 0.085268 
1895.142992 0.085505 
1896.107442 0.085428 
1897.071891 0.085352 
1898.036340 0.085384 
1899.000790 0.085342 
1899.965239 0.085401 
1900.929689 0.085447 
1901.894138 0.085491 
1902.858587 0.085476 
1903.823037 0.085511 
1904.787486 0.085482 
1905.751935 0.085446 
1906.716385 0.085495 
1907.680834 0.085731 
1908.645283 0.085689 
1909.609733 0.085720 
1910.574182 0.085713 
1911.538632 0.085577 
1912.503081 0.085595 
1913.467530 0.085603 
1914.431980 0.085666 
1915.396429 0.085669 
1916.360878 0.085568 
1917.325328 0.085700 
1918.289777 0.086078 
1919.254226 0.085773 
1920.218676 0.085715 
1921.183125 0.085702 
1922.147574 0.086017 
1923.112024 0.086286 
1924.076473 0.085920 
1925.040923 0.085738 
1926.005372 0.085761 
1926.969821 0.085758 
1927.934271 0.085809 
1928.898720 0.085813 
1929.863169 0.085805 
1930.827619 0.085803 
1931.792068 0.085838 
1932.756517 0.085935 
1933.720967 0.085955 
1934.685416 0.085897 
1935.649866 0.085877 
1936.614315 0.085828 
1937.578764 0.085840 
1938.543214 0.085820 
1939.507663 0.085857 
1940.472112 0.085905 
1941.436562 0.086026 
1942.401011 0.086479 
1943.365460 0.086299 
1944.329910 0.085926 
1945.294359 0.086029 
1946.258808 0.086037 
1947.223258 0.086057 
1948.187707 0.086126 
1949.152157 0.086517 
1950.116606 0.086695 
1951.081055 0.086327 
1952.045505 0.086060 
1953.009954 0.086098 
1953.974403 0.086144 
1954.938853 0.086295 
1955.903302 0.086388 
1956.867751 0.087008 
1957.832201 0.089670 
1958.796650 0.092893 
1959.761100 0.090632 
1960.725549 0.087280 
1961.689998 0.086425 
1962.654448 0.086213 
1963.618897 0.086140 
1964.583346 0.086126 
1965.547796 0.086184 
1966.512245 0.086357 
1967.476694 0.086476 
1968.441144 0.086249 
1969.405593 0.086144 
1970.370042 0.086178 
1971.334492 0.086164 
1972.298941 0.086164 
1973.263391 0.086220 
1974.227840 0.086282 
1975.192289 0.086270 
1976.156739 0.086271 
1977.121188 0.086279 
1978.085637 0.086308 
1979.050087 0.086338 
1980.014536 0.086369 
1980.978985 0.086406 
1981.943435 0.086488 
1982.907884 0.086494 
1983.872334 0.086459 
1984.836783 0.086432 
1985.801232 0.086528 
1986.765682 0.086596 
1987.730131 0.086731 
1988.694580 0.086836 
1989.659030 0.086707 
1990.623479 0.086658 
1991.587928 0.087030 
1992.552378 0.087233 
1993.516827 0.086940 
1994.481276 0.086908 
1995.445726 0.086942 
1996.410175 0.086952 
1997.374625 0.086980 
1998.339074 0.087048 
1999.303523 0.087107 
2000.267973 0.087134 
2001.232422 0.087151 
2002.196871 0.087187 
2003.161321 0.087264 
2004.125770 0.087283 
2005.090219 0.087277 
2006.054669 0.087287 
2007.019118 0.087355 
2007.983568 0.087387 
2008.948017 0.087413 
2009.912466 0.087439 
2010.876916 0.087466 
2011.841365 0.087479 
2012.805814 0.087461 
2013.770264 0.087426 
2014.734713 0.087415 
2015.699162 0.087521 
2016.663612 0.087853 
2017.628061 0.087863 
2018.592510 0.087843 
2019.556960 0.087803 
2020.521409 0.087629 
2021.485859 0.087589 
2022.450308 0.087621 
2023.414757 0.087658 
2024.379207 0.087635 
2025.343656 0.087611 
2026.308105 0.087726 
2027.272555 0.088061 
2028.237004 0.088981 
2029.201453 0.089467 
2030.165903 0.088510 
2031.130352 0.087833 
2032.094802 0.087731 
2033.059251 0.087727 
2034.023700 0.087722 
2034.988150 0.087712 
2035.952599 0.087717 
2036.917048 0.087736 
2037.881498 0.087699 
2038.845947 0.087710 
2039.810396 0.087748 
2040.774846 0.087878 
2041.739295 0.087918 
2042.703744 0.087783 
2043.668194 0.087784 
2044.632643 0.087793 
2045.597093 0.087779 
2046.561542 0.087789 
2047.525991 0.087768 
2048.490441 0.087803 
2049.454890 0.087774 
2050.419339 0.087726 
2051.383789 0.087762 
2052.348238 0.087788 
2053.312687 0.087787 
2054.277137 0.087725 
2055.241586 0.087678 
2056.206036 0.087666 
2057.170485 0.087657 
2058.134934 0.087605 
2059.099384 0.087552 
2060.063833 0.087577 
2061.028282 0.087600 
2061.992732 0.087589 
2062.957181 0.087594 
2063.921630 0.087631 
2064.886080 0.087774 
2065.850529 0.087683 
2066.814978 0.087487 
2067.779428 0.087459 
2068.743877 0.087489 
2069.708327 0.087483 
2070.672776 0.087453 
2071.637225 0.087389 
2072.601675 0.087366 
2073.566124 0.087420 
2074.530573 0.087406 
2075.495023 0.087333 
2076.459472 0.087332 
2077.423921 0.087388 
2078.388371 0.087388 
2079.352820 0.087326 
2080.317270 0.087302 
2081.281719 0.087374 
2082.246168 0.087403 
2083.210618 0.087332 
2084.175067 0.087296 
2085.139516 0.087304 
2086.103966 0.087318 
2087.068415 0.087300 
2088.032864 0.087251 
2088.997314 0.087273 
2089.961763 0.087465 
2090.926212 0.087472 
2091.890662 0.087333 
2092.855111 0.087334 
2093.819561 0.087416 
2094.784010 0.087452 
2095.748459 0.087384 
2096.712909 0.087367 
2097.677358 0.087446 
2098.641807 0.087518 
2099.606257 0.087517 
2100.570706 0.087435 
2101.535155 0.087417 
2102.499605 0.087525 
2103.464054 0.087579 
2104.428504 0.087548 
2105.392953 0.087541 
2106.357402 0.087626 
2107.321852 0.087697 
2108.286301 0.087632 
2109.250750 0.087620 
2110.215200 0.087697 
2111.179649 0.087743 
2112.144098 0.087719 
2113.108548 0.087701 
2114.072997 0.087773 
2115.037446 0.087904 
2116.001896 0.087902 
2116.966345 0.087825 
2117.930795 0.087854 
2118.895244 0.087931 
2119.859693 0.087974 
2120.824143 0.087943 
2121.788592 0.087942 
2122.753041 0.087992 
2123.717491 0.088061 
2124.681940 0.088065 
2125.646389 0.088056 
2126.610839 0.088102 
2127.575288 0.088168 
2128.539738 0.088211 
2129.504187 0.088231 
2130.468636 0.088254 
2131.433086 0.088318 
2132.397535 0.088320 
2133.361984 0.088314 
2134.326434 0.088368 
2135.290883 0.088465 
2136.255332 0.088524 
2137.219782 0.088491 
2138.184231 0.088413 
2139.148680 0.088447 
2140.113130 0.088509 
2141.077579 0.088507 
2142.042029 0.088487 
2143.006478 0.088486 
2143.970927 0.088516 
2144.935377 0.088568 
2145.899826 0.088572 
2146.864275 0.088585 
2147.828725 0.088631 
2148.793174 0.088663 
2149.757623 0.088673 
2150.722073 0.088671 
2151.686522 0.088688 
2152.650972 0.088697 
2153.615421 0.088710 
2154.579870 0.088759 
2155.544320 0.088762 
2156.508769 0.088739 
2157.473218 0.088733 
2158.437668 0.088735 
2159.402117 0.088719 
2160.366566 0.088726 
2161.331016 0.088788 
2162.295465 0.088788 
2163.259914 0.088771 
2164.224364 0.088766 
2165.188813 0.088762 
2166.153263 0.088779 
2167.117712 0.088770 
2168.082161 0.088818 
2169.046611 0.088831 
2170.011060 0.088773 
2170.975509 0.088753 
2171.939959 0.088819 
2172.904408 0.088847 
2173.868857 0.088795 
2174.833307 0.088790 
2175.797756 0.088818 
2176.762206 0.088807 
2177.726655 0.088805 
2178.691104 0.088854 
2179.655554 0.088892 
2180.620003 0.088868 
2181.584452 0.088844 
2182.548902 0.088835 
2183.513351 0.088806 
2184.477800 0.088824 
2185.442250 0.088884 
2186.406699 0.088913 
2187.371148 0.088856 
2188.335598 0.088791 
2189.300047 0.088829 
2190.264497 0.088842 
2191.228946 0.088805 
2192.193395 0.088796 
2193.157845 0.088849 
2194.122294 0.088845 
2195.086743 0.088793 
2196.051193 0.088805 
2197.015642 0.088859 
2197.980091 0.088869 
2198.944541 0.088882 
2199.908990 0.088905 
2200.873440 0.088916 
2201.837889 0.088943 
2202.802338 0.088970 
2203.766788 0.088930 
2204.731237 0.088915 
2205.695686 0.088955 
2206.660136 0.089037 
2207.624585 0.089075 
2208.589034 0.089074 
2209.553484 0.089093 
2210.517933 0.089098 
2211.482382 0.089122 
2212.446832 0.089137 
2213.411281 0.089150 
2214.375731 0.089183 
2215.340180 0.089227 
2216.304629 0.089246 
2217.269079 0.089257 
2218.233528 0.089340 
2219.197977 0.089389 
2220.162427 0.089364 
2221.126876 0.089366 
2222.091325 0.089426 
2223.055775 0.089477 
2224.020224 0.089472 
2224.984674 0.089468 
2225.949123 0.089541 
2226.913572 0.089572 
2227.878022 0.089597 
2228.842471 0.089642 
2229.806920 0.089686 
2230.771370 0.089740 
2231.735819 0.089842 
2232.700268 0.089918 
2233.664718 0.089937 
2234.629167 0.089969 
2235.593616 0.090072 
2236.558066 0.090101 
2237.522515 0.090131 
2238.486965 0.090204 
2239.451414 0.090248 
2240.415863 0.090299 
2241.380313 0.090365 
2242.344762 0.090410 
2243.309211 0.090475 
2244.273661 0.090547 
2245.238110 0.090590 
2246.202559 0.090652 
2247.167009 0.090714 
2248.131458 0.090760 
2249.095908 0.090861 
2250.060357 0.090928 
2251.024806 0.090984 
2251.989256 0.091090 
2252.953705 0.091186 
2253.918154 0.091206 
2254.882604 0.091226 
2255.847053 0.091293 
2256.811502 0.091439 
2257.775952 0.091496 
2258.740401 0.091543 
2259.704850 0.091584 
2260.669300 0.091657 
2261.633749 0.091712 
2262.598199 0.091811 
2263.562648 0.091860 
2264.527097 0.091952 
2265.491547 0.092065 
2266.455996 0.092124 
2267.420445 0.092173 
2268.384895 0.092294 
2269.349344 0.092355 
2270.313793 0.092399 
2271.278243 0.092517 
2272.242692 0.092643 
2273.207142 0.092678 
2274.171591 0.092759 
2275.136040 0.092903 
2276.100490 0.093025 
2277.064939 0.093088 
2278.029388 0.093184 
2278.993838 0.093292 
2279.958287 0.093433 
2280.922736 0.093527 
2281.887186 0.093635 
2282.851635 0.093718 
2283.816084 0.093818 
2284.780534 0.093846 
2285.744983 0.093829 
2286.709433 0.093777 
2287.673882 0.093760 
2288.638331 0.093770 
2289.602781 0.093791 
2290.567230 0.093664 
2291.531679 0.093605 
2292.496129 0.093520 
2293.460578 0.093471 
2294.425027 0.093384 
2295.389477 0.093364 
2296.353926 0.093322 
2297.318376 0.093294 
2298.282825 0.093240 
2299.247274 0.093128 
2300.211724 0.092983 
2301.176173 0.092928 
2302.140622 0.092778 
2303.105072 0.092691 
2304.069521 0.092549 
2305.033970 0.092538 
2305.998420 0.092319 
2306.962869 0.092206 
2307.927318 0.091882 
2308.891768 0.091727 
2309.856217 0.091458 
2310.820667 0.091368 
2311.785116 0.091055 
2312.749565 0.090904 
2313.714015 0.090681 
2314.678464 0.090596 
2315.642913 0.090345 
2316.607363 0.090176 
2317.571812 0.089947 
2318.536261 0.089678 
2319.500711 0.089204 
2320.465160 0.088723 
2321.429610 0.088438 
2322.394059 0.088212 
2323.358508 0.087984 
2324.322958 0.087794 
2325.287407 0.087753 
2326.251856 0.087535 
2327.216306 0.087147 
2328.180755 0.086831 
2329.145204 0.086573 
2330.109654 0.086317 
2331.074103 0.086127 
2332.038552 0.085981 
2333.003002 0.086112 
2333.967451 0.086356 
2334.931901 0.086382 
2335.896350 0.086064 
2336.860799 0.085834 
2337.825249 0.085744 
2338.789698 0.085691 
2339.754147 0.085482 
2340.718597 0.085367 
2341.683046 0.085363 
2342.647495 0.085382 
2343.611945 0.085522 
2344.576394 0.085750 
2345.540844 0.086096 
2346.505293 0.087036 
2347.469742 0.088178 
2348.434192 0.089223 
2349.398641 0.089151 
2350.363090 0.088122 
2351.327540 0.087126 
2352.291989 0.086319 
2353.256438 0.085528 
2354.220888 0.084822 
2355.185337 0.084218 
2356.149786 0.083679 
2357.114236 0.083178 
2358.078685 0.082709 
2359.043135 0.082604 
2360.007584 0.082481 
2360.972033 0.082554 
2361.936483 0.082636 
2362.900932 0.082878 
2363.865381 0.083216 
2364.829831 0.083658 
2365.794280 0.083867 
2366.758729 0.084222 
2367.723179 0.084962 
2368.687628 0.085629 
2369.652078 0.086186 
2370.616527 0.086791 
2371.580976 0.087565 
2372.545426 0.088194 
2373.509875 0.088719 
2374.474324 0.089210 
2375.438774 0.089783 
2376.403223 0.090226 
2377.367672 0.090657 
2378.332122 0.091130 
2379.296571 0.091595 
2380.261020 0.091935 
2381.225470 0.092260 
2382.189919 0.092551 
2383.154369 0.092826 
2384.118818 0.093034 
2385.083267 0.093183 
2386.047717 0.093187 
2387.012166 0.093237 
2387.976615 0.093264 
2388.941065 0.093240 
2389.905514 0.093214 
2390.869963 0.093226 
2391.834413 0.093189 
2392.798862 0.093204 
2393.763312 0.093232 
2394.727761 0.093217 
2395.692210 0.093174 
2396.656660 0.093182 
2397.621109 0.093143 
2398.585558 0.093112 
2399.550008 0.093085 
2400.514457 0.093100 
2401.478906 0.093117 
2402.443356 0.093094 
2403.407805 0.093078 
2404.372254 0.093092 
2405.336704 0.093085 
2406.301153 0.093076 
2407.265603 0.092990 
2408.230052 0.092998 
2409.194501 0.093037 
2410.158951 0.093070 
2411.123400 0.093063 
2412.087849 0.093057 
2413.052299 0.093063 
2414.016748 0.093033 
2414.981197 0.092978 
2415.945647 0.092983 
2416.910096 0.092969 
2417.874546 0.092992 
2418.838995 0.092990 
2419.803444 0.092968 
2420.767894 0.092970 
2421.732343 0.093015 
2422.696792 0.093028 
2423.661242 0.093008 
2424.625691 0.092991 
2425.590140 0.093005 
2426.554590 0.092964 
2427.519039 0.092916 
2428.483488 0.092910 
2429.447938 0.092953 
2430.412387 0.092964 
2431.376837 0.092964 
2432.341286 0.092952 
2433.305735 0.092983 
2434.270185 0.092996 
2435.234634 0.093000 
2436.199083 0.092967 
2437.163533 0.092988 
2438.127982 0.093027 
2439.092431 0.093012 
2440.056881 0.092996 
2441.021330 0.092994 
2441.985780 0.093032 
2442.950229 0.093122 
2443.914678 0.093105 
2444.879128 0.093114 
2445.843577 0.093103 
2446.808026 0.093105 
2447.772476 0.093122 
2448.736925 0.093158 
2449.701374 0.093160 
2450.665824 0.093199 
2451.630273 0.093162 
2452.594722 0.093120 
2453.559172 0.093200 
2454.523621 0.093272 
2455.488071 0.093265 
2456.452520 0.093277 
2457.416969 0.093294 
2458.381419 0.093351 
2459.345868 0.093366 
2460.310317 0.093360 
2461.274767 0.093384 
2462.239216 0.093402 
2463.203665 0.093410 
2464.168115 0.093455 
2465.132564 0.093475 
2466.097014 0.093507 
2467.061463 0.093524 
2468.025912 0.093558 
2468.990362 0.093510 
2469.954811 0.093531 
2470.919260 0.093610 
2471.883710 0.093639 
2472.848159 0.093676 
2473.812608 0.093753 
2474.777058 0.093756 
2475.741507 0.093754 
2476.705956 0.093745 
2477.670406 0.093727 
2478.634855 0.093724 
2479.599305 0.093778 
2480.563754 0.093826 
2481.528203 0.093820 
2482.492653 0.093840 
2483.457102 0.093919 
2484.421551 0.093892 
2485.386001 0.093873 
2486.350450 0.093920 
2487.314899 0.093997 
2488.279349 0.094014 
2489.243798 0.094021 
2490.208248 0.094019 
2491.172697 0.094039 
2492.137146 0.094102 
2493.101596 0.094144 
2494.066045 0.094147 
2495.030494 0.094135 
2495.994944 0.094089 
2496.959393 0.094142 
2497.923842 0.094209 
2498.888292 0.094189 
2499.852741 0.094167 
2500.817190 0.094186 
2501.781640 0.094210 
2502.746089 0.094267 
2503.710539 0.094236 
2504.674988 0.094225 
2505.639437 0.094265 
2506.603887 0.094342 
2507.568336 0.094324 
2508.532785 0.094284 
2509.497235 0.094280 
2510.461684 0.094289 
2511.426133 0.094320 
2512.390583 0.094363 
2513.355032 0.094358 
2514.319482 0.094320 
2515.283931 0.094304 
2516.248380 0.094342 
2517.212830 0.094349 
2518.177279 0.094346 
2519.141728 0.094338 
2520.106178 0.094347 
2521.070627 0.094332 
2522.035076 0.094377 
2522.999526 0.094399 
2523.963975 0.094359 
2524.928424 0.094372 
2525.892874 0.094384 
2526.857323 0.094354 
2527.821773 0.094383 
2528.786222 0.094396 
2529.750671 0.094403 
2530.715121 0.094351 
2531.679570 0.094340 
2532.644019 0.094359 
2533.608469 0.094365 
2534.572918 0.094346 
2535.537367 0.094406 
2536.501817 0.094405 
2537.466266 0.094376 
2538.430716 0.094325 
2539.395165 0.094385 
2540.359614 0.094443 
2541.324064 0.094464 
2542.288513 0.094479 
2543.252962 0.094470 
2544.217412 0.094423 
2545.181861 0.094427 
2546.146310 0.094441 
2547.110760 0.094437 
2548.075209 0.094441 
2549.039658 0.094452 
2550.004108 0.094426 
2550.968557 0.094463 
2551.933007 0.094490 
2552.897456 0.094472 
2553.861905 0.094454 
2554.826355 0.094493 
2555.790804 0.094501 
2556.755253 0.094508 
2557.719703 0.094547 
2558.684152 0.094564 
2559.648601 0.094548 
2560.613051 0.094615 
2561.577500 0.094653 
2562.541950 0.094681 
2563.506399 0.094694 
2564.470848 0.094698 
2565.435298 0.094716 
2566.399747 0.094798 
2567.364196 0.094836 
2568.328646 0.094814 
2569.293095 0.094828 
2570.257544 0.094895 
2571.221994 0.094900 
2572.186443 0.094908 
2573.150892 0.094976 
2574.115342 0.095037 
2575.079791 0.095053 
2576.044241 0.095076 
2577.008690 0.095090 
2577.973139 0.095161 
2578.937589 0.095154 
2579.902038 0.095099 
2580.866487 0.095132 
2581.830937 0.095251 
2582.795386 0.095311 
2583.759835 0.095275 
2584.724285 0.095233 
2585.688734 0.095258 
2586.653184 0.095287 
2587.617633 0.095352 
2588.582082 0.095429 
2589.546532 0.095435 
2590.510981 0.095458 
2591.475430 0.095521 
2592.439880 0.095558 
2593.404329 0.095589 
2594.368778 0.095586 
2595.333228 0.095605 
2596.297677 0.095631 
2597.262126 0.095673 
2598.226576 0.095684 
2599.191025 0.095758 
2600.155475 0.095806 
2601.119924 0.095838 
2602.084373 0.095875 
2603.048823 0.095863 
2604.013272 0.095897 
2604.977721 0.095935 
2605.942171 0.095929 
2606.906620 0.095990 
2607.871069 0.096007 
2608.835519 0.096032 
2609.799968 0.096001 
2610.764418 0.096008 
2611.728867 0.095982 
2612.693316 0.095975 
2613.657766 0.096007 
2614.622215 0.096091 
2615.586664 0.096172 
2616.551114 0.096208 
2617.515563 0.096213 
2618.480012 0.096186 
2619.444462 0.096174 
2620.408911 0.096191 
2621.373360 0.096219 
2622.337810 0.096247 
2623.302259 0.096217 
2624.266709 0.096206 
2625.231158 0.096212 
2626.195607 0.096252 
2627.160057 0.096266 
2628.124506 0.096258 
2629.088955 0.096255 
2630.053405 0.096275 
2631.017854 0.096272 
2631.982303 0.096277 
2632.946753 0.096284 
2633.911202 0.096250 
2634.875652 0.096244 
2635.840101 0.096286 
2636.804550 0.096291 
2637.769000 0.096257 
2638.733449 0.096227 
2639.697898 0.096230 
2640.662348 0.096260 
2641.626797 0.096265 
2642.591246 0.096215 
2643.555696 0.096221 
2644.520145 0.096238 
2645.484594 0.096269 
2646.449044 0.096234 
2647.413493 0.096205 
2648.377943 0.096222 
2649.342392 0.096234 
2650.306841 0.096249 
2651.271291 0.096308 
2652.235740 0.096332 
2653.200189 0.096308 
2654.164639 0.096274 
2655.129088 0.096249 
2656.093537 0.096222 
2657.057987 0.096227 
2658.022436 0.096241 
2658.986886 0.096269 
2659.951335 0.096273 
2660.915784 0.096291 
2661.880234 0.096268 
2662.844683 0.096187 
2663.809132 0.096222 
2664.773582 0.096303 
2665.738031 0.096239 
2666.702480 0.096196 
2667.666930 0.096224 
2668.631379 0.096260 
2669.595828 0.096278 
2670.560278 0.096344 
2671.524727 0.096408 
2672.489177 0.096411 
2673.453626 0.096398 
2674.418075 0.096396 
2675.382525 0.096397 
2676.346974 0.096450 
2677.311423 0.096458 
2678.275873 0.096463 
2679.240322 0.096497 
2680.204771 0.096497 
2681.169221 0.096521 
2682.133670 0.096583 
2683.098120 0.096572 
2684.062569 0.096577 
2685.027018 0.096639 
2685.991468 0.096677 
2686.955917 0.096672 
2687.920366 0.096707 
2688.884816 0.096713 
2689.849265 0.096762 
2690.813714 0.096820 
2691.778164 0.096917 
2692.742613 0.096923 
2693.707062 0.096882 
2694.671512 0.096914 
2695.635961 0.096991 
2696.600411 0.097015 
2697.564860 0.097014 
2698.529309 0.097012 
2699.493759 0.097049 
2700.458208 0.097073 
2701.422657 0.097077 
2702.387107 0.097150 
2703.351556 0.097212 
2704.316005 0.097206 
2705.280455 0.097261 
2706.244904 0.097339 
2707.209354 0.097414 
2708.173803 0.097458 
2709.138252 0.097511 
2710.102702 0.097507 
2711.067151 0.097534 
2712.031600 0.097549 
2712.996050 0.097574 
2713.960499 0.097612 
2714.924948 0.097666 
2715.889398 0.097695 
2716.853847 0.097731 
2717.818296 0.097759 
2718.782746 0.097806 
2719.747195 0.097779 
2720.711645 0.097815 
2721.676094 0.097869 
2722.640543 0.097848 
2723.604993 0.097885 
2724.569442 0.097960 
2725.533891 0.097970 
2726.498341 0.097984 
2727.462790 0.097993 
2728.427239 0.098089 
2729.391689 0.098152 
2730.356138 0.098132 
2731.320588 0.098104 
2732.285037 0.098144 
2733.249486 0.098209 
2734.213936 0.098214 
2735.178385 0.098184 
2736.142834 0.098234 
2737.107284 0.098283 
2738.071733 0.098292 
2739.036182 0.098279 
2740.000632 0.098295 
2740.965081 0.098340 
2741.929530 0.098374 
2742.893980 0.098351 
2743.858429 0.098354 
2744.822879 0.098355 
2745.787328 0.098361 
2746.751777 0.098374 
2747.716227 0.098396 
2748.680676 0.098443 
2749.645125 0.098440 
2750.609575 0.098402 
2751.574024 0.098445 
2752.538473 0.098467 
2753.502923 0.098496 
2754.467372 0.098492 
2755.431822 0.098493 
2756.396271 0.098470 
2757.360720 0.098519 
2758.325170 0.098530 
2759.289619 0.098537 
2760.254068 0.098592 
2761.218518 0.098574 
2762.182967 0.098525 
2763.147416 0.098556 
2764.111866 0.098574 
2765.076315 0.098551 
2766.040764 0.098519 
2767.005214 0.098588 
2767.969663 0.098632 
2768.934113 0.098624 
2769.898562 0.098632 
2770.863011 0.098695 
2771.827461 0.098676 
2772.791910 0.098654 
2773.756359 0.098687 
2774.720809 0.098701 
2775.685258 0.098670 
2776.649707 0.098719 
2777.614157 0.098740 
2778.578606 0.098708 
2779.543056 0.098742 
2780.507505 0.098848 
2781.471954 0.098874 
2782.436404 0.098903 
2783.400853 0.098896 
2784.365302 0.098881 
2785.329752 0.098890 
2786.294201 0.098956 
2787.258650 0.099011 
2788.223100 0.099010 
2789.187549 0.098981 
2790.151998 0.099009 
2791.116448 0.099064 
2792.080897 0.099052 
2793.045347 0.099052 
2794.009796 0.099128 
2794.974245 0.099179 
2795.938695 0.099188 
2796.903144 0.099230 
2797.867593 0.099247 
2798.832043 0.099214 
2799.796492 0.099269 
2800.760941 0.099334 
2801.725391 0.099345 
2802.689840 0.099362 
2803.654290 0.099455 
2804.618739 0.099536 
2805.583188 0.099545 
2806.547638 0.099508 
2807.512087 0.099505 
2808.476536 0.099556 
2809.440986 0.099596 
2810.405435 0.099611 
2811.369884 0.099702 
2812.334334 0.099730 
2813.298783 0.099754 
2814.263232 0.099811 
2815.227682 0.099919 
2816.192131 0.099948 
2817.156581 0.099933 
2818.121030 0.099940 
2819.085479 0.100028 
2820.049929 0.100126 
2821.014378 0.100174 
2821.978827 0.100184 
2822.943277 0.100269 
2823.907726 0.100347 
2824.872175 0.100351 
2825.836625 0.100319 
2826.801074 0.100397 
2827.765524 0.100518 
2828.729973 0.100574 
2829.694422 0.100613 
2830.658872 0.100715 
2831.623321 0.100774 
2832.587770 0.100856 
2833.552220 0.100939 
2834.516669 0.101001 
2835.481118 0.101092 
2836.445568 0.101221 
2837.410017 0.101348 
2838.374466 0.101432 
2839.338916 0.101476 
2840.303365 0.101589 
2841.267815 0.101799 
2842.232264 0.102020 
2843.196713 0.102149 
2844.161163 0.102314 
2845.125612 0.102564 
2846.090061 0.102880 
2847.054511 0.103163 
2848.018960 0.103387 
2848.983409 0.103633 
2849.947859 0.103880 
2850.912308 0.103985 
2851.876758 0.104024 
2852.841207 0.104037 
2853.805656 0.104043 
2854.770106 0.104051 
2855.734555 0.103996 
2856.699004 0.103896 
2857.663454 0.103879 
2858.627903 0.103849 
2859.592352 0.103787 
2860.556802 0.103693 
2861.521251 0.103688 
2862.485700 0.103690 
2863.450150 0.103637 
2864.414599 0.103613 
2865.379049 0.103641 
2866.343498 0.103643 
2867.307947 0.103656 
2868.272397 0.103662 
2869.236846 0.103655 
2870.201295 0.103653 
2871.165745 0.103662 
2872.130194 0.103671 
2873.094643 0.103662 
2874.059093 0.103609 
2875.023542 0.103555 
2875.987992 0.103519 
2876.952441 0.103482 
2877.916890 0.103415 
2878.881340 0.103396 
2879.845789 0.103468 
2880.810238 0.103438 
2881.774688 0.103385 
2882.739137 0.103404 
2883.703586 0.103427 
2884.668036 0.103417 
2885.632485 0.103445 
2886.596934 0.103498 
2887.561384 0.103485 
2888.525833 0.103450 
2889.490283 0.103436 
2890.454732 0.103492 
2891.419181 0.103512 
2892.383631 0.103609 
2893.348080 0.103628 
2894.312529 0.103650 
2895.276979 0.103712 
2896.241428 0.103725 
2897.205877 0.103790 
2898.170327 0.103826 
2899.134776 0.103810 
2900.099226 0.103907 
2901.063675 0.104049 
2902.028124 0.104131 
2902.992574 0.104152 
2903.957023 0.104156 
2904.921472 0.104161 
2905.885922 0.104229 
2906.850371 0.104325 
2907.814820 0.104423 
2908.779270 0.104524 
2909.743719 0.104681 
2910.708168 0.104814 
2911.672618 0.105050 
2912.637067 0.105266 
2913.601517 0.105418 
2914.565966 0.105589 
2915.530415 0.105792 
2916.494865 0.105962 
2917.459314 0.106131 
2918.423763 0.106194 
2919.388213 0.106278 
2920.352662 0.106368 
2921.317111 0.106401 
2922.281561 0.106340 
2923.246010 0.106273 
2924.210460 0.106298 
2925.174909 0.106356 
2926.139358 0.106263 
2927.103808 0.106141 
2928.068257 0.106067 
2929.032706 0.106052 
2929.997156 0.105947 
2930.961605 0.105864 
2931.926054 0.105869 
2932.890504 0.105846 
2933.854953 0.105710 
2934.819402 0.105593 
2935.783852 0.105477 
2936.748301 0.105394 
2937.712751 0.105322 
2938.677200 0.105268 
2939.641649 0.105148 
2940.606099 0.105070 
2941.570548 0.105053 
2942.534997 0.105067 
2943.499447 0.104990 
2944.463896 0.104865 
2945.428345 0.104814 
2946.392795 0.104722 
2947.357244 0.104574 
2948.321694 0.104570 
2949.286143 0.104603 
2950.250592 0.104673 
2951.215042 0.104763 
2952.179491 0.104717 
2953.143940 0.104665 
2954.108390 0.104789 
2955.072839 0.104858 
2956.037288 0.104939 
2957.001738 0.105024 
2957.966187 0.105151 
2958.930636 0.105165 
2959.895086 0.105161 
2960.859535 0.105209 
2961.823985 0.105216 
2962.788434 0.105149 
2963.752883 0.105191 
2964.717333 0.105189 
2965.681782 0.105205 
2966.646231 0.105176 
2967.610681 0.105092 
2968.575130 0.104983 
2969.539579 0.104858 
2970.504029 0.104675 
2971.468478 0.104512 
2972.432928 0.104369 
2973.397377 0.104354 
2974.361826 0.104229 
2975.326276 0.103990 
2976.290725 0.103871 
2977.255174 0.103857 
2978.219624 0.103782 
2979.184073 0.103706 
2980.148522 0.103662 
2981.112972 0.103574 
2982.077421 0.103452 
2983.041870 0.103413 
2984.006320 0.103419 
2984.970769 0.103432 
2985.935219 0.103363 
2986.899668 0.103294 
2987.864117 0.103310 
2988.828567 0.103355 
2989.793016 0.103310 
2990.757465 0.103309 
2991.721915 0.103305 
2992.686364 0.103228 
2993.650813 0.103179 
2994.615263 0.103272 
2995.579712 0.103301 
2996.544162 0.103231 
2997.508611 0.103158 
2998.473060 0.103198 
2999.437510 0.103258 
3000.401959 0.103334 
3001.366408 0.103371 
3002.330858 0.103381 
3003.295307 0.103321 
3004.259756 0.103279 
3005.224206 0.103328 
3006.188655 0.103410 
3007.153104 0.103420 
3008.117554 0.103448 
3009.082003 0.103470 
3010.046453 0.103533 
3011.010902 0.103521 
3011.975351 0.103578 
3012.939801 0.103614 
3013.904250 0.103563 
3014.868699 0.103583 
3015.833149 0.103640 
3016.797598 0.103542 
3017.762047 0.103561 
3018.726497 0.103630 
3019.690946 0.103689 
3020.655396 0.103748 
3021.619845 0.103812 
3022.584294 0.103894 
3023.548744 0.103910 
3024.513193 0.103803 
3025.477642 0.103762 
3026.442092 0.103793 
3027.406541 0.103821 
3028.370990 0.103888 
3029.335440 0.103904 
3030.299889 0.103904 
3031.264338 0.104052 
3032.228788 0.104094 
3033.193237 0.104031 
3034.157687 0.104045 
3035.122136 0.104056 
3036.086585 0.104091 
3037.051035 0.104125 
3038.015484 0.104171 
3038.979933 0.104256 
3039.944383 0.104260 
3040.908832 0.104358 
3041.873281 0.104382 
3042.837731 0.104343 
3043.802180 0.104390 
3044.766630 0.104435 
3045.731079 0.104375 
3046.695528 0.104372 
3047.659978 0.104461 
3048.624427 0.104578 
3049.588876 0.104626 
3050.553326 0.104636 
3051.517775 0.104653 
3052.482224 0.104723 
3053.446674 0.104792 
3054.411123 0.104789 
3055.375572 0.104812 
3056.340022 0.104944 
3057.304471 0.104932 
3058.268921 0.104954 
3059.233370 0.105009 
3060.197819 0.105074 
3061.162269 0.105171 
3062.126718 0.105253 
3063.091167 0.105263 
3064.055617 0.105334 
3065.020066 0.105418 
3065.984515 0.105470 
3066.948965 0.105557 
3067.913414 0.105566 
3068.877864 0.105565 
3069.842313 0.105586 
3070.806762 0.105619 
3071.771212 0.105696 
3072.735661 0.105787 
3073.700110 0.105888 
3074.664560 0.105957 
3075.629009 0.106064 
3076.593458 0.106133 
3077.557908 0.106216 
3078.522357 0.106327 
3079.486806 0.106436 
3080.451256 0.106466 
3081.415705 0.106520 
3082.380155 0.106708 
3083.344604 0.106827 
3084.309053 0.106766 
3085.273503 0.106769 
3086.237952 0.106850 
3087.202401 0.106859 
3088.166851 0.106887 
3089.131300 0.106953 
3090.095749 0.106954 
3091.060199 0.106889 
3092.024648 0.106871 
3092.989098 0.106954 
3093.953547 0.107005 
3094.917996 0.107018 
3095.882446 0.107140 
3096.846895 0.107199 
3097.811344 0.107254 
3098.775794 0.107348 
3099.740243 0.107351 
3100.704692 0.107301 
3101.669142 0.107258 
3102.633591 0.107271 
3103.598040 0.107321 
3104.562490 0.107424 
3105.526939 0.107562 
3106.491389 0.107640 
3107.455838 0.107728 
3108.420287 0.107744 
3109.384737 0.107685 
3110.349186 0.107629 
3111.313635 0.107628 
3112.278085 0.107803 
3113.242534 0.107939 
3114.206983 0.107984 
3115.171433 0.107964 
3116.135882 0.108030 
3117.100332 0.108094 
3118.064781 0.108246 
3119.029230 0.108327 
3119.993680 0.108208 
3120.958129 0.108052 
3121.922578 0.108106 
3122.887028 0.108230 
3123.851477 0.108290 
3124.815926 0.108295 
3125.780376 0.108282 
3126.744825 0.108375 
3127.709274 0.108471 
3128.673724 0.108515 
3129.638173 0.108383 
3130.602623 0.108335 
3131.567072 0.108411 
3132.531521 0.108492 
3133.495971 0.108556 
3134.460420 0.108590 
3135.424869 0.108650 
3136.389319 0.108690 
3137.353768 0.108716 
3138.318217 0.108694 
3139.282667 0.108811 
3140.247116 0.108876 
3141.211566 0.108858 
3142.176015 0.108855 
3143.140464 0.108972 
3144.104914 0.109014 
3145.069363 0.108965 
3146.033812 0.108985 
3146.998262 0.109077 
3147.962711 0.109134 
3148.927160 0.109168 
3149.891610 0.109250 
3150.856059 0.109409 
3151.820508 0.109439 
3152.784958 0.109347 
3153.749407 0.109280 
3154.713857 0.109340 
3155.678306 0.109351 
3156.642755 0.109402 
3157.607205 0.109485 
3158.571654 0.109514 
3159.536103 0.109587 
3160.500553 0.109627 
3161.465002 0.109682 
3162.429451 0.109751 
3163.393901 0.109765 
3164.358350 0.109793 
3165.322800 0.109907 
3166.287249 0.109947 
3167.251698 0.109963 
3168.216148 0.110036 
3169.180597 0.110121 
3170.145046 0.110187 
3171.109496 0.110145 
3172.073945 0.110191 
3173.038394 0.110262 
3174.002844 0.110255 
3174.967293 0.110300 
3175.931742 0.110353 
3176.896192 0.110315 
3177.860641 0.110460 
3178.825091 0.110522 
3179.789540 0.110521 
3180.753989 0.110575 
3181.718439 0.110679 
3182.682888 0.110733 
3183.647337 0.110741 
3184.611787 0.110807 
3185.576236 0.110939 
3186.540685 0.111027 
3187.505135 0.111097 
3188.469584 0.111024 
3189.434034 0.110987 
3190.398483 0.111088 
3191.362932 0.111262 
3192.327382 0.111286 
3193.291831 0.111267 
3194.256280 0.111207 
3195.220730 0.111288 
3196.185179 0.111392 
3197.149628 0.111505 
3198.114078 0.111628 
3199.078527 0.111560 
3200.042976 0.111525 
3201.007426 0.111570 
3201.971875 0.111636 
3202.936325 0.111729 
3203.900774 0.111817 
3204.865223 0.111898 
3205.829673 0.111852 
3206.794122 0.111780 
3207.758571 0.111900 
3208.723021 0.112013 
3209.687470 0.112041 
3210.651919 0.112053 
3211.616369 0.112097 
3212.580818 0.112162 
3213.545268 0.112243 
3214.509717 0.112209 
3215.474166 0.112149 
3216.438616 0.112224 
3217.403065 0.112261 
3218.367514 0.112275 
3219.331964 0.112382 
3220.296413 0.112430 
3221.260862 0.112389 
3222.225312 0.112418 
3223.189761 0.112467 
3224.154210 0.112498 
3225.118660 0.112454 
3226.083109 0.112477 
3227.047559 0.112570 
3228.012008 0.112605 
3228.976457 0.112626 
3229.940907 0.112643 
3230.905356 0.112587 
3231.869805 0.112664 
3232.834255 0.112708 
3233.798704 0.112638 
3234.763153 0.112673 
3235.727603 0.112727 
3236.692052 0.112808 
3237.656502 0.112867 
3238.620951 0.112820 
3239.585400 0.112894 
3240.549850 0.112903 
3241.514299 0.112873 
3242.478748 0.112930 
3243.443198 0.112927 
3244.407647 0.113041 
3245.372096 0.113135 
3246.336546 0.112987 
3247.300995 0.112938 
3248.265444 0.113049 
3249.229894 0.113125 
3250.194343 0.113195 
3251.158793 0.113276 
3252.123242 0.113183 
3253.087691 0.113191 
3254.052141 0.113392 
3255.016590 0.113358 
3255.981039 0.113250 
3256.945489 0.113443 
3257.909938 0.113497 
3258.874387 0.113423 
3259.838837 0.113395 
3260.803286 0.113390 
3261.767736 0.113373 
3262.732185 0.113510 
3263.696634 0.113599 
3264.661084 0.113572 
3265.625533 0.113614 
3266.589982 0.113659 
3267.554432 0.113654 
3268.518881 0.113740 
3269.483330 0.113813 
3270.447780 0.113827 
3271.412229 0.113729 
3272.376678 0.113698 
3273.341128 0.113851 
3274.305577 0.113868 
3275.270027 0.113809 
3276.234476 0.114006 
3277.198925 0.114031 
3278.163375 0.114036 
3279.127824 0.114077 
3280.092273 0.114005 
3281.056723 0.114000 
3282.021172 0.114151 
3282.985621 0.114234 
3283.950071 0.114203 
3284.914520 0.114180 
3285.878970 0.114292 
3286.843419 0.114341 
3287.807868 0.114341 
3288.772318 0.114394 
3289.736767 0.114525 
3290.701216 0.114649 
3291.665666 0.114630 
3292.630115 0.114571 
3293.594564 0.114640 
3294.559014 0.114665 
3295.523463 0.114638 
3296.487912 0.114669 
3297.452362 0.114738 
3298.416811 0.114829 
3299.381261 0.114921 
3300.345710 0.114902 
3301.310159 0.114939 
3302.274609 0.114996 
3303.239058 0.115017 
3304.203507 0.115030 
3305.167957 0.115084 
3306.132406 0.115137 
3307.096855 0.115096 
3308.061305 0.115112 
3309.025754 0.115108 
3309.990204 0.115145 
3310.954653 0.115262 
3311.919102 0.115252 
3312.883552 0.115329 
3313.848001 0.115346 
3314.812450 0.115319 
3315.776900 0.115403 
3316.741349 0.115498 
3317.705798 0.115484 
3318.670248 0.115602 
3319.634697 0.115689 
3320.599146 0.115694 
3321.563596 0.115687 
3322.528045 0.115771 
3323.492495 0.115827 
3324.456944 0.115927 
3325.421393 0.115952 
3326.385843 0.115904 
3327.350292 0.115948 
3328.314741 0.116059 
3329.279191 0.116087 
3330.243640 0.116194 
3331.208089 0.116173 
3332.172539 0.116107 
3333.136988 0.116167 
3334.101438 0.116320 
3335.065887 0.116323 
3336.030336 0.116331 
3336.994786 0.116447 
3337.959235 0.116403 
3338.923684 0.116311 
3339.888134 0.116304 
3340.852583 0.116372 
3341.817032 0.116415 
3342.781482 0.116346 
3343.745931 0.116341 
3344.710380 0.116472 
3345.674830 0.116603 
3346.639279 0.116638 
3347.603729 0.116668 
3348.568178 0.116702 
3349.532627 0.116642 
3350.497077 0.116495 
3351.461526 0.116434 
3352.425975 0.116504 
3353.390425 0.116624 
3354.354874 0.116759 
3355.319323 0.116797 
3356.283773 0.116756 
3357.248222 0.116779 
3358.212672 0.116799 
3359.177121 0.116837 
3360.141570 0.116831 
3361.106020 0.116861 
3362.070469 0.116887 
3363.034918 0.116848 
3363.999368 0.116959 
3364.963817 0.117002 
3365.928266 0.116900 
3366.892716 0.116942 
3367.857165 0.117048 
3368.821614 0.116934 
3369.786064 0.116859 
3370.750513 0.116909 
3371.714963 0.116953 
3372.679412 0.116921 
3373.643861 0.116903 
3374.608311 0.116997 
3375.572760 0.117032 
3376.537209 0.116948 
3377.501659 0.116924 
3378.466108 0.117060 
3379.430557 0.117098 
3380.395007 0.117119 
3381.359456 0.117224 
3382.323906 0.117250 
3383.288355 0.117240 
3384.252804 0.117301 
3385.217254 0.117321 
3386.181703 0.117320 
3387.146152 0.117246 
3388.110602 0.117215 
3389.075051 0.117313 
3390.039500 0.117429 
3391.003950 0.117297 
3391.968399 0.117274 
3392.932848 0.117427 
3393.897298 0.117367 
3394.861747 0.117240 
3395.826197 0.117257 
3396.790646 0.117612 
3397.755095 0.117686 
3398.719545 0.117463 
3399.683994 0.117418 
3400.648443 0.117362 
3401.612893 0.117323 
3402.577342 0.117327 
3403.541791 0.117482 
3404.506241 0.117536 
3405.470690 0.117531 
3406.435140 0.117579 
3407.399589 0.117683 
3408.364038 0.117590 
3409.328488 0.117533 
3410.292937 0.117603 
3411.257386 0.117647 
3412.221836 0.117509 
3413.186285 0.117405 
3414.150734 0.117525 
3415.115184 0.117560 
3416.079633 0.117564 
3417.044082 0.117556 
3418.008532 0.117557 
3418.972981 0.117603 
3419.937431 0.117716 
3420.901880 0.117733 
3421.866329 0.117726 
3422.830779 0.117774 
3423.795228 0.117706 
3424.759677 0.117704 
3425.724127 0.117686 
3426.688576 0.117694 
3427.653025 0.117762 
3428.617475 0.117816 
3429.581924 0.117741 
3430.546374 0.117709 
3431.510823 0.117729 
3432.475272 0.117798 
3433.439722 0.117821 
3434.404171 0.117701 
3435.368620 0.117634 
3436.333070 0.117697 
3437.297519 0.117600 
3438.261968 0.117568 
3439.226418 0.117596 
3440.190867 0.117573 
3441.155316 0.117572 
3442.119766 0.117742 
3443.084215 0.117714 
3444.048665 0.117515 
3445.013114 0.117477 
3445.977563 0.117418 
3446.942013 0.117731 
3447.906462 0.117544 
3448.870911 0.117315 
3449.835361 0.117326 
3450.799810 0.117323 
3451.764259 0.117351 
3452.728709 0.117264 
3453.693158 0.117139 
3454.657608 0.117050 
3455.622057 0.117042 
3456.586506 0.116997 
3457.550956 0.117021 
3458.515405 0.117067 
3459.479854 0.116888 
3460.444304 0.116779 
3461.408753 0.116847 
3462.373202 0.116908 
3463.337652 0.116815 
3464.302101 0.116700 
3465.266550 0.116693 
3466.231000 0.116707 
3467.195449 0.116617 
3468.159899 0.116463 
3469.124348 0.116395 
3470.088797 0.116302 
3471.053247 0.116288 
3472.017696 0.116274 
3472.982145 0.116231 
3473.946595 0.116190 
3474.911044 0.116153 
3475.875493 0.115934 
3476.839943 0.115915 
3477.804392 0.115992 
3478.768842 0.115931 
3479.733291 0.115839 
3480.697740 0.115803 
3481.662190 0.115763 
3482.626639 0.115770 
3483.591088 0.115466 
3484.555538 0.115540 
3485.519987 0.115571 
3486.484436 0.115274 
3487.448886 0.115242 
3488.413335 0.115373 
3489.377784 0.115045 
3490.342234 0.115048 
3491.306683 0.114979 
3492.271133 0.114827 
3493.235582 0.114774 
3494.200031 0.114699 
3495.164481 0.114648 
3496.128930 0.114729 
3497.093379 0.114610 
3498.057829 0.114298 
3499.022278 0.114293 
3499.986727 0.114410 
3500.951177 0.114446 
3501.915626 0.114506 
3502.880076 0.114468 
3503.844525 0.114140 
3504.808974 0.113885 
3505.773424 0.113817 
3506.737873 0.113748 
3507.702322 0.113598 
3508.666772 0.113816 
3509.631221 0.114187 
3510.595670 0.113596 
3511.560120 0.113368 
3512.524569 0.113271 
3513.489018 0.113144 
3514.453468 0.112985 
3515.417917 0.113019 
3516.382367 0.113002 
3517.346816 0.112955 
3518.311265 0.112818 
3519.275715 0.112856 
3520.240164 0.112729 
3521.204613 0.112594 
3522.169063 0.112757 
3523.133512 0.113273 
3524.097961 0.112949 
3525.062411 0.112588 
3526.026860 0.112496 
3526.991310 0.112734 
3527.955759 0.112609 
3528.920208 0.112536 
3529.884658 0.112157 
3530.849107 0.112193 
3531.813556 0.112159 
3532.778006 0.111966 
3533.742455 0.111911 
3534.706904 0.111873 
3535.671354 0.112097 
3536.635803 0.112334 
3537.600252 0.111818 
3538.564702 0.111704 
3539.529151 0.111654 
3540.493601 0.111596 
3541.458050 0.111432 
3542.422499 0.111362 
3543.386949 0.111324 
3544.351398 0.111809 
3545.315847 0.111977 
3546.280297 0.111616 
3547.244746 0.111863 
3548.209195 0.111246 
3549.173645 0.110936 
3550.138094 0.110790 
3551.102544 0.110615 
3552.066993 0.110949 
3553.031442 0.110833 
3553.995892 0.110911 
3554.960341 0.110661 
3555.924790 0.110527 
3556.889240 0.110546 
3557.853689 0.110413 
3558.818138 0.110246 
3559.782588 0.110681 
3560.747037 0.110484 
3561.711486 0.110010 
3562.675936 0.110095 
3563.640385 0.110090 
3564.604835 0.109700 
3565.569284 0.110732 
3566.533733 0.111581 
3567.498183 0.111214 
3568.462632 0.111279 
3569.427081 0.109472 
3570.391531 0.109511 
3571.355980 0.109505 
3572.320429 0.109392 
3573.284879 0.109344 
3574.249328 0.109362 
3575.213778 0.109117 
3576.178227 0.109040 
3577.142676 0.109313 
3578.107126 0.109089 
3579.071575 0.109174 
3580.036024 0.109513 
3581.000474 0.109078 
3581.964923 0.108595 
3582.929372 0.108689 
3583.893822 0.108649 
3584.858271 0.107973 
3585.822720 0.108242 
3586.787170 0.109225 
3587.751619 0.108810 
3588.716069 0.109450 
3589.680518 0.108027 
3590.644967 0.107712 
3591.609417 0.107706 
3592.573866 0.108223 
3593.538315 0.108321 
3594.502765 0.107759 
3595.467214 0.108434 
3596.431663 0.107786 
3597.396113 0.107538 
3598.360562 0.107824 
3599.325012 0.107267 
3600.289461 0.107395 
3601.253910 0.107571 
3602.218360 0.107165 
3603.182809 0.107121 
3604.147258 0.106864 
3605.111708 0.106541 
3606.076157 0.106696 
3607.040606 0.107645 
3608.005056 0.106818 
3608.969505 0.107774 
3609.933954 0.107452 
3610.898404 0.106049 
3611.862853 0.107057 
3612.827303 0.107661 
3613.791752 0.106654 
3614.756201 0.107444 
3615.720651 0.106529 
3616.685100 0.106224 
3617.649549 0.107271 
3618.613999 0.106647 
3619.578448 0.107227 
3620.542897 0.106516 
3621.507347 0.105941 
3622.471796 0.105869 
3623.436246 0.105985 
3624.400695 0.105631 
3625.365144 0.105627 
3626.329594 0.105508 
3627.294043 0.104891 
3628.258492 0.106215 
3629.222942 0.107761 
3630.187391 0.105800 
3631.151840 0.104770 
3632.116290 0.104676 
3633.080739 0.105222 
3634.045188 0.105879 
3635.009638 0.105030 
3635.974087 0.104840 
3636.938537 0.104943 
3637.902986 0.105170 
3638.867435 0.105046 
3639.831885 0.105047 
3640.796334 0.105073 
3641.760783 0.105154 
3642.725233 0.105195 
3643.689682 0.104866 
3644.654131 0.104640 
3645.618581 0.104382 
3646.583030 0.105560 
3647.547480 0.105464 
3648.511929 0.104438 
3649.476378 0.105511 
3650.440828 0.105010 
3651.405277 0.104981 
3652.369726 0.103914 
3653.334176 0.104300 
3654.298625 0.104128 
3655.263074 0.104411 
3656.227524 0.106026 
3657.191973 0.104764 
3658.156422 0.103919 
3659.120872 0.104295 
3660.085321 0.104376 
3661.049771 0.104266 
3662.014220 0.104168 
3662.978669 0.104292 
3663.943119 0.104319 
3664.907568 0.104272 
3665.872017 0.104132 
3666.836467 0.103855 
3667.800916 0.103957 
3668.765365 0.104456 
3669.729815 0.103634 
3670.694264 0.105233 
3671.658714 0.103556 
3672.623163 0.102984 
3673.587612 0.103352 
3674.552062 0.104670 
3675.516511 0.106162 
3676.480960 0.104370 
3677.445410 0.103239 
3678.409859 0.103335 
3679.374308 0.104208 
3680.338758 0.103891 
3681.303207 0.103564 
3682.267656 0.103795 
3683.232106 0.103758 
3684.196555 0.103939 
3685.161005 0.103829 
3686.125454 0.103680 
3687.089903 0.103605 
3688.054353 0.105133 
3689.018802 0.103683 
3689.983251 0.102323 
3690.947701 0.104373 
3691.912150 0.103687 
3692.876599 0.103097 
3693.841049 0.103563 
3694.805498 0.103541 
3695.769948 0.103709 
3696.734397 0.103990 
3697.698846 0.103751 
3698.663296 0.103639 
3699.627745 0.103443 
3700.592194 0.103272 
3701.556644 0.104610 
3702.521093 0.104012 
3703.485542 0.103239 
3704.449992 0.103589 
3705.414441 0.103726 
3706.378890 0.103789 
3707.343340 0.103467 
3708.307789 0.103403 
3709.272239 0.104405 
3710.236688 0.103544 
3711.201137 0.103823 
3712.165587 0.106103 
3713.130036 0.104040 
3714.094485 0.103816 
3715.058935 0.104564 
3716.023384 0.104056 
3716.987833 0.103614 
3717.952283 0.103726 
3718.916732 0.104752 
3719.881182 0.104110 
3720.845631 0.103454 
3721.810080 0.104622 
3722.774530 0.104714 
3723.738979 0.103467 
3724.703428 0.104013 
3725.667878 0.104209 
3726.632327 0.104647 
3727.596776 0.103969 
3728.561226 0.103517 
3729.525675 0.103481 
3730.490124 0.103214 
3731.454574 0.103944 
3732.419023 0.104666 
3733.383473 0.102582 
3734.347922 0.104818 
3735.312371 0.105799 
3736.276821 0.104408 
3737.241270 0.103989 
3738.205719 0.104012 
3739.170169 0.103641 
3740.134618 0.103696 
3741.099067 0.104693 
3742.063517 0.103472 
3743.027966 0.102981 
3743.992416 0.105984 
3744.956865 0.107681 
3745.921314 0.103297 
3746.885764 0.103575 
3747.850213 0.103776 
3748.814662 0.104941 
3749.779112 0.105541 
3750.743561 0.102705 
3751.708010 0.104960 
3752.672460 0.105382 
3753.636909 0.103822 
3754.601358 0.103767 
3755.565808 0.103971 
3756.530257 0.104737 
3757.494707 0.103740 
3758.459156 0.103550 
3759.423605 0.105385 
3760.388055 0.104564 
3761.352504 0.103769 
3762.316953 0.104250 
3763.281403 0.104170 
3764.245852 0.103872 
3765.210301 0.104869 
3766.174751 0.105051 
3767.139200 0.103925 
3768.103650 0.103867 
3769.068099 0.104453 
3770.032548 0.105549 
3770.996998 0.104123 
3771.961447 0.103943 
3772.925896 0.103968 
3773.890346 0.104180 
3774.854795 0.104249 
3775.819244 0.104284 
3776.783694 0.104226 
3777.748143 0.103939 
3778.712592 0.104156 
3779.677042 0.104953 
3780.641491 0.103929 
3781.605941 0.104136 
3782.570390 0.104144 
3783.534839 0.104056 
3784.499289 0.104753 
3785.463738 0.104802 
3786.428187 0.104508 
3787.392637 0.104451 
3788.357086 0.104315 
3789.321535 0.104406 
3790.285985 0.104345 
3791.250434 0.104301 
3792.214884 0.104315 
3793.179333 0.104432 
3794.143782 0.104201 
3795.108232 0.103975 
3796.072681 0.104900 
3797.037130 0.104991 
3798.001580 0.104288 
3798.966029 0.104104 
3799.930478 0.103878 
3800.894928 0.105692 
3801.859377 0.105604 
3802.823826 0.104270 
3803.788276 0.103965 
3804.752725 0.103791 
3805.717175 0.103969 
3806.681624 0.105850 
3807.646073 0.104994 
3808.610523 0.103710 
3809.574972 0.104217 
3810.539421 0.104333 
3811.503871 0.104443 
3812.468320 0.104532 
3813.432769 0.104492 
3814.397219 0.104060 
3815.361668 0.105154 
3816.326118 0.106263 
3817.290567 0.103859 
3818.255016 0.104156 
3819.219466 0.104420 
3820.183915 0.105009 
3821.148364 0.106121 
3822.112814 0.104530 
3823.077263 0.103844 
3824.041712 0.104436 
3825.006162 0.104344 
3825.970611 0.104611 
3826.935060 0.105089 
3827.899510 0.104629 
3828.863959 0.104631 
3829.828409 0.104410 
3830.792858 0.104800 
3831.757307 0.105932 
3832.721757 0.104526 
3833.686206 0.104256 
3834.650655 0.105732 
3835.615105 0.104756 
3836.579554 0.103385 
3837.544003 0.105971 
3838.508453 0.105280 
3839.472902 0.104477 
3840.437352 0.105988 
3841.401801 0.105163 
3842.366250 0.104083 
3843.330700 0.105639 
3844.295149 0.105631 
3845.259598 0.104682 
3846.224048 0.104835 
3847.188497 0.104786 
3848.152946 0.104752 
3849.117396 0.105374 
3850.081845 0.105182 
3851.046294 0.104898 
3852.010744 0.106316 
3852.975193 0.105225 
3853.939643 0.108256 
3854.904092 0.105643 
3855.868541 0.103895 
3856.832991 0.105690 
3857.797440 0.105677 
3858.761889 0.104893 
3859.726339 0.104953 
3860.690788 0.105120 
3861.655237 0.106231 
3862.619687 0.105313 
3863.584136 0.104787 
3864.548586 0.106605 
3865.513035 0.106597 
3866.477484 0.105051 
3867.441934 0.105074 
3868.406383 0.105544 
3869.370832 0.107546 
3870.335282 0.107283 
3871.299731 0.105397 
3872.264180 0.104764 
3873.228630 0.105352 
3874.193079 0.106910 
3875.157528 0.105268 
3876.121978 0.105006 
3877.086427 0.105440 
3878.050877 0.105308 
3879.015326 0.105289 
3879.979775 0.107003 
3880.944225 0.106920 
3881.908674 0.105123 
3882.873123 0.105992 
3883.837573 0.106014 
3884.802022 0.105858 
3885.766471 0.107581 
3886.730921 0.105570 
3887.695370 0.105035 
3888.659820 0.105372 
3889.624269 0.105169 
3890.588718 0.106171 
3891.553168 0.107562 
3892.517617 0.105575 
3893.482066 0.105616 
3894.446516 0.106007 
3895.410965 0.105771 
3896.375414 0.105632 
3897.339864 0.105678 
3898.304313 0.106287 
3899.268762 0.107467 
3900.233212 0.105281 
3901.197661 0.106004 
3902.162111 0.107375 
3903.126560 0.105529 
3904.091009 0.106845 
3905.055459 0.106450 
3906.019908 0.106375 
3906.984357 0.105773 
3907.948807 0.105580 
3908.913256 0.105770 
3909.877705 0.105813 
3910.842155 0.105786 
3911.806604 0.105791 
3912.771054 0.105837 
3913.735503 0.105860 
3914.699952 0.105669 
3915.664402 0.105868 
3916.628851 0.107063 
3917.593300 0.106849 
3918.557750 0.105558 
3919.522199 0.106329 
3920.486648 0.106664 
3921.451098 0.105520 
3922.415547 0.105563 
3923.379996 0.106169 
3924.344446 0.106900 
3925.308895 0.106756 
3926.273345 0.105809 
3927.237794 0.105603 
3928.202243 0.105788 
3929.166693 0.106172 
3930.131142 0.106339 
3931.095591 0.106320 
3932.060041 0.107261 
3933.024490 0.106798 
3933.988939 0.106185 
3934.953389 0.106129 
3935.917838 0.105934 
3936.882288 0.105991 
3937.846737 0.106182 
3938.811186 0.106304 
3939.775636 0.106189 
3940.740085 0.106025 
3941.704534 0.106385 
3942.668984 0.107441 
3943.633433 0.106632 
3944.597882 0.106280 
3945.562332 0.106133 
3946.526781 0.106242 
3947.491230 0.106963 
3948.455680 0.106522 
3949.420129 0.106704 
3950.384579 0.107051 
3951.349028 0.106236 
3952.313477 0.106274 
3953.277927 0.106322 
3954.242376 0.106189 
3955.206825 0.106161 
3956.171275 0.106441 
3957.135724 0.106618 
3958.100173 0.106447 
3959.064623 0.106434 
3960.029072 0.106505 
3960.993522 0.106581 
3961.957971 0.106880 
3962.922420 0.106475 
3963.886870 0.106380 
3964.851319 0.106370 
3965.815768 0.106346 
3966.780218 0.106319 
3967.744667 0.106263 
3968.709116 0.106556 
3969.673566 0.106609 
3970.638015 0.106369 
3971.602464 0.106541 
3972.566914 0.106611 
3973.531363 0.106461 
3974.495813 0.106531 
3975.460262 0.106818 
3976.424711 0.106896 
3977.389161 0.106663 
3978.353610 0.106555 
3979.318059 0.106704 
3980.282509 0.106754 
3981.246958 0.106870 
3982.211407 0.106998 
3983.175857 0.106736 
3984.140306 0.106550 
3985.104756 0.106565 
3986.069205 0.106506 
3987.033654 0.106576 
3987.998104 0.106613 
3988.962553 0.106666 
3989.927002 0.106914 
3990.891452 0.106964 
3991.855901 0.106687 
3992.820350 0.106668 
3993.784800 0.106743 
3994.749249 0.106872 
3995.713698 0.106734 
3996.678148 0.106664 
3997.642597 0.106681 
3998.607047 0.106745 
3999.571496 0.106715 
4000.535945 0.106636 