##YUNITS=Abs
399.282035 0.097418 
400.246484 0.102494 
401.210934 0.114219 
402.175383 0.119848 
403.139832 0.119198 
404.104282 0.113134 
405.068731 0.106276 
406.033181 0.102429 
406.997630 0.105584 
407.962079 0.109029 
408.926529 0.106853 
409.890978 0.101837 
410.855427 0.099069 
411.819877 0.101385 
412.784326 0.103924 
413.748775 0.101450 
414.713225 0.096451 
415.677674 0.096188 
416.642124 0.097629 
417.606573 0.089205 
418.571022 0.070634 
419.535472 0.075961 
420.499921 0.084815 
421.464370 0.085684 
422.428820 0.084531 
423.393269 0.084080 
424.357718 0.087511 
425.322168 0.088459 
426.286617 0.087055 
427.251066 0.084286 
428.215516 0.083658 
429.179965 0.085841 
430.144415 0.088268 
431.108864 0.088291 
432.073313 0.086230 
433.037763 0.084417 
434.002212 0.083880 
434.966661 0.084729 
435.931111 0.086855 
436.895560 0.087743 
437.860009 0.086647 
438.824459 0.084545 
439.788908 0.083841 
440.753358 0.085098 
441.717807 0.086381 
442.682256 0.087513 
443.646706 0.087214 
444.611155 0.085970 
445.575604 0.085332 
446.540054 0.084566 
447.504503 0.085171 
448.468952 0.084995 
449.433402 0.083857 
450.397851 0.084551 
451.362300 0.084755 
452.326750 0.082331 
453.291199 0.081539 
454.255649 0.081833 
455.220098 0.081770 
456.184547 0.079940 
457.148997 0.076832 
458.113446 0.076164 
459.077895 0.080084 
460.042345 0.080577 
461.006794 0.078039 
461.971243 0.077735 
462.935693 0.078545 
463.900142 0.078835 
464.864592 0.079173 
465.829041 0.078261 
466.793490 0.076960 
467.757940 0.076317 
468.722389 0.076996 
469.686838 0.077013 
470.651288 0.076508 
471.615737 0.075104 
472.580186 0.074178 
473.544636 0.077333 
474.509085 0.079127 
475.473534 0.078013 
476.437984 0.076704 
477.402433 0.076657 
478.366883 0.077668 
479.331332 0.078193 
480.295781 0.077858 
481.260231 0.076717 
482.224680 0.075894 
483.189129 0.074840 
484.153579 0.073216 
485.118028 0.072607 
486.082477 0.072031 
487.046927 0.071425 
488.011376 0.070610 
488.975826 0.069236 
489.940275 0.068147 
490.904724 0.066863 
491.869174 0.066164 
492.833623 0.066442 
493.798072 0.065924 
494.762522 0.064601 
495.726971 0.063648 
496.691420 0.062874 
497.655870 0.063122 
498.620319 0.062915 
499.584768 0.062333 
500.549218 0.061567 
501.513667 0.061090 
502.478117 0.060743 
503.442566 0.060716 
504.407015 0.060927 
505.371465 0.061272 
506.335914 0.060862 
507.300363 0.060523 
508.264813 0.060727 
509.229262 0.061308 
510.193711 0.062061 
511.158161 0.061769 
512.122610 0.060870 
513.087060 0.061290 
514.051509 0.062149 
515.015958 0.062266 
515.980408 0.061933 
516.944857 0.061607 
517.909306 0.061852 
518.873756 0.062007 
519.838205 0.061846 
520.802654 0.061951 
521.767104 0.062519 
522.731553 0.062732 
523.696002 0.062568 
524.660452 0.062289 
525.624901 0.061869 
526.589351 0.063046 
527.553800 0.064341 
528.518249 0.064556 
529.482699 0.064642 
530.447148 0.067029 
531.411597 0.069960 
532.376047 0.069160 
533.340496 0.068443 
534.304945 0.067492 
535.269395 0.064829 
536.233844 0.064257 
537.198294 0.064349 
538.162743 0.063609 
539.127192 0.063863 
540.091642 0.063197 
541.056091 0.062834 
542.020540 0.062450 
542.984990 0.062156 
543.949439 0.061876 
544.913888 0.061445 
545.878338 0.061617 
546.842787 0.062171 
547.807236 0.062262 
548.771686 0.062247 
549.736135 0.062412 
550.700585 0.063217 
551.665034 0.063297 
552.629483 0.063256 
553.593933 0.063707 
554.558382 0.063939 
555.522831 0.063583 
556.487281 0.063014 
557.451730 0.063058 
558.416179 0.063261 
559.380629 0.063196 
560.345078 0.063208 
561.309528 0.063325 
562.273977 0.063243 
563.238426 0.063029 
564.202876 0.062912 
565.167325 0.062901 
566.131774 0.063253 
567.096224 0.063779 
568.060673 0.063810 
569.025122 0.063139 
569.989572 0.063003 
570.954021 0.063393 
571.918470 0.063572 
572.882920 0.063495 
573.847369 0.063474 
574.811819 0.063446 
575.776268 0.063049 
576.740717 0.062870 
577.705167 0.062822 
578.669616 0.062690 
579.634065 0.062769 
580.598515 0.062891 
581.562964 0.062770 
582.527413 0.062481 
583.491863 0.062595 
584.456312 0.062885 
585.420762 0.063089 
586.385211 0.063368 
587.349660 0.064058 
588.314110 0.064770 
589.278559 0.064085 
590.243008 0.063345 
591.207458 0.063118 
592.171907 0.063302 
593.136356 0.063644 
594.100806 0.063919 
595.065255 0.063962 
596.029704 0.064132 
596.994154 0.064317 
597.958603 0.064427 
598.923053 0.064301 
599.887502 0.064185 
600.851951 0.064506 
601.816401 0.064940 
602.780850 0.065185 
603.745299 0.065190 
604.709749 0.065236 
605.674198 0.065430 
606.638647 0.065566 
607.603097 0.065742 
608.567546 0.066185 
609.531996 0.066293 
610.496445 0.065969 
611.460894 0.066163 
612.425344 0.066590 
613.389793 0.066769 
614.354242 0.067107 
615.318692 0.067430 
616.283141 0.067586 
617.247590 0.068068 
618.212040 0.068795 
619.176489 0.069723 
620.140938 0.070397 
621.105388 0.071072 
622.069837 0.071559 
623.034287 0.072145 
623.998736 0.072951 
624.963185 0.073486 
625.927635 0.073800 
626.892084 0.074316 
627.856533 0.075107 
628.820983 0.076069 
629.785432 0.076588 
630.749881 0.076113 
631.714331 0.074777 
632.678780 0.072814 
633.643230 0.070638 
634.607679 0.068717 
635.572128 0.067220 
636.536578 0.066518 
637.501027 0.066183 
638.465476 0.065784 
639.429926 0.065367 
640.394375 0.065242 
641.358824 0.065313 
642.323274 0.065261 
643.287723 0.065178 
644.252172 0.065278 
645.216622 0.065356 
646.181071 0.065164 
647.145521 0.065022 
648.109970 0.065005 
649.074419 0.064833 
650.038869 0.064893 
651.003318 0.064915 
651.967767 0.064786 
652.932217 0.065105 
653.896666 0.065475 
654.861115 0.065678 
655.825565 0.065958 
656.790014 0.066218 
657.754464 0.066665 
658.718913 0.067080 
659.683362 0.067154 
660.647812 0.067308 
661.612261 0.067623 
662.576710 0.067888 
663.541160 0.068225 
664.505609 0.068354 
665.470058 0.068622 
666.434508 0.068537 
667.398957 0.066078 
668.363406 0.061764 
669.327856 0.066160 
670.292305 0.068452 
671.256755 0.069235 
672.221204 0.069285 
673.185653 0.069409 
674.150103 0.069942 
675.114552 0.070246 
676.079001 0.070192 
677.043451 0.070113 
678.007900 0.070589 
678.972349 0.071183 
679.936799 0.071355 
680.901248 0.071580 
681.865698 0.071977 
682.830147 0.072335 
683.794596 0.072751 
684.759046 0.073178 
685.723495 0.073655 
686.687944 0.074297 
687.652394 0.074889 
688.616843 0.075540 
689.581292 0.076146 
690.545742 0.076954 
691.510191 0.077695 
692.474640 0.078342 
693.439090 0.078993 
694.403539 0.079890 
695.367989 0.080898 
696.332438 0.081946 
697.296887 0.082896 
698.261337 0.083699 
699.225786 0.084520 
700.190235 0.085437 
701.154685 0.086442 
702.119134 0.087734 
703.083583 0.089080 
704.048033 0.090464 
705.012482 0.091960 
705.976932 0.093668 
706.941381 0.095665 
707.905830 0.097588 
708.870280 0.099739 
709.834729 0.102260 
710.799178 0.104758 
711.763628 0.107757 
712.728077 0.111236 
713.692526 0.115073 
714.656976 0.119042 
715.621425 0.123455 
716.585874 0.128552 
717.550324 0.134196 
718.514773 0.140147 
719.479223 0.146438 
720.443672 0.153678 
721.408121 0.161934 
722.372571 0.170714 
723.337020 0.180459 
724.301469 0.191074 
725.265919 0.202971 
726.230368 0.216645 
727.194817 0.232351 
728.159267 0.250268 
729.123716 0.270722 
730.088166 0.294642 
731.052615 0.322810 
732.017064 0.356066 
732.981514 0.395331 
733.945963 0.441781 
734.910412 0.496299 
735.874862 0.560041 
736.839311 0.634096 
737.803760 0.718717 
738.768210 0.815813 
739.732659 0.927852 
740.697108 1.060431 
741.661558 1.218056 
742.626007 1.402274 
743.590457 1.620420 
744.554906 1.895388 
745.519355 2.253742 
746.483805 2.570614 
747.448254 2.412733 
748.412703 2.302452 
749.377153 2.248603 
750.341602 2.244656 
751.306051 2.229698 
752.270501 2.228104 
753.234950 2.207147 
754.199400 2.185958 
755.163849 2.177361 
756.128298 2.205658 
757.092748 2.201737 
758.057197 2.206223 
759.021646 2.202642 
759.986096 2.202229 
760.950545 2.192783 
761.914994 2.198074 
762.879444 2.194137 
763.843893 2.205708 
764.808342 2.202401 
765.772792 2.202183 
766.737241 2.189221 
767.701691 2.193451 
768.666140 2.195747 
769.630589 2.202689 
770.595039 2.195146 
771.559488 2.199644 
772.523937 2.205105 
773.488387 2.201210 
774.452836 2.193423 
775.417285 2.207029 
776.381735 2.200788 
777.346184 2.210509 
778.310634 2.202731 
779.275083 2.202612 
780.239532 2.215147 
781.203982 2.210594 
782.168431 2.192182 
783.132880 2.196748 
784.097330 2.194161 
785.061779 2.202097 
786.026228 2.185853 
786.990678 2.187638 
787.955127 2.194180 
788.919576 2.198836 
789.884026 2.192938 
790.848475 2.198030 
791.812925 2.190708 
792.777374 2.187532 
793.741823 2.180131 
794.706273 2.186559 
795.670722 2.175013 
796.635171 2.176421 
797.599621 2.186442 
798.564070 2.197650 
799.528519 2.201410 
800.492969 2.214802 
801.457418 2.216600 
802.421868 2.289603 
803.386317 2.475469 
804.350766 2.054235 
805.315216 1.618953 
806.279665 1.322484 
807.244114 1.103105 
808.208564 0.940065 
809.173013 0.816338 
810.137462 0.718928 
811.101912 0.637201 
812.066361 0.565373 
813.030810 0.501816 
813.995260 0.446899 
814.959709 0.401093 
815.924159 0.364236 
816.888608 0.335314 
817.853057 0.313087 
818.817507 0.295499 
819.781956 0.280693 
820.746405 0.267597 
821.710855 0.255691 
822.675304 0.244099 
823.639753 0.232789 
824.604203 0.221964 
825.568652 0.211745 
826.533102 0.201913 
827.497551 0.192248 
828.462000 0.182905 
829.426450 0.174234 
830.390899 0.166386 
831.355348 0.159270 
832.319798 0.152903 
833.284247 0.147547 
834.248696 0.143137 
835.213146 0.139605 
836.177595 0.136741 
837.142044 0.134463 
838.106494 0.132712 
839.070943 0.131208 
840.035393 0.129627 
840.999842 0.127932 
841.964291 0.126355 
842.928741 0.124818 
843.893190 0.122923 
844.857639 0.120643 
845.822089 0.118330 
846.786538 0.116269 
847.750987 0.114541 
848.715437 0.112932 
849.679886 0.111402 
850.644336 0.110227 
851.608785 0.109364 
852.573234 0.108447 
853.537684 0.107416 
854.502133 0.106552 
855.466582 0.105848 
856.431032 0.105143 
857.395481 0.104497 
858.359930 0.103896 
859.324380 0.103330 
860.288829 0.102893 
861.253278 0.102342 
862.217728 0.101647 
863.182177 0.101153 
864.146627 0.100834 
865.111076 0.100236 
866.075525 0.099427 
867.039975 0.098631 
868.004424 0.097908 
868.968873 0.097115 
869.933323 0.096089 
870.897772 0.095022 
871.862221 0.094213 
872.826671 0.093534 
873.791120 0.092837 
874.755570 0.092173 
875.720019 0.091610 
876.684468 0.091153 
877.648918 0.090473 
878.613367 0.089600 
879.577816 0.088799 
880.542266 0.088114 
881.506715 0.087474 
882.471164 0.086743 
883.435614 0.086018 
884.400063 0.085609 
885.364512 0.085283 
886.328962 0.085103 
887.293411 0.085090 
888.257861 0.085077 
889.222310 0.085287 
890.186759 0.085563 
891.151209 0.085927 
892.115658 0.086526 
893.080107 0.087115 
894.044557 0.087751 
895.009006 0.088488 
895.973455 0.089331 
896.937905 0.090316 
897.902354 0.091343 
898.866804 0.091888 
899.831253 0.091919 
900.795702 0.091615 
901.760152 0.090980 
902.724601 0.090121 
903.689050 0.089011 
904.653500 0.087734 
905.617949 0.086852 
906.582398 0.086260 
907.546848 0.085726 
908.511297 0.085399 
909.475746 0.085154 
910.440196 0.084925 
911.404645 0.084823 
912.369095 0.084772 
913.333544 0.084749 
914.297993 0.084866 
915.262443 0.085052 
916.226892 0.085374 
917.191341 0.085880 
918.155791 0.086390 
919.120240 0.086788 
920.084689 0.087284 
921.049139 0.087864 
922.013588 0.088378 
922.978038 0.088903 
923.942487 0.089309 
924.906936 0.089854 
925.871386 0.090746 
926.835835 0.091666 
927.800284 0.092641 
928.764734 0.093755 
929.729183 0.094942 
930.693632 0.095964 
931.658082 0.096624 
932.622531 0.097240 
933.586980 0.097691 
934.551430 0.096730 
935.515879 0.094771 
936.480329 0.093320 
937.444778 0.092508 
938.409227 0.091995 
939.373677 0.091651 
940.338126 0.091339 
941.302575 0.091273 
942.267025 0.091483 
943.231474 0.091770 
944.195923 0.092059 
945.160373 0.092446 
946.124822 0.093054 
947.089272 0.093834 
948.053721 0.094580 
949.018170 0.095598 
949.982620 0.097127 
950.947069 0.098910 
951.911518 0.100758 
952.875968 0.102797 
953.840417 0.105151 
954.804866 0.107721 
955.769316 0.110213 
956.733765 0.112403 
957.698214 0.114552 
958.662664 0.117048 
959.627113 0.119634 
960.591563 0.121781 
961.556012 0.123288 
962.520461 0.124077 
963.484911 0.124098 
964.449360 0.123582 
965.413809 0.123034 
966.378259 0.122776 
967.342708 0.122917 
968.307157 0.123333 
969.271607 0.123986 
970.236056 0.125124 
971.200506 0.126800 
972.164955 0.128784 
973.129404 0.130650 
974.093854 0.132191 
975.058303 0.133630 
976.022752 0.135261 
976.987202 0.136914 
977.951651 0.138515 
978.916100 0.140121 
979.880550 0.141350 
980.844999 0.141785 
981.809448 0.141039 
982.773898 0.139281 
983.738347 0.137129 
984.702797 0.134879 
985.667246 0.132716 
986.631695 0.131020 
987.596145 0.130032 
988.560594 0.129584 
989.525043 0.129436 
990.489493 0.129640 
991.453942 0.130190 
992.418391 0.130874 
993.382841 0.131532 
994.347290 0.132290 
995.311740 0.133156 
996.276189 0.134079 
997.240638 0.134932 
998.205088 0.135709 
999.169537 0.136478 
1000.133986 0.137346 
1001.098436 0.138218 
1002.062885 0.138989 
1003.027334 0.139788 
1003.991784 0.140672 
1004.956233 0.141595 
1005.920682 0.142516 
1006.885132 0.143392 
1007.849581 0.143964 
1008.814031 0.143807 
1009.778480 0.142893 
1010.742929 0.141531 
1011.707379 0.140031 
1012.671828 0.138446 
1013.636277 0.136523 
1014.600727 0.134197 
1015.565176 0.131823 
1016.529625 0.129698 
1017.494075 0.127625 
1018.458524 0.125630 
1019.422974 0.123736 
1020.387423 0.121960 
1021.351872 0.120093 
1022.316322 0.118056 
1023.280771 0.116057 
1024.245220 0.114249 
1025.209670 0.112582 
1026.174119 0.110834 
1027.138568 0.109173 
1028.103018 0.107911 
1029.067467 0.107112 
1030.031916 0.106666 
1030.996366 0.106579 
1031.960815 0.107102 
1032.925265 0.108421 
1033.889714 0.110427 
1034.854163 0.112988 
1035.818613 0.116251 
1036.783062 0.120117 
1037.747511 0.123948 
1038.711961 0.126949 
1039.676410 0.128517 
1040.640859 0.128351 
1041.605309 0.126790 
1042.569758 0.124529 
1043.534208 0.122204 
1044.498657 0.120311 
1045.463106 0.119103 
1046.427556 0.118340 
1047.392005 0.117931 
1048.356454 0.118086 
1049.320904 0.118984 
1050.285353 0.120315 
1051.249802 0.121731 
1052.214252 0.122972 
1053.178701 0.123750 
1054.143150 0.123876 
1055.107600 0.123436 
1056.072049 0.122761 
1057.036499 0.122411 
1058.000948 0.122738 
1058.965397 0.123548 
1059.929847 0.124506 
1060.894296 0.125363 
1061.858745 0.126269 
1062.823195 0.127251 
1063.787644 0.128287 
1064.752093 0.129360 
1065.716543 0.130688 
1066.680992 0.132137 
1067.645442 0.133452 
1068.609891 0.134535 
1069.574340 0.135269 
1070.538790 0.135733 
1071.503239 0.135828 
1072.467688 0.135511 
1073.432138 0.134978 
1074.396587 0.134462 
1075.361036 0.134052 
1076.325486 0.133628 
1077.289935 0.133303 
1078.254384 0.133244 
1079.218834 0.133630 
1080.183283 0.134298 
1081.147733 0.135060 
1082.112182 0.136189 
1083.076631 0.137885 
1084.041081 0.140194 
1085.005530 0.143057 
1085.969979 0.146495 
1086.934429 0.150548 
1087.898878 0.155438 
1088.863327 0.161265 
1089.827777 0.168080 
1090.792226 0.176171 
1091.756676 0.185659 
1092.721125 0.196339 
1093.685574 0.208108 
1094.650024 0.220868 
1095.614473 0.234223 
1096.578922 0.247494 
1097.543372 0.260369 
1098.507821 0.272468 
1099.472270 0.283632 
1100.436720 0.293596 
1101.401169 0.302545 
1102.365618 0.311168 
1103.330068 0.319860 
1104.294517 0.328425 
1105.258967 0.336325 
1106.223416 0.342739 
1107.187865 0.347065 
1108.152315 0.349177 
1109.116764 0.349436 
1110.081213 0.348774 
1111.045663 0.348798 
1112.010112 0.350938 
1112.974561 0.356405 
1113.939011 0.365446 
1114.903460 0.377551 
1115.867910 0.390786 
1116.832359 0.402477 
1117.796808 0.410830 
1118.761258 0.415811 
1119.725707 0.417694 
1120.690156 0.416923 
1121.654606 0.413843 
1122.619055 0.408866 
1123.583504 0.402089 
1124.547954 0.393804 
1125.512403 0.383714 
1126.476852 0.371995 
1127.441302 0.358851 
1128.405751 0.344538 
1129.370201 0.329109 
1130.334650 0.312928 
1131.299099 0.296589 
1132.263549 0.281071 
1133.227998 0.266769 
1134.192447 0.253688 
1135.156897 0.241537 
1136.121346 0.230084 
1137.085795 0.219243 
1138.050245 0.208799 
1139.014694 0.199070 
1139.979144 0.190614 
1140.943593 0.183542 
1141.908042 0.177635 
1142.872492 0.172835 
1143.836941 0.169117 
1144.801390 0.166324 
1145.765840 0.164044 
1146.730289 0.161947 
1147.694738 0.160050 
1148.659188 0.158482 
1149.623637 0.157123 
1150.588086 0.155795 
1151.552536 0.154379 
1152.516985 0.152977 
1153.481435 0.151580 
1154.445884 0.149936 
1155.410333 0.148119 
1156.374783 0.146284 
1157.339232 0.144482 
1158.303681 0.142660 
1159.268131 0.140692 
1160.232580 0.138554 
1161.197029 0.136325 
1162.161479 0.133922 
1163.125928 0.131216 
1164.090378 0.128221 
1165.054827 0.124988 
1166.019276 0.121613 
1166.983726 0.118415 
1167.948175 0.115617 
1168.912624 0.113411 
1169.877074 0.111793 
1170.841523 0.110454 
1171.805972 0.109100 
1172.770422 0.107821 
1173.734871 0.106568 
1174.699320 0.105186 
1175.663770 0.103735 
1176.628219 0.102305 
1177.592669 0.101153 
1178.557118 0.100412 
1179.521567 0.099958 
1180.486017 0.099557 
1181.450466 0.099052 
1182.414915 0.098210 
1183.379365 0.097403 
1184.343814 0.096837 
1185.308263 0.096541 
1186.272713 0.096408 
1187.237162 0.096310 
1188.201612 0.096240 
1189.166061 0.096296 
1190.130510 0.096536 
1191.094960 0.096835 
1192.059409 0.097051 
1193.023858 0.097342 
1193.988308 0.097788 
1194.952757 0.098306 
1195.917206 0.098843 
1196.881656 0.099372 
1197.846105 0.099986 
1198.810554 0.100680 
1199.775004 0.101385 
1200.739453 0.102036 
1201.703903 0.102695 
1202.668352 0.103462 
1203.632801 0.104241 
1204.597251 0.104926 
1205.561700 0.105606 
1206.526149 0.106392 
1207.490599 0.107214 
1208.455048 0.107958 
1209.419497 0.108604 
1210.383947 0.109321 
1211.348396 0.109995 
1212.312846 0.110616 
1213.277295 0.111204 
1214.241744 0.111852 
1215.206194 0.112638 
1216.170643 0.113489 
1217.135092 0.114227 
1218.099542 0.114766 
1219.063991 0.115312 
1220.028440 0.115913 
1220.992890 0.116476 
1221.957339 0.116994 
1222.921788 0.117635 
1223.886238 0.118447 
1224.850687 0.119183 
1225.815137 0.119797 
1226.779586 0.120652 
1227.744035 0.121959 
1228.708485 0.123574 
1229.672934 0.125484 
1230.637383 0.127583 
1231.601833 0.129567 
1232.566282 0.130927 
1233.530731 0.131492 
1234.495181 0.131232 
1235.459630 0.130313 
1236.424080 0.128907 
1237.388529 0.127207 
1238.352978 0.125694 
1239.317428 0.124714 
1240.281877 0.124343 
1241.246326 0.124468 
1242.210776 0.124915 
1243.175225 0.125673 
1244.139674 0.126752 
1245.104124 0.128003 
1246.068573 0.129246 
1247.033022 0.130208 
1247.997472 0.130893 
1248.961921 0.131483 
1249.926371 0.132007 
1250.890820 0.132559 
1251.855269 0.133157 
1252.819719 0.133693 
1253.784168 0.133987 
1254.748617 0.133986 
1255.713067 0.133677 
1256.677516 0.133095 
1257.641965 0.132185 
1258.606415 0.130871 
1259.570864 0.129186 
1260.535314 0.127239 
1261.499763 0.125290 
1262.464212 0.123330 
1263.428662 0.121250 
1264.393111 0.119229 
1265.357560 0.117465 
1266.322010 0.115894 
1267.286459 0.114382 
1268.250908 0.112820 
1269.215358 0.111157 
1270.179807 0.109363 
1271.144256 0.107379 
1272.108706 0.105312 
1273.073155 0.103531 
1274.037605 0.101920 
1275.002054 0.100332 
1275.966503 0.098909 
1276.930953 0.097722 
1277.895402 0.096791 
1278.859851 0.096049 
1279.824301 0.095342 
1280.788750 0.094683 
1281.753199 0.094169 
1282.717649 0.093768 
1283.682098 0.093403 
1284.646548 0.093143 
1285.610997 0.093066 
1286.575446 0.093097 
1287.539896 0.093091 
1288.504345 0.093215 
1289.468794 0.093617 
1290.433244 0.094116 
1291.397693 0.094692 
1292.362142 0.095440 
1293.326592 0.096354 
1294.291041 0.097394 
1295.255490 0.098499 
1296.219940 0.099726 
1297.184389 0.101172 
1298.148839 0.102600 
1299.113288 0.103650 
1300.077737 0.104130 
1301.042187 0.104445 
1302.006636 0.104773 
1302.971085 0.105118 
1303.935535 0.105177 
1304.899984 0.104827 
1305.864433 0.104218 
1306.828883 0.103434 
1307.793332 0.102238 
1308.757782 0.100608 
1309.722231 0.098937 
1310.686680 0.097468 
1311.651130 0.096230 
1312.615579 0.095234 
1313.580028 0.094656 
1314.544478 0.094496 
1315.508927 0.094529 
1316.473376 0.094573 
1317.437826 0.094684 
1318.402275 0.094951 
1319.366724 0.095023 
1320.331174 0.094711 
1321.295623 0.094196 
1322.260073 0.093683 
1323.224522 0.093388 
1324.188971 0.093150 
1325.153421 0.092909 
1326.117870 0.092746 
1327.082319 0.092853 
1328.046769 0.093134 
1329.011218 0.093459 
1329.975667 0.093962 
1330.940117 0.094870 
1331.904566 0.096198 
1332.869016 0.097859 
1333.833465 0.099681 
1334.797914 0.101626 
1335.762364 0.103166 
1336.726813 0.103712 
1337.691262 0.103147 
1338.655712 0.102015 
1339.620161 0.100859 
1340.584610 0.100273 
1341.549060 0.099985 
1342.513509 0.099773 
1343.477958 0.099605 
1344.442408 0.099802 
1345.406857 0.100332 
1346.371307 0.101217 
1347.335756 0.102537 
1348.300205 0.104244 
1349.264655 0.106260 
1350.229104 0.108583 
1351.193553 0.110890 
1352.158003 0.113468 
1353.122452 0.116394 
1354.086901 0.119989 
1355.051351 0.124789 
1356.015800 0.130050 
1356.980250 0.133718 
1357.944699 0.134962 
1358.909148 0.134696 
1359.873598 0.134831 
1360.838047 0.136403 
1361.802496 0.138922 
1362.766946 0.141026 
1363.731395 0.142799 
1364.695844 0.143631 
1365.660294 0.144317 
1366.624743 0.145263 
1367.589192 0.146591 
1368.553642 0.148520 
1369.518091 0.151236 
1370.482541 0.153905 
1371.446990 0.156398 
1372.411439 0.158237 
1373.375889 0.159831 
1374.340338 0.161795 
1375.304787 0.165011 
1376.269237 0.169268 
1377.233686 0.173935 
1378.198135 0.176608 
1379.162585 0.174002 
1380.127034 0.165879 
1381.091484 0.155550 
1382.055933 0.145089 
1383.020382 0.135857 
1383.984832 0.128177 
1384.949281 0.122020 
1385.913730 0.117124 
1386.878180 0.113088 
1387.842629 0.109161 
1388.807078 0.107074 
1389.771528 0.105785 
1390.735977 0.104520 
1391.700426 0.103590 
1392.664876 0.102931 
1393.629325 0.102447 
1394.593775 0.101858 
1395.558224 0.101427 
1396.522673 0.101234 
1397.487123 0.101026 
1398.451572 0.100742 
1399.416021 0.100363 
1400.380471 0.100151 
1401.344920 0.100195 
1402.309369 0.100132 
1403.273819 0.100008 
1404.238268 0.099872 
1405.202718 0.099909 
1406.167167 0.100270 
1407.131616 0.100741 
1408.096066 0.101117 
1409.060515 0.101718 
1410.024964 0.102445 
1410.989414 0.102960 
1411.953863 0.102937 
1412.918312 0.102619 
1413.882762 0.102083 
1414.847211 0.101538 
1415.811660 0.100833 
1416.776110 0.100198 
1417.740559 0.099710 
1418.705009 0.099540 
1419.669458 0.099051 
1420.633907 0.099356 
1421.598357 0.099779 
1422.562806 0.100170 
1423.527255 0.100508 
1424.491705 0.101037 
1425.456154 0.101809 
1426.420603 0.102967 
1427.385053 0.104477 
1428.349502 0.106450 
1429.313952 0.108984 
1430.278401 0.113962 
1431.242850 0.119485 
1432.207300 0.125135 
1433.171749 0.128764 
1434.136198 0.127930 
1435.100648 0.124139 
1436.065097 0.120441 
1437.029546 0.115153 
1437.993996 0.113302 
1438.958445 0.112786 
1439.922894 0.112332 
1440.887344 0.112232 
1441.851793 0.112754 
1442.816243 0.113962 
1443.780692 0.115897 
1444.745141 0.118324 
1445.709591 0.121567 
1446.674040 0.125033 
1447.638489 0.129800 
1448.602939 0.137059 
1449.567388 0.142714 
1450.531837 0.147049 
1451.496287 0.150268 
1452.460736 0.154898 
1453.425186 0.161399 
1454.389635 0.169664 
1455.354084 0.179249 
1456.318534 0.187721 
1457.282983 0.193473 
1458.247432 0.193732 
1459.211882 0.190956 
1460.176331 0.190541 
1461.140780 0.191455 
1462.105230 0.194771 
1463.069679 0.199820 
1464.034128 0.206846 
1464.998578 0.219101 
1465.963027 0.226558 
1466.927477 0.218989 
1467.891926 0.202863 
1468.856375 0.185319 
1469.820825 0.171684 
1470.785274 0.161324 
1471.749723 0.152379 
1472.714173 0.141809 
1473.678622 0.135420 
1474.643071 0.130678 
1475.607521 0.128214 
1476.571970 0.124386 
1477.536420 0.122784 
1478.500869 0.122597 
1479.465318 0.123089 
1480.429768 0.123741 
1481.394217 0.124534 
1482.358666 0.125028 
1483.323116 0.125658 
1484.287565 0.125796 
1485.252014 0.124868 
1486.216464 0.122518 
1487.180913 0.118584 
1488.145362 0.113908 
1489.109812 0.111151 
1490.074261 0.107476 
1491.038711 0.105408 
1492.003160 0.104699 
1492.967609 0.104469 
1493.932059 0.103935 
1494.896508 0.103629 
1495.860957 0.103321 
1496.825407 0.103344 
1497.789856 0.103580 
1498.754305 0.104092 
1499.718755 0.104130 
1500.683204 0.104781 
1501.647654 0.105312 
1502.612103 0.106007 
1503.576552 0.106535 
1504.541002 0.107133 
1505.505451 0.107194 
1506.469900 0.106916 
1507.434350 0.107391 
1508.398799 0.109133 
1509.363248 0.110251 
1510.327698 0.111425 
1511.292147 0.112026 
1512.256596 0.113023 
1513.221046 0.113850 
1514.185495 0.114546 
1515.149945 0.114939 
1516.114394 0.115259 
1517.078843 0.115723 
1518.043293 0.117288 
1519.007742 0.117962 
1519.972191 0.118522 
1520.936641 0.118931 
1521.901090 0.119814 
1522.865539 0.120811 
1523.829989 0.121564 
1524.794438 0.122178 
1525.758888 0.123288 
1526.723337 0.124107 
1527.687786 0.125286 
1528.652236 0.126621 
1529.616685 0.128132 
1530.581134 0.129381 
1531.545584 0.130923 
1532.510033 0.132038 
1533.474482 0.134071 
1534.438932 0.136672 
1535.403381 0.138701 
1536.367830 0.140789 
1537.332280 0.142764 
1538.296729 0.144196 
1539.261179 0.146876 
1540.225628 0.150043 
1541.190077 0.151937 
1542.154527 0.154123 
1543.118976 0.156778 
1544.083425 0.158167 
1545.047875 0.160233 
1546.012324 0.161946 
1546.976773 0.163222 
1547.941223 0.164022 
1548.905672 0.164398 
1549.870122 0.164493 
1550.834571 0.164511 
1551.799020 0.164271 
1552.763470 0.163782 
1553.727919 0.163025 
1554.692368 0.161545 
1555.656818 0.159883 
1556.621267 0.159167 
1557.585716 0.158290 
1558.550166 0.155250 
1559.514615 0.151916 
1560.479064 0.149341 
1561.443514 0.147900 
1562.407963 0.146564 
1563.372413 0.144699 
1564.336862 0.143002 
1565.301311 0.140715 
1566.265761 0.138986 
1567.230210 0.137588 
1568.194659 0.136309 
1569.159109 0.135274 
1570.123558 0.133566 
1571.088007 0.132590 
1572.052457 0.132083 
1573.016906 0.131436 
1573.981356 0.130860 
1574.945805 0.130421 
1575.910254 0.130472 
1576.874704 0.129529 
1577.839153 0.129270 
1578.803602 0.129270 
1579.768052 0.129198 
1580.732501 0.128944 
1581.696950 0.128599 
1582.661400 0.128138 
1583.625849 0.127734 
1584.590298 0.127187 
1585.554748 0.126473 
1586.519197 0.125582 
1587.483647 0.124610 
1588.448096 0.123482 
1589.412545 0.122319 
1590.376995 0.120985 
1591.341444 0.119641 
1592.305893 0.118213 
1593.270343 0.116812 
1594.234792 0.115262 
1595.199241 0.113676 
1596.163691 0.112202 
1597.128140 0.110766 
1598.092590 0.109397 
1599.057039 0.108050 
1600.021488 0.106625 
1600.985938 0.105314 
1601.950387 0.104069 
1602.914836 0.103010 
1603.879286 0.101922 
1604.843735 0.101095 
1605.808184 0.100265 
1606.772634 0.099391 
1607.737083 0.098548 
1608.701532 0.097991 
1609.665982 0.097417 
1610.630431 0.096840 
1611.594881 0.096374 
1612.559330 0.095920 
1613.523779 0.095525 
1614.488229 0.095169 
1615.452678 0.094880 
1616.417127 0.094673 
1617.381577 0.093801 
1618.346026 0.093603 
1619.310475 0.093460 
1620.274925 0.093228 
1621.239374 0.093056 
1622.203824 0.092841 
1623.168273 0.092567 
1624.132722 0.091840 
1625.097172 0.091689 
1626.061621 0.091684 
1627.026070 0.091559 
1627.990520 0.091262 
1628.954969 0.090948 
1629.919418 0.091045 
1630.883868 0.090973 
1631.848317 0.090787 
1632.812766 0.090606 
1633.777216 0.090486 
1634.741665 0.090309 
1635.706115 0.089541 
1636.670564 0.089377 
1637.635013 0.089823 
1638.599463 0.089948 
1639.563912 0.090054 
1640.528361 0.089930 
1641.492811 0.089896 
1642.457260 0.089922 
1643.421709 0.089932 
1644.386159 0.089830 
1645.350608 0.089775 
1646.315058 0.089177 
1647.279507 0.088851 
1648.243956 0.089104 
1649.208406 0.089297 
1650.172855 0.089548 
1651.137304 0.089569 
1652.101754 0.089361 
1653.066203 0.086717 
1654.030652 0.087321 
1654.995102 0.088644 
1655.959551 0.089064 
1656.924000 0.089225 
1657.888450 0.089186 
1658.852899 0.089205 
1659.817349 0.089143 
1660.781798 0.089020 
1661.746247 0.088869 
1662.710697 0.088891 
1663.675146 0.088650 
1664.639595 0.088688 
1665.604045 0.088689 
1666.568494 0.088600 
1667.532943 0.088430 
1668.497393 0.088260 
1669.461842 0.088018 
1670.426292 0.087828 
1671.390741 0.088063 
1672.355190 0.087992 
1673.319640 0.087841 
1674.284089 0.087749 
1675.248538 0.087779 
1676.212988 0.087542 
1677.177437 0.087681 
1678.141886 0.087635 
1679.106336 0.087405 
1680.070785 0.087260 
1681.035234 0.087081 
1681.999684 0.087099 
1682.964133 0.086890 
1683.928583 0.085738 
1684.893032 0.085726 
1685.857481 0.086646 
1686.821931 0.086905 
1687.786380 0.087029 
1688.750829 0.086847 
1689.715279 0.086778 
1690.679728 0.086839 
1691.644177 0.086921 
1692.608627 0.086971 
1693.573076 0.086783 
1694.537526 0.086533 
1695.501975 0.086335 
1696.466424 0.085771 
1697.430874 0.086078 
1698.395323 0.086291 
1699.359772 0.086309 
1700.324222 0.085909 
1701.288671 0.085869 
1702.253120 0.086371 
1703.217570 0.086645 
1704.182019 0.086922 
1705.146468 0.086925 
1706.110918 0.087079 
1707.075367 0.087285 
1708.039817 0.087568 
1709.004266 0.087914 
1709.968715 0.088112 
1710.933165 0.088099 
1711.897614 0.088130 
1712.862063 0.088206 
1713.826513 0.088205 
1714.790962 0.088240 
1715.755411 0.087940 
1716.719861 0.087789 
1717.684310 0.087118 
1718.648760 0.086936 
1719.613209 0.087586 
1720.577658 0.087997 
1721.542108 0.088177 
1722.506557 0.088140 
1723.471006 0.088199 
1724.435456 0.088368 
1725.399905 0.088747 
1726.364354 0.089099 
1727.328804 0.089437 
1728.293253 0.089782 
1729.257702 0.090208 
1730.222152 0.090516 
1731.186601 0.090646 
1732.151051 0.090782 
1733.115500 0.090707 
1734.079949 0.089981 
1735.044399 0.089596 
1736.008848 0.089807 
1736.973297 0.089943 
1737.937747 0.089720 
1738.902196 0.089528 
1739.866645 0.089205 
1740.831095 0.088678 
1741.795544 0.088546 
1742.759994 0.088313 
1743.724443 0.087720 
1744.688892 0.087476 
1745.653342 0.087406 
1746.617791 0.087162 
1747.582240 0.086776 
1748.546690 0.086596 
1749.511139 0.086281 
1750.475588 0.086182 
1751.440038 0.086045 
1752.404487 0.085684 
1753.368936 0.085884 
1754.333386 0.085970 
1755.297835 0.085892 
1756.262285 0.085727 
1757.226734 0.085473 
1758.191183 0.085357 
1759.155633 0.085542 
1760.120082 0.085452 
1761.084531 0.085376 
1762.048981 0.085233 
1763.013430 0.085154 
1763.977879 0.085272 
1764.942329 0.085289 
1765.906778 0.085245 
1766.871228 0.085105 
1767.835677 0.085021 
1768.800126 0.084812 
1769.764576 0.084774 
1770.729025 0.084969 
1771.693474 0.084776 
1772.657924 0.084758 
1773.622373 0.084657 
1774.586822 0.084807 
1775.551272 0.084965 
1776.515721 0.084940 
1777.480170 0.085010 
1778.444620 0.085134 
1779.409069 0.085091 
1780.373519 0.085118 
1781.337968 0.085098 
1782.302417 0.085223 
1783.266867 0.085330 
1784.231316 0.085407 
1785.195765 0.085477 
1786.160215 0.085469 
1787.124664 0.085631 
1788.089113 0.085744 
1789.053563 0.085710 
1790.018012 0.085629 
1790.982462 0.085565 
1791.946911 0.085511 
1792.911360 0.085660 
1793.875810 0.085523 
1794.840259 0.085729 
1795.804708 0.085962 
1796.769158 0.086077 
1797.733607 0.086073 
1798.698056 0.086124 
1799.662506 0.086216 
1800.626955 0.086035 
1801.591404 0.086098 
1802.555854 0.086267 
1803.520303 0.086336 
1804.484753 0.086396 
1805.449202 0.086386 
1806.413651 0.086423 
1807.378101 0.086525 
1808.342550 0.086517 
1809.306999 0.086428 
1810.271449 0.086448 
1811.235898 0.086318 
1812.200347 0.086354 
1813.164797 0.086470 
1814.129246 0.086496 
1815.093696 0.086591 
1816.058145 0.086676 
1817.022594 0.086772 
1817.987044 0.086757 
1818.951493 0.086736 
1819.915942 0.086764 
1820.880392 0.086813 
1821.844841 0.086788 
1822.809290 0.086689 
1823.773740 0.086519 
1824.738189 0.086659 
1825.702638 0.086675 
1826.667088 0.086594 
1827.631537 0.086661 
1828.595987 0.086599 
1829.560436 0.086635 
1830.524885 0.086513 
1831.489335 0.086570 
1832.453784 0.086779 
1833.418233 0.086853 
1834.382683 0.086887 
1835.347132 0.086841 
1836.311581 0.086823 
1837.276031 0.086952 
1838.240480 0.086989 
1839.204930 0.087004 
1840.169379 0.086976 
1841.133828 0.086975 
1842.098278 0.086949 
1843.062727 0.086838 
1844.027176 0.087105 
1844.991626 0.086905 
1845.956075 0.086863 
1846.920524 0.086995 
1847.884974 0.087057 
1848.849423 0.087092 
1849.813872 0.087266 
1850.778322 0.087357 
1851.742771 0.087329 
1852.707221 0.087309 
1853.671670 0.087356 
1854.636119 0.087425 
1855.600569 0.087446 
1856.565018 0.087437 
1857.529467 0.087429 
1858.493917 0.087440 
1859.458366 0.087412 
1860.422815 0.087341 
1861.387265 0.087302 
1862.351714 0.087252 
1863.316164 0.087253 
1864.280613 0.087212 
1865.245062 0.087119 
1866.209512 0.086983 
1867.173961 0.086849 
1868.138410 0.086718 
1869.102860 0.086710 
1870.067309 0.086744 
1871.031758 0.086789 
1871.996208 0.086816 
1872.960657 0.086729 
1873.925106 0.086748 
1874.889556 0.086793 
1875.854005 0.086781 
1876.818455 0.086698 
1877.782904 0.086724 
1878.747353 0.086761 
1879.711803 0.086803 
1880.676252 0.086817 
1881.640701 0.086837 
1882.605151 0.086890 
1883.569600 0.086940 
1884.534049 0.086935 
1885.498499 0.086947 
1886.462948 0.086976 
1887.427398 0.086979 
1888.391847 0.086919 
1889.356296 0.087074 
1890.320746 0.087045 
1891.285195 0.087108 
1892.249644 0.087238 
1893.214094 0.087228 
1894.178543 0.087197 
1895.142992 0.087286 
1896.107442 0.087338 
1897.071891 0.087416 
1898.036340 0.087520 
1899.000790 0.087595 
1899.965239 0.087641 
1900.929689 0.087609 
1901.894138 0.087623 
1902.858587 0.087731 
1903.823037 0.087819 
1904.787486 0.087807 
1905.751935 0.087808 
1906.716385 0.087790 
1907.680834 0.087863 
1908.645283 0.087832 
1909.609733 0.087824 
1910.574182 0.087776 
1911.538632 0.087846 
1912.503081 0.087937 
1913.467530 0.088018 
1914.431980 0.088119 
1915.396429 0.088177 
1916.360878 0.088124 
1917.325328 0.088142 
1918.289777 0.088214 
1919.254226 0.088129 
1920.218676 0.088307 
1921.183125 0.088319 
1922.147574 0.088366 
1923.112024 0.088411 
1924.076473 0.088481 
1925.040923 0.088611 
1926.005372 0.088715 
1926.969821 0.088783 
1927.934271 0.088879 
1928.898720 0.088926 
1929.863169 0.088974 
1930.827619 0.088974 
1931.792068 0.089038 
1932.756517 0.089111 
1933.720967 0.089143 
1934.685416 0.089112 
1935.649866 0.089150 
1936.614315 0.089204 
1937.578764 0.089243 
1938.543214 0.089185 
1939.507663 0.089208 
1940.472112 0.089256 
1941.436562 0.089257 
1942.401011 0.089308 
1943.365460 0.089199 
1944.329910 0.089271 
1945.294359 0.089408 
1946.258808 0.089361 
1947.223258 0.089388 
1948.187707 0.089522 
1949.152157 0.089950 
1950.116606 0.090133 
1951.081055 0.089767 
1952.045505 0.089488 
1953.009954 0.089477 
1953.974403 0.089452 
1954.938853 0.089503 
1955.903302 0.089651 
1956.867751 0.090296 
1957.832201 0.092923 
1958.796650 0.096256 
1959.761100 0.094027 
1960.725549 0.090571 
1961.689998 0.089655 
1962.654448 0.089468 
1963.618897 0.089414 
1964.583346 0.089387 
1965.547796 0.089343 
1966.512245 0.089260 
1967.476694 0.089242 
1968.441144 0.089205 
1969.405593 0.089247 
1970.370042 0.089223 
1971.334492 0.089186 
1972.298941 0.089187 
1973.263391 0.089212 
1974.227840 0.089216 
1975.192289 0.089167 
1976.156739 0.089090 
1977.121188 0.089053 
1978.085637 0.089050 
1979.050087 0.089071 
1980.014536 0.089075 
1980.978985 0.089047 
1981.943435 0.089042 
1982.907884 0.089065 
1983.872334 0.089018 
1984.836783 0.088931 
1985.801232 0.088973 
1986.765682 0.089037 
1987.730131 0.089012 
1988.694580 0.088987 
1989.659030 0.089003 
1990.623479 0.089032 
1991.587928 0.089144 
1992.552378 0.089147 
1993.516827 0.089158 
1994.481276 0.089291 
1995.445726 0.089353 
1996.410175 0.089375 
1997.374625 0.089369 
1998.339074 0.089420 
1999.303523 0.089465 
2000.267973 0.089497 
2001.232422 0.089488 
2002.196871 0.089485 
2003.161321 0.089548 
2004.125770 0.089611 
2005.090219 0.089603 
2006.054669 0.089600 
2007.019118 0.089658 
2007.983568 0.089679 
2008.948017 0.089695 
2009.912466 0.089723 
2010.876916 0.089731 
2011.841365 0.089784 
2012.805814 0.089819 
2013.770264 0.089843 
2014.734713 0.089861 
2015.699162 0.089870 
2016.663612 0.089969 
2017.628061 0.090007 
2018.592510 0.090128 
2019.556960 0.090220 
2020.521409 0.090162 
2021.485859 0.090131 
2022.450308 0.090173 
2023.414757 0.090320 
2024.379207 0.090447 
2025.343656 0.090494 
2026.308105 0.090618 
2027.272555 0.091029 
2028.237004 0.092058 
2029.201453 0.092631 
2030.165903 0.091713 
2031.130352 0.091067 
2032.094802 0.091048 
2033.059251 0.091106 
2034.023700 0.091102 
2034.988150 0.091116 
2035.952599 0.091116 
2036.917048 0.091138 
2037.881498 0.091131 
2038.845947 0.091152 
2039.810396 0.091158 
2040.774846 0.091176 
2041.739295 0.091138 
2042.703744 0.091137 
2043.668194 0.091224 
2044.632643 0.091258 
2045.597093 0.091278 
2046.561542 0.091302 
2047.525991 0.091315 
2048.490441 0.091426 
2049.454890 0.091474 
2050.419339 0.091476 
2051.383789 0.091508 
2052.348238 0.091547 
2053.312687 0.091564 
2054.277137 0.091557 
2055.241586 0.091543 
2056.206036 0.091567 
2057.170485 0.091617 
2058.134934 0.091614 
2059.099384 0.091576 
2060.063833 0.091636 
2061.028282 0.091664 
2061.992732 0.091658 
2062.957181 0.091681 
2063.921630 0.091712 
2064.886080 0.091763 
2065.850529 0.091729 
2066.814978 0.091712 
2067.779428 0.091751 
2068.743877 0.091806 
2069.708327 0.091845 
2070.672776 0.091838 
2071.637225 0.091822 
2072.601675 0.091883 
2073.566124 0.092002 
2074.530573 0.092045 
2075.495023 0.092051 
2076.459472 0.092074 
2077.423921 0.092125 
2078.388371 0.092139 
2079.352820 0.092133 
2080.317270 0.092107 
2081.281719 0.092120 
2082.246168 0.092094 
2083.210618 0.092032 
2084.175067 0.091962 
2085.139516 0.091953 
2086.103966 0.091960 
2087.068415 0.091907 
2088.032864 0.091852 
2088.997314 0.091817 
2089.961763 0.091834 
2090.926212 0.091842 
2091.890662 0.091791 
2092.855111 0.091791 
2093.819561 0.091842 
2094.784010 0.091864 
2095.748459 0.091814 
2096.712909 0.091785 
2097.677358 0.091800 
2098.641807 0.091786 
2099.606257 0.091748 
2100.570706 0.091677 
2101.535155 0.091592 
2102.499605 0.091562 
2103.464054 0.091533 
2104.428504 0.091493 
2105.392953 0.091470 
2106.357402 0.091460 
2107.321852 0.091419 
2108.286301 0.091343 
2109.250750 0.091263 
2110.215200 0.091229 
2111.179649 0.091241 
2112.144098 0.091225 
2113.108548 0.091175 
2114.072997 0.091182 
2115.037446 0.091241 
2116.001896 0.091222 
2116.966345 0.091142 
2117.930795 0.091127 
2118.895244 0.091159 
2119.859693 0.091166 
2120.824143 0.091106 
2121.788592 0.091077 
2122.753041 0.091079 
2123.717491 0.091095 
2124.681940 0.091062 
2125.646389 0.091033 
2126.610839 0.091035 
2127.575288 0.091047 
2128.539738 0.091065 
2129.504187 0.091069 
2130.468636 0.091051 
2131.433086 0.091097 
2132.397535 0.091115 
2133.361984 0.091138 
2134.326434 0.091147 
2135.290883 0.091158 
2136.255332 0.091166 
2137.219782 0.091168 
2138.184231 0.091131 
2139.148680 0.091133 
2140.113130 0.091149 
2141.077579 0.091144 
2142.042029 0.091149 
2143.006478 0.091134 
2143.970927 0.091122 
2144.935377 0.091139 
2145.899826 0.091111 
2146.864275 0.091130 
2147.828725 0.091198 
2148.793174 0.091209 
2149.757623 0.091158 
2150.722073 0.091192 
2151.686522 0.091269 
2152.650972 0.091301 
2153.615421 0.091306 
2154.579870 0.091347 
2155.544320 0.091377 
2156.508769 0.091402 
2157.473218 0.091451 
2158.437668 0.091491 
2159.402117 0.091514 
2160.366566 0.091570 
2161.331016 0.091615 
2162.295465 0.091638 
2163.259914 0.091694 
2164.224364 0.091759 
2165.188813 0.091806 
2166.153263 0.091806 
2167.117712 0.091816 
2168.082161 0.091862 
2169.046611 0.091847 
2170.011060 0.091831 
2170.975509 0.091880 
2171.939959 0.091986 
2172.904408 0.092006 
2173.868857 0.091984 
2174.833307 0.091976 
2175.797756 0.091959 
2176.762206 0.091932 
2177.726655 0.091961 
2178.691104 0.091953 
2179.655554 0.091946 
2180.620003 0.091936 
2181.584452 0.091962 
2182.548902 0.091974 
2183.513351 0.091937 
2184.477800 0.091942 
2185.442250 0.091992 
2186.406699 0.092000 
2187.371148 0.091985 
2188.335598 0.092007 
2189.300047 0.092084 
2190.264497 0.092049 
2191.228946 0.091987 
2192.193395 0.092007 
2193.157845 0.092076 
2194.122294 0.092062 
2195.086743 0.092030 
2196.051193 0.092065 
2197.015642 0.092141 
2197.980091 0.092116 
2198.944541 0.092075 
2199.908990 0.092071 
2200.873440 0.092146 
2201.837889 0.092217 
2202.802338 0.092206 
2203.766788 0.092145 
2204.731237 0.092134 
2205.695686 0.092152 
2206.660136 0.092177 
2207.624585 0.092162 
2208.589034 0.092180 
2209.553484 0.092197 
2210.517933 0.092196 
2211.482382 0.092204 
2212.446832 0.092233 
2213.411281 0.092278 
2214.375731 0.092296 
2215.340180 0.092309 
2216.304629 0.092313 
2217.269079 0.092273 
2218.233528 0.092296 
2219.197977 0.092332 
2220.162427 0.092336 
2221.126876 0.092368 
2222.091325 0.092428 
2223.055775 0.092426 
2224.020224 0.092414 
2224.984674 0.092381 
2225.949123 0.092413 
2226.913572 0.092489 
2227.878022 0.092517 
2228.842471 0.092517 
2229.806920 0.092523 
2230.771370 0.092526 
2231.735819 0.092621 
2232.700268 0.092634 
2233.664718 0.092631 
2234.629167 0.092689 
2235.593616 0.092789 
2236.558066 0.092826 
2237.522515 0.092837 
2238.486965 0.092877 
2239.451414 0.092961 
2240.415863 0.093028 
2241.380313 0.093112 
2242.344762 0.093143 
2243.309211 0.093186 
2244.273661 0.093272 
2245.238110 0.093345 
2246.202559 0.093390 
2247.167009 0.093481 
2248.131458 0.093550 
2249.095908 0.093627 
2250.060357 0.093656 
2251.024806 0.093728 
2251.989256 0.093833 
2252.953705 0.093951 
2253.918154 0.093986 
2254.882604 0.094037 
2255.847053 0.094118 
2256.811502 0.094238 
2257.775952 0.094323 
2258.740401 0.094403 
2259.704850 0.094486 
2260.669300 0.094593 
2261.633749 0.094639 
2262.598199 0.094770 
2263.562648 0.094873 
2264.527097 0.094924 
2265.491547 0.094956 
2266.455996 0.095081 
2267.420445 0.095200 
2268.384895 0.095291 
2269.349344 0.095340 
2270.313793 0.095390 
2271.278243 0.095501 
2272.242692 0.095618 
2273.207142 0.095686 
2274.171591 0.095796 
2275.136040 0.095889 
2276.100490 0.096009 
2277.064939 0.096089 
2278.029388 0.096164 
2278.993838 0.096214 
2279.958287 0.096333 
2280.922736 0.096408 
2281.887186 0.096451 
2282.851635 0.096460 
2283.816084 0.096571 
2284.780534 0.096618 
2285.744983 0.096625 
2286.709433 0.096571 
2287.673882 0.096559 
2288.638331 0.096539 
2289.602781 0.096565 
2290.567230 0.096476 
2291.531679 0.096422 
2292.496129 0.096332 
2293.460578 0.096288 
2294.425027 0.096176 
2295.389477 0.096166 
2296.353926 0.096090 
2297.318376 0.096070 
2298.282825 0.095938 
2299.247274 0.095796 
2300.211724 0.095638 
2301.176173 0.095605 
2302.140622 0.095541 
2303.105072 0.095386 
2304.069521 0.095248 
2305.033970 0.095271 
2305.998420 0.095087 
2306.962869 0.094965 
2307.927318 0.094674 
2308.891768 0.094628 
2309.856217 0.094329 
2310.820667 0.094426 
2311.785116 0.094069 
2312.749565 0.094090 
2313.714015 0.093842 
2314.678464 0.093989 
2315.642913 0.093718 
2316.607363 0.093634 
2317.571812 0.093352 
2318.536261 0.093241 
2319.500711 0.092904 
2320.465160 0.092663 
2321.429610 0.092466 
2322.394059 0.092283 
2323.358508 0.092121 
2324.322958 0.092022 
2325.287407 0.092125 
2326.251856 0.092091 
2327.216306 0.091917 
2328.180755 0.091587 
2329.145204 0.091492 
2330.109654 0.091372 
2331.074103 0.091367 
2332.038552 0.091336 
2333.003002 0.091482 
2333.967451 0.091567 
2334.931901 0.091724 
2335.896350 0.091551 
2336.860799 0.091440 
2337.825249 0.091348 
2338.789698 0.091254 
2339.754147 0.090998 
2340.718597 0.090832 
2341.683046 0.090696 
2342.647495 0.090668 
2343.611945 0.090715 
2344.576394 0.090783 
2345.540844 0.090895 
2346.505293 0.091454 
2347.469742 0.092157 
2348.434192 0.092677 
2349.398641 0.092632 
2350.363090 0.092113 
2351.327540 0.091443 
2352.291989 0.090964 
2353.256438 0.090547 
2354.220888 0.090096 
2355.185337 0.089708 
2356.149786 0.089372 
2357.114236 0.088996 
2358.078685 0.088827 
2359.043135 0.088797 
2360.007584 0.088774 
2360.972033 0.088901 
2361.936483 0.088956 
2362.900932 0.089045 
2363.865381 0.089330 
2364.829831 0.089601 
2365.794280 0.089739 
2366.758729 0.089953 
2367.723179 0.090470 
2368.687628 0.090919 
2369.652078 0.091352 
2370.616527 0.091670 
2371.580976 0.092144 
2372.545426 0.092608 
2373.509875 0.092972 
2374.474324 0.093214 
2375.438774 0.093581 
2376.403223 0.093910 
2377.367672 0.094225 
2378.332122 0.094575 
2379.296571 0.094952 
2380.261020 0.095236 
2381.225470 0.095493 
2382.189919 0.095737 
2383.154369 0.096053 
2384.118818 0.096307 
2385.083267 0.096487 
2386.047717 0.096530 
2387.012166 0.096612 
2387.976615 0.096724 
2388.941065 0.096821 
2389.905514 0.096793 
2390.869963 0.096794 
2391.834413 0.096848 
2392.798862 0.096901 
2393.763312 0.096886 
2394.727761 0.096871 
2395.692210 0.096788 
2396.656660 0.096776 
2397.621109 0.096801 
2398.585558 0.096816 
2399.550008 0.096778 
2400.514457 0.096740 
2401.478906 0.096713 
2402.443356 0.096715 
2403.407805 0.096684 
2404.372254 0.096661 
2405.336704 0.096652 
2406.301153 0.096623 
2407.265603 0.096535 
2408.230052 0.096575 
2409.194501 0.096587 
2410.158951 0.096593 
2411.123400 0.096583 
2412.087849 0.096646 
2413.052299 0.096668 
2414.016748 0.096638 
2414.981197 0.096612 
2415.945647 0.096639 
2416.910096 0.096670 
2417.874546 0.096655 
2418.838995 0.096574 
2419.803444 0.096520 
2420.767894 0.096493 
2421.732343 0.096548 
2422.696792 0.096553 
2423.661242 0.096509 
2424.625691 0.096504 
2425.590140 0.096485 
2426.554590 0.096437 
2427.519039 0.096448 
2428.483488 0.096476 
2429.447938 0.096502 
2430.412387 0.096472 
2431.376837 0.096467 
2432.341286 0.096468 
2433.305735 0.096498 
2434.270185 0.096462 
2435.234634 0.096427 
2436.199083 0.096429 
2437.163533 0.096464 
2438.127982 0.096477 
2439.092431 0.096445 
2440.056881 0.096391 
2441.021330 0.096366 
2441.985780 0.096370 
2442.950229 0.096368 
2443.914678 0.096316 
2444.879128 0.096328 
2445.843577 0.096321 
2446.808026 0.096265 
2447.772476 0.096220 
2448.736925 0.096256 
2449.701374 0.096337 
2450.665824 0.096345 
2451.630273 0.096244 
2452.594722 0.096210 
2453.559172 0.096225 
2454.523621 0.096269 
2455.488071 0.096290 
2456.452520 0.096285 
2457.416969 0.096287 
2458.381419 0.096297 
2459.345868 0.096276 
2460.310317 0.096289 
2461.274767 0.096326 
2462.239216 0.096332 
2463.203665 0.096336 
2464.168115 0.096350 
2465.132564 0.096327 
2466.097014 0.096336 
2467.061463 0.096329 
2468.025912 0.096325 
2468.990362 0.096332 
2469.954811 0.096366 
2470.919260 0.096396 
2471.883710 0.096424 
2472.848159 0.096461 
2473.812608 0.096502 
2474.777058 0.096474 
2475.741507 0.096462 
2476.705956 0.096444 
2477.670406 0.096430 
2478.634855 0.096461 
2479.599305 0.096526 
2480.563754 0.096549 
2481.528203 0.096564 
2482.492653 0.096588 
2483.457102 0.096629 
2484.421551 0.096634 
2485.386001 0.096609 
2486.350450 0.096640 
2487.314899 0.096726 
2488.279349 0.096748 
2489.243798 0.096756 
2490.208248 0.096793 
2491.172697 0.096826 
2492.137146 0.096873 
2493.101596 0.096954 
2494.066045 0.096955 
2495.030494 0.096925 
2495.994944 0.096944 
2496.959393 0.096986 
2497.923842 0.097003 
2498.888292 0.096993 
2499.852741 0.097003 
2500.817190 0.097043 
2501.781640 0.097063 
2502.746089 0.097158 
2503.710539 0.097200 
2504.674988 0.097221 
2505.639437 0.097185 
2506.603887 0.097197 
2507.568336 0.097223 
2508.532785 0.097227 
2509.497235 0.097230 
2510.461684 0.097259 
2511.426133 0.097314 
2512.390583 0.097364 
2513.355032 0.097349 
2514.319482 0.097374 
2515.283931 0.097385 
2516.248380 0.097420 
2517.212830 0.097477 
2518.177279 0.097543 
2519.141728 0.097580 
2520.106178 0.097607 
2521.070627 0.097596 
2522.035076 0.097620 
2522.999526 0.097669 
2523.963975 0.097724 
2524.928424 0.097728 
2525.892874 0.097713 
2526.857323 0.097643 
2527.821773 0.097655 
2528.786222 0.097716 
2529.750671 0.097725 
2530.715121 0.097690 
2531.679570 0.097735 
2532.644019 0.097802 
2533.608469 0.097822 
2534.572918 0.097814 
2535.537367 0.097874 
2536.501817 0.097904 
2537.466266 0.097886 
2538.430716 0.097867 
2539.395165 0.097940 
2540.359614 0.097996 
2541.324064 0.098048 
2542.288513 0.098060 
2543.252962 0.098060 
2544.217412 0.098089 
2545.181861 0.098140 
2546.146310 0.098158 
2547.110760 0.098210 
2548.075209 0.098240 
2549.039658 0.098284 
2550.004108 0.098313 
2550.968557 0.098376 
2551.933007 0.098423 
2552.897456 0.098482 
2553.861905 0.098514 
2554.826355 0.098578 
2555.790804 0.098648 
2556.755253 0.098722 
2557.719703 0.098794 
2558.684152 0.098839 
2559.648601 0.098870 
2560.613051 0.098967 
2561.577500 0.099027 
2562.541950 0.099058 
2563.506399 0.099082 
2564.470848 0.099148 
2565.435298 0.099264 
2566.399747 0.099420 
2567.364196 0.099536 
2568.328646 0.099642 
2569.293095 0.099750 
2570.257544 0.099899 
2571.221994 0.100057 
2572.186443 0.100237 
2573.150892 0.100400 
2574.115342 0.100599 
2575.079791 0.100773 
2576.044241 0.100898 
2577.008690 0.101062 
2577.973139 0.101337 
2578.937589 0.101516 
2579.902038 0.101652 
2580.866487 0.101803 
2581.830937 0.102004 
2582.795386 0.102151 
2583.759835 0.102233 
2584.724285 0.102263 
2585.688734 0.102325 
2586.653184 0.102378 
2587.617633 0.102462 
2588.582082 0.102565 
2589.546532 0.102591 
2590.510981 0.102607 
2591.475430 0.102688 
2592.439880 0.102709 
2593.404329 0.102678 
2594.368778 0.102679 
2595.333228 0.102715 
2596.297677 0.102672 
2597.262126 0.102626 
2598.226576 0.102605 
2599.191025 0.102600 
2600.155475 0.102597 
2601.119924 0.102611 
2602.084373 0.102613 
2603.048823 0.102611 
2604.013272 0.102560 
2604.977721 0.102501 
2605.942171 0.102516 
2606.906620 0.102571 
2607.871069 0.102584 
2608.835519 0.102646 
2609.799968 0.102637 
2610.764418 0.102664 
2611.728867 0.102752 
2612.693316 0.102821 
2613.657766 0.102888 
2614.622215 0.102991 
2615.586664 0.103031 
2616.551114 0.103037 
2617.515563 0.103096 
2618.480012 0.103173 
2619.444462 0.103204 
2620.408911 0.103250 
2621.373360 0.103271 
2622.337810 0.103322 
2623.302259 0.103355 
2624.266709 0.103344 
2625.231158 0.103311 
2626.195607 0.103364 
2627.160057 0.103405 
2628.124506 0.103422 
2629.088955 0.103403 
2630.053405 0.103405 
2631.017854 0.103473 
2631.982303 0.103538 
2632.946753 0.103486 
2633.911202 0.103425 
2634.875652 0.103463 
2635.840101 0.103506 
2636.804550 0.103502 
2637.769000 0.103467 
2638.733449 0.103523 
2639.697898 0.103594 
2640.662348 0.103573 
2641.626797 0.103585 
2642.591246 0.103614 
2643.555696 0.103681 
2644.520145 0.103715 
2645.484594 0.103745 
2646.449044 0.103825 
2647.413493 0.103939 
2648.377943 0.104021 
2649.342392 0.104132 
2650.306841 0.104218 
2651.271291 0.104332 
2652.235740 0.104467 
2653.200189 0.104568 
2654.164639 0.104653 
2655.129088 0.104785 
2656.093537 0.104826 
2657.057987 0.104850 
2658.022436 0.104885 
2658.986886 0.104944 
2659.951335 0.105068 
2660.915784 0.105181 
2661.880234 0.105225 
2662.844683 0.105236 
2663.809132 0.105275 
2664.773582 0.105376 
2665.738031 0.105393 
2666.702480 0.105437 
2667.666930 0.105511 
2668.631379 0.105632 
2669.595828 0.105753 
2670.560278 0.105855 
2671.524727 0.105960 
2672.489177 0.106163 
2673.453626 0.106364 
2674.418075 0.106581 
2675.382525 0.106817 
2676.346974 0.107094 
2677.311423 0.107346 
2678.275873 0.107646 
2679.240322 0.107955 
2680.204771 0.108278 
2681.169221 0.108608 
2682.133670 0.108900 
2683.098120 0.109113 
2684.062569 0.109363 
2685.027018 0.109633 
2685.991468 0.109859 
2686.955917 0.110140 
2687.920366 0.110517 
2688.884816 0.110813 
2689.849265 0.111105 
2690.813714 0.111422 
2691.778164 0.111766 
2692.742613 0.112084 
2693.707062 0.112362 
2694.671512 0.112677 
2695.635961 0.113071 
2696.600411 0.113378 
2697.564860 0.113653 
2698.529309 0.113965 
2699.493759 0.114258 
2700.458208 0.114479 
2701.422657 0.114655 
2702.387107 0.114762 
2703.351556 0.114834 
2704.316005 0.114785 
2705.280455 0.114801 
2706.244904 0.114962 
2707.209354 0.115165 
2708.173803 0.115314 
2709.138252 0.115519 
2710.102702 0.115742 
2711.067151 0.116052 
2712.031600 0.116343 
2712.996050 0.116589 
2713.960499 0.116794 
2714.924948 0.116971 
2715.889398 0.117063 
2716.853847 0.117149 
2717.818296 0.117216 
2718.782746 0.117361 
2719.747195 0.117510 
2720.711645 0.117737 
2721.676094 0.118036 
2722.640543 0.118351 
2723.604993 0.118729 
2724.569442 0.119162 
2725.533891 0.119571 
2726.498341 0.120031 
2727.462790 0.120522 
2728.427239 0.121079 
2729.391689 0.121585 
2730.356138 0.122058 
2731.320588 0.122447 
2732.285037 0.122761 
2733.249486 0.122857 
2734.213936 0.122859 
2735.178385 0.122800 
2736.142834 0.122686 
2737.107284 0.122439 
2738.071733 0.122241 
2739.036182 0.122013 
2740.000632 0.121721 
2740.965081 0.121350 
2741.929530 0.120993 
2742.893980 0.120629 
2743.858429 0.120268 
2744.822879 0.119878 
2745.787328 0.119604 
2746.751777 0.119437 
2747.716227 0.119279 
2748.680676 0.119111 
2749.645125 0.119011 
2750.609575 0.118875 
2751.574024 0.118778 
2752.538473 0.118664 
2753.502923 0.118584 
2754.467372 0.118557 
2755.431822 0.118571 
2756.396271 0.118541 
2757.360720 0.118552 
2758.325170 0.118582 
2759.289619 0.118649 
2760.254068 0.118799 
2761.218518 0.119020 
2762.182967 0.119255 
2763.147416 0.119542 
2764.111866 0.119871 
2765.076315 0.120199 
2766.040764 0.120542 
2767.005214 0.121012 
2767.969663 0.121535 
2768.934113 0.122115 
2769.898562 0.122660 
2770.863011 0.123251 
2771.827461 0.123831 
2772.791910 0.124492 
2773.756359 0.125248 
2774.720809 0.126054 
2775.685258 0.126909 
2776.649707 0.127922 
2777.614157 0.129008 
2778.578606 0.130168 
2779.543056 0.131502 
2780.507505 0.133086 
2781.471954 0.134737 
2782.436404 0.136642 
2783.400853 0.138746 
2784.365302 0.141096 
2785.329752 0.143571 
2786.294201 0.146219 
2787.258650 0.148971 
2788.223100 0.151829 
2789.187549 0.154637 
2790.151998 0.157574 
2791.116448 0.160400 
2792.080897 0.163032 
2793.045347 0.165383 
2794.009796 0.167419 
2794.974245 0.168828 
2795.938695 0.169639 
2796.903144 0.169643 
2797.867593 0.168849 
2798.832043 0.167332 
2799.796492 0.165309 
2800.760941 0.162787 
2801.725391 0.160003 
2802.689840 0.157123 
2803.654290 0.154421 
2804.618739 0.151767 
2805.583188 0.149394 
2806.547638 0.147421 
2807.512087 0.145893 
2808.476536 0.144667 
2809.440986 0.143773 
2810.405435 0.143201 
2811.369884 0.142936 
2812.334334 0.142766 
2813.298783 0.142858 
2814.263232 0.143203 
2815.227682 0.143738 
2816.192131 0.144350 
2817.156581 0.145238 
2818.121030 0.146294 
2819.085479 0.147555 
2820.049929 0.149020 
2821.014378 0.150768 
2821.978827 0.152680 
2822.943277 0.154887 
2823.907726 0.157332 
2824.872175 0.160029 
2825.836625 0.162970 
2826.801074 0.166226 
2827.765524 0.169648 
2828.729973 0.173264 
2829.694422 0.176989 
2830.658872 0.180985 
2831.623321 0.185229 
2832.587770 0.189908 
2833.552220 0.194975 
2834.516669 0.200750 
2835.481118 0.207281 
2836.445568 0.214614 
2837.410017 0.222576 
2838.374466 0.231507 
2839.338916 0.241537 
2840.303365 0.252739 
2841.267815 0.264572 
2842.232264 0.277000 
2843.196713 0.289513 
2844.161163 0.302032 
2845.125612 0.314134 
2846.090061 0.326012 
2847.054511 0.337478 
2848.018960 0.349297 
2848.983409 0.361477 
2849.947859 0.374196 
2850.912308 0.386929 
2851.876758 0.399990 
2852.841207 0.412629 
2853.805656 0.424926 
2854.770106 0.436139 
2855.734555 0.446489 
2856.699004 0.455781 
2857.663454 0.464626 
2858.627903 0.472545 
2859.592352 0.480567 
2860.556802 0.488420 
2861.521251 0.496389 
2862.485700 0.503186 
2863.450150 0.508722 
2864.414599 0.511915 
2865.379049 0.513015 
2866.343498 0.511222 
2867.307947 0.507826 
2868.272397 0.502919 
2869.236846 0.498719 
2870.201295 0.496243 
2871.165745 0.497045 
2872.130194 0.499679 
2873.094643 0.501650 
2874.059093 0.497834 
2875.023542 0.485218 
2875.987992 0.462856 
2876.952441 0.434841 
2877.916890 0.405141 
2878.881340 0.377522 
2879.845789 0.352983 
2880.810238 0.332024 
2881.774688 0.314201 
2882.739137 0.299353 
2883.703586 0.286928 
2884.668036 0.276974 
2885.632485 0.268950 
2886.596934 0.262861 
2887.561384 0.258185 
2888.525833 0.254943 
2889.490283 0.252720 
2890.454732 0.251645 
2891.419181 0.251369 
2892.383631 0.252045 
2893.348080 0.253407 
2894.312529 0.255495 
2895.276979 0.257847 
2896.241428 0.260647 
2897.205877 0.263782 
2898.170327 0.267365 
2899.134776 0.271193 
2900.099226 0.275469 
2901.063675 0.279678 
2902.028124 0.283840 
2902.992574 0.287710 
2903.957023 0.291973 
2904.921472 0.296537 
2905.885922 0.301705 
2906.850371 0.307419 
2907.814820 0.313812 
2908.779270 0.320385 
2909.743719 0.327306 
2910.708168 0.333733 
2911.672618 0.339474 
2912.637067 0.343992 
2913.601517 0.347565 
2914.565966 0.350093 
2915.530415 0.352227 
2916.494865 0.353992 
2917.459314 0.356445 
2918.423763 0.359831 
2919.388213 0.365046 
2920.352662 0.371882 
2921.317111 0.380925 
2922.281561 0.391890 
2923.246010 0.405208 
2924.210460 0.420316 
2925.174909 0.437171 
2926.139358 0.454989 
2927.103808 0.473587 
2928.068257 0.491866 
2929.032706 0.510145 
2929.997156 0.527676 
2930.961605 0.544545 
2931.926054 0.558763 
2932.890504 0.569933 
2933.854953 0.575471 
2934.819402 0.574808 
2935.783852 0.566569 
2936.748301 0.552745 
2937.712751 0.534918 
2938.677200 0.516031 
2939.641649 0.496923 
2940.606099 0.479369 
2941.570548 0.463049 
2942.534997 0.448804 
2943.499447 0.436527 
2944.463896 0.427241 
2945.428345 0.420370 
2946.392795 0.416405 
2947.357244 0.415293 
2948.321694 0.417751 
2949.286143 0.423159 
2950.250592 0.432478 
2951.215042 0.445468 
2952.179491 0.462972 
2953.143940 0.485270 
2954.108390 0.512514 
2955.072839 0.542696 
2956.037288 0.574714 
2957.001738 0.605335 
2957.966187 0.632574 
2958.930636 0.652938 
2959.895086 0.665772 
2960.859535 0.669334 
2961.823985 0.664654 
2962.788434 0.651518 
2963.752883 0.632216 
2964.717333 0.606311 
2965.681782 0.575804 
2966.646231 0.541610 
2967.610681 0.506232 
2968.575130 0.470458 
2969.539579 0.436135 
2970.504029 0.403461 
2971.468478 0.373435 
2972.432928 0.345950 
2973.397377 0.321265 
2974.361826 0.299155 
2975.326276 0.279947 
2976.290725 0.262996 
2977.255174 0.248214 
2978.219624 0.235095 
2979.184073 0.223709 
2980.148522 0.213795 
2981.112972 0.205149 
2982.077421 0.197360 
2983.041870 0.190507 
2984.006320 0.184423 
2984.970769 0.178949 
2985.935219 0.173896 
2986.899668 0.169395 
2987.864117 0.165367 
2988.828567 0.161744 
2989.793016 0.158447 
2990.757465 0.155474 
2991.721915 0.152711 
2992.686364 0.150207 
2993.650813 0.147950 
2994.615263 0.146023 
2995.579712 0.144194 
2996.544162 0.142444 
2997.508611 0.140843 
2998.473060 0.139394 
2999.437510 0.138033 
3000.401959 0.136910 
3001.366408 0.135817 
3002.330858 0.134757 
3003.295307 0.133671 
3004.259756 0.132726 
3005.224206 0.131811 
3006.188655 0.131052 
3007.153104 0.130352 
3008.117554 0.129663 
3009.082003 0.128995 
3010.046453 0.128391 
3011.010902 0.127689 
3011.975351 0.127119 
3012.939801 0.126525 
3013.904250 0.125922 
3014.868699 0.125430 
3015.833149 0.125020 
3016.797598 0.124503 
3017.762047 0.124086 
3018.726497 0.123681 
3019.690946 0.123296 
3020.655396 0.122907 
3021.619845 0.122576 
3022.584294 0.122241 
3023.548744 0.121877 
3024.513193 0.121437 
3025.477642 0.121074 
3026.442092 0.120708 
3027.406541 0.120399 
3028.370990 0.120217 
3029.335440 0.119972 
3030.299889 0.119626 
3031.264338 0.119454 
3032.228788 0.119255 
3033.193237 0.118993 
3034.157687 0.118667 
3035.122136 0.118367 
3036.086585 0.118192 
3037.051035 0.118011 
3038.015484 0.117816 
3038.979933 0.117684 
3039.944383 0.117451 
3040.908832 0.117238 
3041.873281 0.117023 
3042.837731 0.116850 
3043.802180 0.116722 
3044.766630 0.116615 
3045.731079 0.116396 
3046.695528 0.116170 
3047.659978 0.116042 
3048.624427 0.115930 
3049.588876 0.115774 
3050.553326 0.115695 
3051.517775 0.115597 
3052.482224 0.115438 
3053.446674 0.115282 
3054.411123 0.115153 
3055.375572 0.115022 
3056.340022 0.114943 
3057.304471 0.114793 
3058.268921 0.114731 
3059.233370 0.114678 
3060.197819 0.114634 
3061.162269 0.114551 
3062.126718 0.114527 
3063.091167 0.114447 
3064.055617 0.114375 
3065.020066 0.114291 
3065.984515 0.114321 
3066.948965 0.114297 
3067.913414 0.114124 
3068.877864 0.114047 
3069.842313 0.114028 
3070.806762 0.113975 
3071.771212 0.113954 
3072.735661 0.113952 
3073.700110 0.113960 
3074.664560 0.114001 
3075.629009 0.114056 
3076.593458 0.114033 
3077.557908 0.114053 
3078.522357 0.114088 
3079.486806 0.114167 
3080.451256 0.114098 
3081.415705 0.114092 
3082.380155 0.114233 
3083.344604 0.114299 
3084.309053 0.114206 
3085.273503 0.114113 
3086.237952 0.114140 
3087.202401 0.114154 
3088.166851 0.114202 
3089.131300 0.114250 
3090.095749 0.114170 
3091.060199 0.114052 
3092.024648 0.113976 
3092.989098 0.114077 
3093.953547 0.114078 
3094.917996 0.114000 
3095.882446 0.114090 
3096.846895 0.114167 
3097.811344 0.114196 
3098.775794 0.114217 
3099.740243 0.114180 
3100.704692 0.114136 
3101.669142 0.114133 
3102.633591 0.114145 
3103.598040 0.114158 
3104.562490 0.114227 
3105.526939 0.114363 
3106.491389 0.114394 
3107.455838 0.114450 
3108.420287 0.114428 
3109.384737 0.114389 
3110.349186 0.114379 
3111.313635 0.114364 
3112.278085 0.114487 
3113.242534 0.114583 
3114.206983 0.114637 
3115.171433 0.114641 
3116.135882 0.114630 
3117.100332 0.114627 
3118.064781 0.114741 
3119.029230 0.114812 
3119.993680 0.114742 
3120.958129 0.114618 
3121.922578 0.114628 
3122.887028 0.114645 
3123.851477 0.114670 
3124.815926 0.114777 
3125.780376 0.114815 
3126.744825 0.114801 
3127.709274 0.114847 
3128.673724 0.114891 
3129.638173 0.114818 
3130.602623 0.114853 
3131.567072 0.114928 
3132.531521 0.114924 
3133.495971 0.114944 
3134.460420 0.114983 
3135.424869 0.115028 
3136.389319 0.115079 
3137.353768 0.115134 
3138.318217 0.115109 
3139.282667 0.115113 
3140.247116 0.115036 
3141.211566 0.115040 
3142.176015 0.115121 
3143.140464 0.115222 
3144.104914 0.115215 
3145.069363 0.115219 
3146.033812 0.115234 
3146.998262 0.115269 
3147.962711 0.115242 
3148.927160 0.115209 
3149.891610 0.115319 
3150.856059 0.115449 
3151.820508 0.115446 
3152.784958 0.115322 
3153.749407 0.115240 
3154.713857 0.115333 
3155.678306 0.115395 
3156.642755 0.115420 
3157.607205 0.115468 
3158.571654 0.115590 
3159.536103 0.115587 
3160.500553 0.115504 
3161.465002 0.115527 
3162.429451 0.115594 
3163.393901 0.115614 
3164.358350 0.115631 
3165.322800 0.115715 
3166.287249 0.115784 
3167.251698 0.115813 
3168.216148 0.115862 
3169.180597 0.115911 
3170.145046 0.115969 
3171.109496 0.115984 
3172.073945 0.116061 
3173.038394 0.116080 
3174.002844 0.116069 
3174.967293 0.116123 
3175.931742 0.116165 
3176.896192 0.116199 
3177.860641 0.116299 
3178.825091 0.116290 
3179.789540 0.116353 
3180.753989 0.116443 
3181.718439 0.116474 
3182.682888 0.116480 
3183.647337 0.116544 
3184.611787 0.116599 
3185.576236 0.116692 
3186.540685 0.116712 
3187.505135 0.116760 
3188.469584 0.116784 
3189.434034 0.116786 
3190.398483 0.116800 
3191.362932 0.116908 
3192.327382 0.116899 
3193.291831 0.116922 
3194.256280 0.116969 
3195.220730 0.117035 
3196.185179 0.117070 
3197.149628 0.117092 
3198.114078 0.117143 
3199.078527 0.117127 
3200.042976 0.117173 
3201.007426 0.117210 
3201.971875 0.117247 
3202.936325 0.117289 
3203.900774 0.117303 
3204.865223 0.117369 
3205.829673 0.117309 
3206.794122 0.117219 
3207.758571 0.117281 
3208.723021 0.117300 
3209.687470 0.117239 
3210.651919 0.117216 
3211.616369 0.117303 
3212.580818 0.117375 
3213.545268 0.117413 
3214.509717 0.117306 
3215.474166 0.117177 
3216.438616 0.117214 
3217.403065 0.117231 
3218.367514 0.117203 
3219.331964 0.117224 
3220.296413 0.117270 
3221.260862 0.117255 
3222.225312 0.117271 
3223.189761 0.117294 
3224.154210 0.117291 
3225.118660 0.117289 
3226.083109 0.117276 
3227.047559 0.117253 
3228.012008 0.117223 
3228.976457 0.117232 
3229.940907 0.117272 
3230.905356 0.117219 
3231.869805 0.117258 
3232.834255 0.117243 
3233.798704 0.117134 
3234.763153 0.117198 
3235.727603 0.117274 
3236.692052 0.117261 
3237.656502 0.117304 
3238.620951 0.117338 
3239.585400 0.117329 
3240.549850 0.117218 
3241.514299 0.117206 
3242.478748 0.117285 
3243.443198 0.117292 
3244.407647 0.117354 
3245.372096 0.117369 
3246.336546 0.117295 
3247.300995 0.117295 
3248.265444 0.117281 
3249.229894 0.117307 
3250.194343 0.117364 
3251.158793 0.117382 
3252.123242 0.117298 
3253.087691 0.117308 
3254.052141 0.117401 
3255.016590 0.117387 
3255.981039 0.117339 
3256.945489 0.117442 
3257.909938 0.117496 
3258.874387 0.117490 
3259.838837 0.117488 
3260.803286 0.117506 
3261.767736 0.117499 
3262.732185 0.117503 
3263.696634 0.117468 
3264.661084 0.117473 
3265.625533 0.117531 
3266.589982 0.117556 
3267.554432 0.117579 
3268.518881 0.117622 
3269.483330 0.117582 
3270.447780 0.117492 
3271.412229 0.117362 
3272.376678 0.117348 
3273.341128 0.117544 
3274.305577 0.117588 
3275.270027 0.117431 
3276.234476 0.117474 
3277.198925 0.117538 
3278.163375 0.117604 
3279.127824 0.117582 
3280.092273 0.117488 
3281.056723 0.117539 
3282.021172 0.117699 
3282.985621 0.117666 
3283.950071 0.117666 
3284.914520 0.117703 
3285.878970 0.117738 
3286.843419 0.117753 
3287.807868 0.117781 
3288.772318 0.117803 
3289.736767 0.117917 
3290.701216 0.117984 
3291.665666 0.117918 
3292.630115 0.117872 
3293.594564 0.117950 
3294.559014 0.117975 
3295.523463 0.117909 
3296.487912 0.117854 
3297.452362 0.117887 
3298.416811 0.117968 
3299.381261 0.118126 
3300.345710 0.118256 
3301.310159 0.118269 
3302.274609 0.118215 
3303.239058 0.118214 
3304.203507 0.118243 
3305.167957 0.118360 
3306.132406 0.118411 
3307.096855 0.118357 
3308.061305 0.118340 
3309.025754 0.118347 
3309.990204 0.118381 
3310.954653 0.118529 
3311.919102 0.118590 
3312.883552 0.118639 
3313.848001 0.118573 
3314.812450 0.118611 
3315.776900 0.118701 
3316.741349 0.118786 
3317.705798 0.118824 
3318.670248 0.118899 
3319.634697 0.118980 
3320.599146 0.119082 
3321.563596 0.119056 
3322.528045 0.119022 
3323.492495 0.119063 
3324.456944 0.119267 
3325.421393 0.119256 
3326.385843 0.119177 
3327.350292 0.119279 
3328.314741 0.119444 
3329.279191 0.119519 
3330.243640 0.119632 
3331.208089 0.119637 
3332.172539 0.119656 
3333.136988 0.119644 
3334.101438 0.119670 
3335.065887 0.119684 
3336.030336 0.119704 
3336.994786 0.119761 
3337.959235 0.119758 
3338.923684 0.119728 
3339.888134 0.119762 
3340.852583 0.119891 
3341.817032 0.119950 
3342.781482 0.119885 
3343.745931 0.119868 
3344.710380 0.119968 
3345.674830 0.120111 
3346.639279 0.120118 
3347.603729 0.120151 
3348.568178 0.120194 
3349.532627 0.120174 
3350.497077 0.120055 
3351.461526 0.120055 
3352.425975 0.120101 
3353.390425 0.120110 
3354.354874 0.120081 
3355.319323 0.120163 
3356.283773 0.120231 
3357.248222 0.120258 
3358.212672 0.120262 
3359.177121 0.120295 
3360.141570 0.120277 
3361.106020 0.120282 
3362.070469 0.120292 
3363.034918 0.120330 
3363.999368 0.120444 
3364.963817 0.120509 
3365.928266 0.120409 
3366.892716 0.120352 
3367.857165 0.120487 
3368.821614 0.120519 
3369.786064 0.120418 
3370.750513 0.120427 
3371.714963 0.120508 
3372.679412 0.120512 
3373.643861 0.120514 
3374.608311 0.120600 
3375.572760 0.120615 
3376.537209 0.120515 
3377.501659 0.120506 
3378.466108 0.120592 
3379.430557 0.120582 
3380.395007 0.120523 
3381.359456 0.120540 
3382.323906 0.120601 
3383.288355 0.120546 
3384.252804 0.120552 
3385.217254 0.120623 
3386.181703 0.120717 
3387.146152 0.120696 
3388.110602 0.120660 
3389.075051 0.120654 
3390.039500 0.120757 
3391.003950 0.120670 
3391.968399 0.120617 
3392.932848 0.120568 
3393.897298 0.120473 
3394.861747 0.120481 
3395.826197 0.120503 
3396.790646 0.120666 
3397.755095 0.120766 
3398.719545 0.120745 
3399.683994 0.120713 
3400.648443 0.120677 
3401.612893 0.120628 
3402.577342 0.120582 
3403.541791 0.120663 
3404.506241 0.120737 
3405.470690 0.120736 
3406.435140 0.120721 
3407.399589 0.120812 
3408.364038 0.120774 
3409.328488 0.120755 
3410.292937 0.120830 
3411.257386 0.120893 
3412.221836 0.120784 
3413.186285 0.120682 
3414.150734 0.120749 
3415.115184 0.120817 
3416.079633 0.120746 
3417.044082 0.120798 
3418.008532 0.120923 
3418.972981 0.120866 
3419.937431 0.120865 
3420.901880 0.120852 
3421.866329 0.120825 
3422.830779 0.120952 
3423.795228 0.120967 
3424.759677 0.120969 
3425.724127 0.120996 
3426.688576 0.121080 
3427.653025 0.121092 
3428.617475 0.121125 
3429.581924 0.121114 
3430.546374 0.121033 
3431.510823 0.121058 
3432.475272 0.121101 
3433.439722 0.121081 
3434.404171 0.121058 
3435.368620 0.121027 
3436.333070 0.121080 
3437.297519 0.120998 
3438.261968 0.120939 
3439.226418 0.120972 
3440.190867 0.121030 
3441.155316 0.121090 
3442.119766 0.121257 
3443.084215 0.121160 
3444.048665 0.120985 
3445.013114 0.120976 
3445.977563 0.120909 
3446.942013 0.121112 
3447.906462 0.120841 
3448.870911 0.120868 
3449.835361 0.121100 
3450.799810 0.121119 
3451.764259 0.121065 
3452.728709 0.121025 
3453.693158 0.120978 
3454.657608 0.120882 
3455.622057 0.120900 
3456.586506 0.120912 
3457.550956 0.120946 
3458.515405 0.121018 
3459.479854 0.120856 
3460.444304 0.120723 
3461.408753 0.120744 
3462.373202 0.120765 
3463.337652 0.120675 
3464.302101 0.120669 
3465.266550 0.120696 
3466.231000 0.120611 
3467.195449 0.120546 
3468.159899 0.120458 
3469.124348 0.120394 
3470.088797 0.120345 
3471.053247 0.120445 
3472.017696 0.120499 
3472.982145 0.120464 
3473.946595 0.120353 
3474.911044 0.120284 
3475.875493 0.120106 
3476.839943 0.120138 
3477.804392 0.120188 
3478.768842 0.120107 
3479.733291 0.119920 
3480.697740 0.119748 
3481.662190 0.119750 
3482.626639 0.119674 
3483.591088 0.119434 
3484.555538 0.119594 
3485.519987 0.119465 
3486.484436 0.119116 
3487.448886 0.119077 
3488.413335 0.119215 
3489.377784 0.119040 
3490.342234 0.119140 
3491.306683 0.119049 
3492.271133 0.118919 
3493.235582 0.118861 
3494.200031 0.118675 
3495.164481 0.118463 
3496.128930 0.118528 
3497.093379 0.118431 
3498.057829 0.118252 
3499.022278 0.118242 
3499.986727 0.118174 
3500.951177 0.118062 
3501.915626 0.117879 
3502.880076 0.117694 
3503.844525 0.117448 
3504.808974 0.117373 
3505.773424 0.117378 
3506.737873 0.117397 
3507.702322 0.117330 
3508.666772 0.117407 
3509.631221 0.117426 
3510.595670 0.116890 
3511.560120 0.116935 
3512.524569 0.116968 
3513.489018 0.116846 
3514.453468 0.116686 
3515.417917 0.116835 
3516.382367 0.116792 
3517.346816 0.116574 
3518.311265 0.116363 
3519.275715 0.116387 
3520.240164 0.116246 
3521.204613 0.116217 
3522.169063 0.116258 
3523.133512 0.116120 
3524.097961 0.115559 
3525.062411 0.115541 
3526.026860 0.115504 
3526.991310 0.115674 
3527.955759 0.115501 
3528.920208 0.115511 
3529.884658 0.115273 
3530.849107 0.115417 
3531.813556 0.115362 
3532.778006 0.115261 
3533.742455 0.115393 
3534.706904 0.115301 
3535.671354 0.115119 
3536.635803 0.114993 
3537.600252 0.114672 
3538.564702 0.114872 
3539.529151 0.114957 
3540.493601 0.115004 
3541.458050 0.114797 
3542.422499 0.114629 
3543.386949 0.114400 
3544.351398 0.114402 
3545.315847 0.114041 
3546.280297 0.113710 
3547.244746 0.114065 
3548.209195 0.113775 
3549.173645 0.113893 
3550.138094 0.113983 
3551.102544 0.113863 
3552.066993 0.114010 
3553.031442 0.113669 
3553.995892 0.113727 
3554.960341 0.113663 
3555.924790 0.113693 
3556.889240 0.113799 
3557.853689 0.113663 
3558.818138 0.113411 
3559.782588 0.113697 
3560.747037 0.113348 
3561.711486 0.113090 
3562.675936 0.113238 
3563.640385 0.113155 
3564.604835 0.112516 
3565.569284 0.112971 
3566.533733 0.112718 
3567.498183 0.112499 
3568.462632 0.112957 
3569.427081 0.111960 
3570.391531 0.112515 
3571.355980 0.112559 
3572.320429 0.112621 
3573.284879 0.112716 
3574.249328 0.112823 
3575.213778 0.112674 
3576.178227 0.112627 
3577.142676 0.112707 
3578.107126 0.112348 
3579.071575 0.112425 
3580.036024 0.112603 
3581.000474 0.112316 
3581.964923 0.112114 
3582.929372 0.112188 
3583.893822 0.112106 
3584.858271 0.111544 
3585.822720 0.111671 
3586.787170 0.111831 
3587.751619 0.110971 
3588.716069 0.111645 
3589.680518 0.110669 
3590.644967 0.111054 
3591.609417 0.111174 
3592.573866 0.111614 
3593.538315 0.111323 
3594.502765 0.110797 
3595.467214 0.111244 
3596.431663 0.110559 
3597.396113 0.110780 
3598.360562 0.111138 
3599.325012 0.110443 
3600.289461 0.110724 
3601.253910 0.110845 
3602.218360 0.110534 
3603.182809 0.110580 
3604.147258 0.110503 
3605.111708 0.110297 
3606.076157 0.110443 
3607.040606 0.110923 
3608.005056 0.109757 
3608.969505 0.110866 
3609.933954 0.110271 
3610.898404 0.109286 
3611.862853 0.110484 
3612.827303 0.110511 
3613.791752 0.109483 
3614.756201 0.110334 
3615.720651 0.109585 
3616.685100 0.109860 
3617.649549 0.110705 
3618.613999 0.109759 
3619.578448 0.110317 
3620.542897 0.109469 
3621.507347 0.109337 
3622.471796 0.109604 
3623.436246 0.109935 
3624.400695 0.109551 
3625.365144 0.109529 
3626.329594 0.109265 
3627.294043 0.108891 
3628.258492 0.110155 
3629.222942 0.110374 
3630.187391 0.108235 
3631.151840 0.108110 
3632.116290 0.108552 
3633.080739 0.109248 
3634.045188 0.109632 
3635.009638 0.108881 
3635.974087 0.109049 
3636.938537 0.109247 
3637.902986 0.109461 
3638.867435 0.109115 
3639.831885 0.109079 
3640.796334 0.109211 
3641.760783 0.109300 
3642.725233 0.109293 
3643.689682 0.108989 
3644.654131 0.108993 
3645.618581 0.108787 
3646.583030 0.109767 
3647.547480 0.109007 
3648.511929 0.108077 
3649.476378 0.109005 
3650.440828 0.108102 
3651.405277 0.108041 
3652.369726 0.107278 
3653.334176 0.108149 
3654.298625 0.108267 
3655.263074 0.108699 
3656.227524 0.109792 
3657.191973 0.108230 
3658.156422 0.107902 
3659.120872 0.108423 
3660.085321 0.108430 
3661.049771 0.108432 
3662.014220 0.108609 
3662.978669 0.108769 
3663.943119 0.108789 
3664.907568 0.108815 
3665.872017 0.108807 
3666.836467 0.108623 
3667.800916 0.108839 
3668.765365 0.109241 
3669.729815 0.108264 
3670.694264 0.109603 
3671.658714 0.107610 
3672.623163 0.107545 
3673.587612 0.108362 
3674.552062 0.109817 
3675.516511 0.110036 
3676.480960 0.107825 
3677.445410 0.107530 
3678.409859 0.108406 
3679.374308 0.109454 
3680.338758 0.108975 
3681.303207 0.108883 
3682.267656 0.109477 
3683.232106 0.109615 
3684.196555 0.109825 
3685.161005 0.109616 
3686.125454 0.109461 
3687.089903 0.109642 
3688.054353 0.111425 
3689.018802 0.109084 
3689.983251 0.107893 
3690.947701 0.110135 
3691.912150 0.108897 
3692.876599 0.108303 
3693.841049 0.108831 
3694.805498 0.108676 
3695.769948 0.108697 
3696.734397 0.108843 
3697.698846 0.108707 
3698.663296 0.108713 
3699.627745 0.108443 
3700.592194 0.108522 
3701.556644 0.109887 
3702.521093 0.108718 
3703.485542 0.108106 
3704.449992 0.108732 
3705.414441 0.108846 
3706.378890 0.108721 
3707.343340 0.108385 
3708.307789 0.108680 
3709.272239 0.109476 
3710.236688 0.107639 
3711.201137 0.108085 
3712.165587 0.110171 
3713.130036 0.107542 
3714.094485 0.107747 
3715.058935 0.108545 
3716.023384 0.108312 
3716.987833 0.108216 
3717.952283 0.108201 
3718.916732 0.108683 
3719.881182 0.107810 
3720.845631 0.107652 
3721.810080 0.108860 
3722.774530 0.108120 
3723.738979 0.107114 
3724.703428 0.108051 
3725.667878 0.108139 
3726.632327 0.108513 
3727.596776 0.107769 
3728.561226 0.107608 
3729.525675 0.107778 
3730.490124 0.107689 
3731.454574 0.108664 
3732.419023 0.108701 
3733.383473 0.106243 
3734.347922 0.108667 
3735.312371 0.108461 
3736.276821 0.107243 
3737.241270 0.107234 
3738.205719 0.107734 
3739.170169 0.107575 
3740.134618 0.107837 
3741.099067 0.108714 
3742.063517 0.107511 
3743.027966 0.107618 
3743.992416 0.110919 
3744.956865 0.110246 
3745.921314 0.106474 
3746.885764 0.107658 
3747.850213 0.108019 
3748.814662 0.109549 
3749.779112 0.109516 
3750.743561 0.106568 
3751.708010 0.109324 
3752.672460 0.108712 
3753.636909 0.107114 
3754.601358 0.107591 
3755.565808 0.108290 
3756.530257 0.109059 
3757.494707 0.107934 
3758.459156 0.108111 
3759.423605 0.109931 
3760.388055 0.108615 
3761.352504 0.107911 
3762.316953 0.108480 
3763.281403 0.108468 
3764.245852 0.108219 
3765.210301 0.109236 
3766.174751 0.109061 
3767.139200 0.108098 
3768.103650 0.108426 
3769.068099 0.109240 
3770.032548 0.109825 
3770.996998 0.107958 
3771.961447 0.108191 
3772.925896 0.108512 
3773.890346 0.108744 
3774.854795 0.108771 
3775.819244 0.108758 
3776.783694 0.108649 
3777.748143 0.108461 
3778.712592 0.108766 
3779.677042 0.109206 
3780.641491 0.107794 
3781.605941 0.108260 
3782.570390 0.108348 
3783.534839 0.108402 
3784.499289 0.109015 
3785.463738 0.108643 
3786.428187 0.108367 
3787.392637 0.108571 
3788.357086 0.108643 
3789.321535 0.108831 
3790.285985 0.108649 
3791.250434 0.108643 
3792.214884 0.108711 
3793.179333 0.108879 
3794.143782 0.108654 
3795.108232 0.108590 
3796.072681 0.109588 
3797.037130 0.109273 
3798.001580 0.108416 
3798.966029 0.108528 
3799.930478 0.108805 
3800.894928 0.110803 
3801.859377 0.109685 
3802.823826 0.108231 
3803.788276 0.108432 
3804.752725 0.108652 
3805.717175 0.109084 
3806.681624 0.110816 
3807.646073 0.109362 
3808.610523 0.108333 
3809.574972 0.109093 
3810.539421 0.109320 
3811.503871 0.109473 
3812.468320 0.109560 
3813.432769 0.109521 
3814.397219 0.109273 
3815.361668 0.110734 
3816.326118 0.111320 
3817.290567 0.108535 
3818.255016 0.109072 
3819.219466 0.109506 
3820.183915 0.110346 
3821.148364 0.111152 
3822.112814 0.108976 
3823.077263 0.108545 
3824.041712 0.109492 
3825.006162 0.109590 
3825.970611 0.110137 
3826.935060 0.110353 
3827.899510 0.109443 
3828.863959 0.109586 
3829.828409 0.109677 
3830.792858 0.110467 
3831.757307 0.111392 
3832.721757 0.109499 
3833.686206 0.109534 
3834.650655 0.111131 
3835.615105 0.109753 
3836.579554 0.108886 
3837.544003 0.111806 
3838.508453 0.109666 
3839.472902 0.108856 
3840.437352 0.110666 
3841.401801 0.109771 
3842.366250 0.108994 
3843.330700 0.110788 
3844.295149 0.110221 
3845.259598 0.109315 
3846.224048 0.109847 
3847.188497 0.109956 
3848.152946 0.109799 
3849.117396 0.110118 
3850.081845 0.109797 
3851.046294 0.110134 
3852.010744 0.111686 
3852.975193 0.109889 
3853.939643 0.112629 
3854.904092 0.109489 
3855.868541 0.108419 
3856.832991 0.110397 
3857.797440 0.110038 
3858.761889 0.109421 
3859.726339 0.109824 
3860.690788 0.110250 
3861.655237 0.111120 
3862.619687 0.109690 
3863.584136 0.109365 
3864.548586 0.110962 
3865.513035 0.110235 
3866.477484 0.109189 
3867.441934 0.109776 
3868.406383 0.110294 
3869.370832 0.111993 
3870.335282 0.110770 
3871.299731 0.109129 
3872.264180 0.109149 
3873.228630 0.110277 
3874.193079 0.111453 
3875.157528 0.109352 
3876.121978 0.109516 
3877.086427 0.110146 
3878.050877 0.109957 
3879.015326 0.110071 
3879.979775 0.111745 
3880.944225 0.110539 
3881.908674 0.108822 
3882.873123 0.110022 
3883.837573 0.109885 
3884.802022 0.110141 
3885.766471 0.111716 
3886.730921 0.109209 
3887.695370 0.109369 
3888.659820 0.110103 
3889.624269 0.109948 
3890.588718 0.111016 
3891.553168 0.111696 
3892.517617 0.109336 
3893.482066 0.109847 
3894.446516 0.110251 
3895.410965 0.110187 
3896.375414 0.110208 
3897.339864 0.110189 
3898.304313 0.110694 
3899.268762 0.111583 
3900.233212 0.109055 
3901.197661 0.110253 
3902.162111 0.111105 
3903.126560 0.109438 
3904.091009 0.111152 
3905.055459 0.110148 
3906.019908 0.110194 
3906.984357 0.109918 
3907.948807 0.110055 
3908.913256 0.110415 
3909.877705 0.110586 
3910.842155 0.110597 
3911.806604 0.110555 
3912.771054 0.110540 
3913.735503 0.110539 
3914.699952 0.110432 
3915.664402 0.110595 
3916.628851 0.111282 
3917.593300 0.110659 
3918.557750 0.109857 
3919.522199 0.111053 
3920.486648 0.111100 
3921.451098 0.110121 
3922.415547 0.110302 
3923.379996 0.110485 
3924.344446 0.110816 
3925.308895 0.110796 
3926.273345 0.110245 
3927.237794 0.110370 
3928.202243 0.110682 
3929.166693 0.110962 
3930.131142 0.110912 
3931.095591 0.110757 
3932.060041 0.111539 
3933.024490 0.110817 
3933.988939 0.110521 
3934.953389 0.110853 
3935.917838 0.110903 
3936.882288 0.111032 
3937.846737 0.111192 
3938.811186 0.111333 
3939.775636 0.111280 
3940.740085 0.111083 
3941.704534 0.111321 
3942.668984 0.111958 
3943.633433 0.111092 
3944.597882 0.111178 
3945.562332 0.111269 
3946.526781 0.111410 
3947.491230 0.111838 
3948.455680 0.111464 
3949.420129 0.111798 
3950.384579 0.111961 
3951.349028 0.111481 
3952.313477 0.111963 
3953.277927 0.112110 
3954.242376 0.111956 
3955.206825 0.111943 
3956.171275 0.112118 
3957.135724 0.112166 
3958.100173 0.112045 
3959.064623 0.112128 
3960.029072 0.112186 
3960.993522 0.112173 
3961.957971 0.112226 
3962.922420 0.111924 
3963.886870 0.112244 
3964.851319 0.112497 
3965.815768 0.112473 
3966.780218 0.112474 
3967.744667 0.112456 
3968.709116 0.112465 
3969.673566 0.112441 
3970.638015 0.112499 
3971.602464 0.112810 
3972.566914 0.112835 
3973.531363 0.112684 
3974.495813 0.112600 
3975.460262 0.112763 
3976.424711 0.112915 
3977.389161 0.112832 
3978.353610 0.112763 
3979.318059 0.112850 
3980.282509 0.113024 
3981.246958 0.113217 
3982.211407 0.113356 
3983.175857 0.113208 
3984.140306 0.113019 
3985.104756 0.113071 
3986.069205 0.113220 
3987.033654 0.113283 
3987.998104 0.113301 
3988.962553 0.113346 
3989.927002 0.113472 
3990.891452 0.113458 
3991.855901 0.113220 
3992.820350 0.113263 
3993.784800 0.113246 
3994.749249 0.113389 
3995.713698 0.113345 
3996.678148 0.113312 
3997.642597 0.113284 
3998.607047 0.113235 
3999.571496 0.113232 
4000.535945 0.113206 