##YUNITS=Abs
399.282035 0.246735 
400.246484 0.233373 
401.210934 0.199123 
402.175383 0.183564 
403.139832 0.174556 
404.104282 0.166254 
405.068731 0.164224 
406.033181 0.162273 
406.997630 0.160485 
407.962079 0.159279 
408.926529 0.156129 
409.890978 0.154789 
410.855427 0.153160 
411.819877 0.149233 
412.784326 0.145165 
413.748775 0.144016 
414.713225 0.143434 
415.677674 0.143195 
416.642124 0.152233 
417.606573 0.183154 
418.571022 0.228715 
419.535472 0.192664 
420.499921 0.143924 
421.464370 0.133751 
422.428820 0.145333 
423.393269 0.151119 
424.357718 0.143697 
425.322168 0.145850 
426.286617 0.132724 
427.251066 0.124886 
428.215516 0.124281 
429.179965 0.124088 
430.144415 0.123562 
431.108864 0.122588 
432.073313 0.120243 
433.037763 0.118430 
434.002212 0.121567 
434.966661 0.128113 
435.931111 0.133739 
436.895560 0.131458 
437.860009 0.120231 
438.824459 0.116639 
439.788908 0.111811 
440.753358 0.111393 
441.717807 0.116188 
442.682256 0.119125 
443.646706 0.124385 
444.611155 0.121555 
445.575604 0.120372 
446.540054 0.127354 
447.504503 0.122285 
448.468952 0.114949 
449.433402 0.112965 
450.397851 0.112925 
451.362300 0.114376 
452.326750 0.121885 
453.291199 0.120677 
454.255649 0.108874 
455.220098 0.104528 
456.184547 0.105613 
457.148997 0.116174 
458.113446 0.118439 
459.077895 0.105160 
460.042345 0.101444 
461.006794 0.108228 
461.971243 0.109221 
462.935693 0.101636 
463.900142 0.099641 
464.864592 0.098070 
465.829041 0.098098 
466.793490 0.102127 
467.757940 0.114864 
468.722389 0.114441 
469.686838 0.103726 
470.651288 0.101666 
471.615737 0.108170 
472.580186 0.116814 
473.544636 0.105645 
474.509085 0.099163 
475.473534 0.100567 
476.437984 0.103499 
477.402433 0.100096 
478.366883 0.096494 
479.331332 0.094756 
480.295781 0.095817 
481.260231 0.096265 
482.224680 0.093918 
483.189129 0.095328 
484.153579 0.096658 
485.118028 0.094743 
486.082477 0.095103 
487.046927 0.089488 
488.011376 0.085279 
488.975826 0.085166 
489.940275 0.085556 
490.904724 0.089739 
491.869174 0.094262 
492.833623 0.085093 
493.798072 0.078995 
494.762522 0.077047 
495.726971 0.075433 
496.691420 0.075767 
497.655870 0.075260 
498.620319 0.074168 
499.584768 0.072943 
500.549218 0.074620 
501.513667 0.083202 
502.478117 0.085833 
503.442566 0.077468 
504.407015 0.075655 
505.371465 0.074052 
506.335914 0.075750 
507.300363 0.075809 
508.264813 0.070906 
509.229262 0.070432 
510.193711 0.074401 
511.158161 0.073290 
512.122610 0.069569 
513.087060 0.069193 
514.051509 0.070812 
515.015958 0.071576 
515.980408 0.073500 
516.944857 0.081169 
517.909306 0.079766 
518.873756 0.078367 
519.838205 0.078892 
520.802654 0.071032 
521.767104 0.067978 
522.731553 0.067775 
523.696002 0.067996 
524.660452 0.069605 
525.624901 0.075226 
526.589351 0.075550 
527.553800 0.071040 
528.518249 0.070645 
529.482699 0.070942 
530.447148 0.071161 
531.411597 0.071148 
532.376047 0.069208 
533.340496 0.068369 
534.304945 0.070946 
535.269395 0.071841 
536.233844 0.071100 
537.198294 0.069454 
538.162743 0.068153 
539.127192 0.067362 
540.091642 0.067337 
541.056091 0.066387 
542.020540 0.066353 
542.984990 0.066521 
543.949439 0.066967 
544.913888 0.067836 
545.878338 0.068190 
546.842787 0.067877 
547.807236 0.068442 
548.771686 0.067304 
549.736135 0.070307 
550.700585 0.070105 
551.665034 0.066567 
552.629483 0.065258 
553.593933 0.064612 
554.558382 0.064914 
555.522831 0.064632 
556.487281 0.064918 
557.451730 0.065119 
558.416179 0.065146 
559.380629 0.064925 
560.345078 0.064671 
561.309528 0.064671 
562.273977 0.064687 
563.238426 0.065115 
564.202876 0.065612 
565.167325 0.065923 
566.131774 0.066798 
567.096224 0.067692 
568.060673 0.067144 
569.025122 0.068096 
569.989572 0.067648 
570.954021 0.067300 
571.918470 0.066873 
572.882920 0.065487 
573.847369 0.065347 
574.811819 0.066722 
575.776268 0.072522 
576.740717 0.071011 
577.705167 0.065300 
578.669616 0.064309 
579.634065 0.067021 
580.598515 0.071893 
581.562964 0.068730 
582.527413 0.065029 
583.491863 0.064966 
584.456312 0.067125 
585.420762 0.066363 
586.385211 0.064257 
587.349660 0.065045 
588.314110 0.065670 
589.278559 0.065061 
590.243008 0.065077 
591.207458 0.069571 
592.171907 0.071365 
593.136356 0.066068 
594.100806 0.065292 
595.065255 0.066005 
596.029704 0.065125 
596.994154 0.064629 
597.958603 0.064876 
598.923053 0.066490 
599.887502 0.070782 
600.851951 0.069059 
601.816401 0.065734 
602.780850 0.065708 
603.745299 0.066139 
604.709749 0.066501 
605.674198 0.065772 
606.638647 0.065462 
607.603097 0.065441 
608.567546 0.065709 
609.531996 0.065956 
610.496445 0.066220 
611.460894 0.066588 
612.425344 0.066982 
613.389793 0.067252 
614.354242 0.067630 
615.318692 0.069126 
616.283141 0.070818 
617.247590 0.071464 
618.212040 0.071151 
619.176489 0.070891 
620.140938 0.072857 
621.105388 0.073697 
622.069837 0.073109 
623.034287 0.073673 
623.998736 0.075118 
624.963185 0.078292 
625.927635 0.079093 
626.892084 0.077415 
627.856533 0.077544 
628.820983 0.078352 
629.785432 0.078810 
630.749881 0.078707 
631.714331 0.078035 
632.678780 0.076689 
633.643230 0.073931 
634.607679 0.073128 
635.572128 0.073884 
636.536578 0.070050 
637.501027 0.067872 
638.465476 0.067080 
639.429926 0.068236 
640.394375 0.068085 
641.358824 0.066318 
642.323274 0.066606 
643.287723 0.066632 
644.252172 0.065947 
645.216622 0.066181 
646.181071 0.066043 
647.145521 0.065290 
648.109970 0.065700 
649.074419 0.066067 
650.038869 0.065054 
651.003318 0.065608 
651.967767 0.066185 
652.932217 0.065264 
653.896666 0.064842 
654.861115 0.064158 
655.825565 0.064458 
656.790014 0.065218 
657.754464 0.064493 
658.718913 0.065962 
659.683362 0.067257 
660.647812 0.066122 
661.612261 0.065891 
662.576710 0.065790 
663.541160 0.066165 
664.505609 0.066696 
665.470058 0.066757 
666.434508 0.064466 
667.398957 0.060013 
668.363406 0.078953 
669.327856 0.079766 
670.292305 0.073029 
671.256755 0.069085 
672.221204 0.067339 
673.185653 0.066676 
674.150103 0.067630 
675.114552 0.067863 
676.079001 0.067883 
677.043451 0.067174 
678.007900 0.067507 
678.972349 0.068215 
679.936799 0.069053 
680.901248 0.070113 
681.865698 0.070922 
682.830147 0.071322 
683.794596 0.071372 
684.759046 0.071845 
685.723495 0.071915 
686.687944 0.073050 
687.652394 0.075867 
688.616843 0.079322 
689.581292 0.080127 
690.545742 0.079610 
691.510191 0.079720 
692.474640 0.080575 
693.439090 0.081749 
694.403539 0.082695 
695.367989 0.083378 
696.332438 0.084991 
697.296887 0.087277 
698.261337 0.088801 
699.225786 0.089021 
700.190235 0.089992 
701.154685 0.091477 
702.119134 0.093144 
703.083583 0.095239 
704.048033 0.097506 
705.012482 0.099783 
705.976932 0.101420 
706.941381 0.102402 
707.905830 0.104119 
708.870280 0.105993 
709.834729 0.108552 
710.799178 0.111370 
711.763628 0.114476 
712.728077 0.118130 
713.692526 0.122422 
714.656976 0.126149 
715.621425 0.130054 
716.585874 0.134780 
717.550324 0.140833 
718.514773 0.148125 
719.479223 0.156602 
720.443672 0.165601 
721.408121 0.173806 
722.372571 0.182946 
723.337020 0.194329 
724.301469 0.207374 
725.265919 0.222457 
726.230368 0.239540 
727.194817 0.258941 
728.159267 0.280851 
729.123716 0.305834 
730.088166 0.333636 
731.052615 0.365263 
732.017064 0.401575 
732.981514 0.444307 
733.945963 0.495284 
734.910412 0.556002 
735.874862 0.628366 
736.839311 0.714435 
737.803760 0.815888 
738.768210 0.934827 
739.732659 1.074983 
740.697108 1.241659 
741.661558 1.440345 
742.626007 1.686784 
743.590457 1.993795 
744.554906 2.371215 
745.519355 2.395291 
746.483805 2.297367 
747.448254 2.228318 
748.412703 2.211867 
749.377153 2.192998 
750.341602 2.177349 
751.306051 2.162875 
752.270501 2.164374 
753.234950 2.154238 
754.199400 2.160065 
755.163849 2.154828 
756.128298 2.157817 
757.092748 2.152968 
758.057197 2.164563 
759.021646 2.173834 
759.986096 2.181855 
760.950545 2.163571 
761.914994 2.145390 
762.879444 2.147136 
763.843893 2.162361 
764.808342 2.155857 
765.772792 2.151341 
766.737241 2.145441 
767.701691 2.155871 
768.666140 2.145378 
769.630589 2.139592 
770.595039 2.138326 
771.559488 2.147370 
772.523937 2.140635 
773.488387 2.139118 
774.452836 2.132572 
775.417285 2.135725 
776.381735 2.127705 
777.346184 2.139113 
778.310634 2.137448 
779.275083 2.143005 
780.239532 2.141322 
781.203982 2.143049 
782.168431 2.135471 
783.132880 2.137036 
784.097330 2.136415 
785.061779 2.143097 
786.026228 2.136340 
786.990678 2.139928 
787.955127 2.134117 
788.919576 2.134296 
789.884026 2.130095 
790.848475 2.138790 
791.812925 2.138441 
792.777374 2.142498 
793.741823 2.136594 
794.706273 2.139448 
795.670722 2.136191 
796.635171 2.137772 
797.599621 2.129156 
798.564070 2.123800 
799.528519 2.118731 
800.492969 2.131911 
801.457418 2.139928 
802.421868 2.169655 
803.386317 2.273232 
804.350766 2.401488 
805.315216 1.916485 
806.279665 1.541163 
807.244114 1.270924 
808.208564 1.072804 
809.173013 0.924426 
810.137462 0.807613 
811.101912 0.707597 
812.066361 0.620217 
813.030810 0.544842 
813.995260 0.482600 
814.959709 0.433294 
815.924159 0.395399 
816.888608 0.366007 
817.853057 0.342307 
818.817507 0.321483 
819.781956 0.301962 
820.746405 0.283214 
821.710855 0.264821 
822.675304 0.246485 
823.639753 0.228713 
824.604203 0.211919 
825.568652 0.196594 
826.533102 0.183015 
827.497551 0.171174 
828.462000 0.161138 
829.426450 0.152875 
830.390899 0.146331 
831.355348 0.141204 
832.319798 0.137081 
833.284247 0.133874 
834.248696 0.131446 
835.213146 0.129397 
836.177595 0.127518 
837.142044 0.125758 
838.106494 0.124036 
839.070943 0.122570 
840.035393 0.120892 
840.999842 0.118825 
841.964291 0.116835 
842.928741 0.114886 
843.893190 0.112578 
844.857639 0.109818 
845.822089 0.106864 
846.786538 0.104099 
847.750987 0.101383 
848.715437 0.098774 
849.679886 0.096255 
850.644336 0.093937 
851.608785 0.091933 
852.573234 0.090086 
853.537684 0.087920 
854.502133 0.085838 
855.466582 0.083922 
856.431032 0.082205 
857.395481 0.080647 
858.359930 0.079266 
859.324380 0.078104 
860.288829 0.077080 
861.253278 0.076253 
862.217728 0.075560 
863.182177 0.075020 
864.146627 0.074626 
865.111076 0.074263 
866.075525 0.073984 
867.039975 0.073879 
868.004424 0.073928 
868.968873 0.073988 
869.933323 0.073919 
870.897772 0.073662 
871.862221 0.073504 
872.826671 0.073483 
873.791120 0.073514 
874.755570 0.073481 
875.720019 0.073478 
876.684468 0.073456 
877.648918 0.073314 
878.613367 0.073070 
879.577816 0.072895 
880.542266 0.072667 
881.506715 0.072389 
882.471164 0.072244 
883.435614 0.072158 
884.400063 0.072041 
885.364512 0.071905 
886.328962 0.071713 
887.293411 0.071577 
888.257861 0.071308 
889.222310 0.071070 
890.186759 0.070811 
891.151209 0.070476 
892.115658 0.070087 
893.080107 0.069737 
894.044557 0.069394 
895.009006 0.069078 
895.973455 0.068836 
896.937905 0.068607 
897.902354 0.068366 
898.866804 0.068042 
899.831253 0.067769 
900.795702 0.067563 
901.760152 0.067348 
902.724601 0.067184 
903.689050 0.066969 
904.653500 0.066577 
905.617949 0.066116 
906.582398 0.065636 
907.546848 0.065235 
908.511297 0.064882 
909.475746 0.064375 
910.440196 0.063804 
911.404645 0.063298 
912.369095 0.062936 
913.333544 0.062661 
914.297993 0.062343 
915.262443 0.062116 
916.226892 0.062025 
917.191341 0.062089 
918.155791 0.062228 
919.120240 0.062275 
920.084689 0.062272 
921.049139 0.062376 
922.013588 0.062450 
922.978038 0.062284 
923.942487 0.061970 
924.906936 0.061730 
925.871386 0.061660 
926.835835 0.061754 
927.800284 0.062170 
928.764734 0.062714 
929.729183 0.063414 
930.693632 0.064200 
931.658082 0.064926 
932.622531 0.065717 
933.586980 0.066410 
934.551430 0.065936 
935.515879 0.064609 
936.480329 0.063727 
937.444778 0.063409 
938.409227 0.063316 
939.373677 0.063279 
940.338126 0.063254 
941.302575 0.063322 
942.267025 0.063462 
943.231474 0.063649 
944.195923 0.063842 
945.160373 0.064047 
946.124822 0.064329 
947.089272 0.064702 
948.053721 0.065066 
949.018170 0.065446 
949.982620 0.065783 
950.947069 0.066223 
951.911518 0.066826 
952.875968 0.067498 
953.840417 0.068126 
954.804866 0.068811 
955.769316 0.069552 
956.733765 0.070364 
957.698214 0.071241 
958.662664 0.072343 
959.627113 0.073482 
960.591563 0.074560 
961.556012 0.075740 
962.520461 0.077057 
963.484911 0.078361 
964.449360 0.079768 
965.413809 0.081215 
966.378259 0.082728 
967.342708 0.084330 
968.307157 0.086101 
969.271607 0.087941 
970.236056 0.089627 
971.200506 0.091226 
972.164955 0.092947 
973.129404 0.094635 
974.093854 0.096076 
975.058303 0.097300 
976.022752 0.098287 
976.987202 0.099048 
977.951651 0.099520 
978.916100 0.099609 
979.880550 0.099428 
980.844999 0.099033 
981.809448 0.098426 
982.773898 0.097552 
983.738347 0.096436 
984.702797 0.095319 
985.667246 0.094293 
986.631695 0.093263 
987.596145 0.092178 
988.560594 0.091191 
989.525043 0.090560 
990.489493 0.090292 
991.453942 0.090085 
992.418391 0.089988 
993.382841 0.090242 
994.347290 0.090802 
995.311740 0.091593 
996.276189 0.092493 
997.240638 0.093571 
998.205088 0.094826 
999.169537 0.096193 
1000.133986 0.097430 
1001.098436 0.098477 
1002.062885 0.099557 
1003.027334 0.100607 
1003.991784 0.101238 
1004.956233 0.101501 
1005.920682 0.101482 
1006.885132 0.101230 
1007.849581 0.100661 
1008.814031 0.099682 
1009.778480 0.098428 
1010.742929 0.097056 
1011.707379 0.095501 
1012.671828 0.093784 
1013.636277 0.091889 
1014.600727 0.089892 
1015.565176 0.087834 
1016.529625 0.085707 
1017.494075 0.083527 
1018.458524 0.081316 
1019.422974 0.079151 
1020.387423 0.077099 
1021.351872 0.075132 
1022.316322 0.073250 
1023.280771 0.071653 
1024.245220 0.070412 
1025.209670 0.069374 
1026.174119 0.068296 
1027.138568 0.067332 
1028.103018 0.066670 
1029.067467 0.066159 
1030.031916 0.065673 
1030.996366 0.065181 
1031.960815 0.064856 
1032.925265 0.064661 
1033.889714 0.064497 
1034.854163 0.064285 
1035.818613 0.064158 
1036.783062 0.064064 
1037.747511 0.064032 
1038.711961 0.064108 
1039.676410 0.064180 
1040.640859 0.064244 
1041.605309 0.064392 
1042.569758 0.064537 
1043.534208 0.064655 
1044.498657 0.064789 
1045.463106 0.065059 
1046.427556 0.065340 
1047.392005 0.065558 
1048.356454 0.065819 
1049.320904 0.066163 
1050.285353 0.066415 
1051.249802 0.066713 
1052.214252 0.067130 
1053.178701 0.067576 
1054.143150 0.068064 
1055.107600 0.068547 
1056.072049 0.068997 
1057.036499 0.069486 
1058.000948 0.069971 
1058.965397 0.070489 
1059.929847 0.071078 
1060.894296 0.071545 
1061.858745 0.071891 
1062.823195 0.072326 
1063.787644 0.072719 
1064.752093 0.073051 
1065.716543 0.073385 
1066.680992 0.073489 
1067.645442 0.073381 
1068.609891 0.073394 
1069.574340 0.073367 
1070.538790 0.073192 
1071.503239 0.072957 
1072.467688 0.072759 
1073.432138 0.072475 
1074.396587 0.072113 
1075.361036 0.071615 
1076.325486 0.071245 
1077.289935 0.070987 
1078.254384 0.070703 
1079.218834 0.070422 
1080.183283 0.070135 
1081.147733 0.069795 
1082.112182 0.069363 
1083.076631 0.068910 
1084.041081 0.068540 
1085.005530 0.068353 
1085.969979 0.068207 
1086.934429 0.068003 
1087.898878 0.067774 
1088.863327 0.067578 
1089.827777 0.067520 
1090.792226 0.067485 
1091.756676 0.067374 
1092.721125 0.067206 
1093.685574 0.067164 
1094.650024 0.067165 
1095.614473 0.067045 
1096.578922 0.066987 
1097.543372 0.067020 
1098.507821 0.067203 
1099.472270 0.067345 
1100.436720 0.067370 
1101.401169 0.067401 
1102.365618 0.067522 
1103.330068 0.067612 
1104.294517 0.067664 
1105.258967 0.067791 
1106.223416 0.067967 
1107.187865 0.068018 
1108.152315 0.067964 
1109.116764 0.067885 
1110.081213 0.067837 
1111.045663 0.067856 
1112.010112 0.067713 
1112.974561 0.067337 
1113.939011 0.066849 
1114.903460 0.066376 
1115.867910 0.065862 
1116.832359 0.065196 
1117.796808 0.064478 
1118.761258 0.063863 
1119.725707 0.063418 
1120.690156 0.063059 
1121.654606 0.062561 
1122.619055 0.062053 
1123.583504 0.061844 
1124.547954 0.061727 
1125.512403 0.061519 
1126.476852 0.061344 
1127.441302 0.061364 
1128.405751 0.061527 
1129.370201 0.061576 
1130.334650 0.061388 
1131.299099 0.061173 
1132.263549 0.061121 
1133.227998 0.061171 
1134.192447 0.061134 
1135.156897 0.061293 
1136.121346 0.061476 
1137.085795 0.061385 
1138.050245 0.061439 
1139.014694 0.061497 
1139.979144 0.061544 
1140.943593 0.061598 
1141.908042 0.061557 
1142.872492 0.061536 
1143.836941 0.061626 
1144.801390 0.061868 
1145.765840 0.062106 
1146.730289 0.062287 
1147.694738 0.062474 
1148.659188 0.062709 
1149.623637 0.062900 
1150.588086 0.062983 
1151.552536 0.063047 
1152.516985 0.063026 
1153.481435 0.062888 
1154.445884 0.062799 
1155.410333 0.062802 
1156.374783 0.062952 
1157.339232 0.063112 
1158.303681 0.063283 
1159.268131 0.063629 
1160.232580 0.064022 
1161.197029 0.064473 
1162.161479 0.064976 
1163.125928 0.065408 
1164.090378 0.065363 
1165.054827 0.064955 
1166.019276 0.064845 
1166.983726 0.065111 
1167.948175 0.065436 
1168.912624 0.065722 
1169.877074 0.066004 
1170.841523 0.066239 
1171.805972 0.066465 
1172.770422 0.066732 
1173.734871 0.067222 
1174.699320 0.067503 
1175.663770 0.067113 
1176.628219 0.067051 
1177.592669 0.067291 
1178.557118 0.067608 
1179.521567 0.067976 
1180.486017 0.068213 
1181.450466 0.068178 
1182.414915 0.068122 
1183.379365 0.068171 
1184.343814 0.068413 
1185.308263 0.068786 
1186.272713 0.069527 
1187.237162 0.070257 
1188.201612 0.070338 
1189.166061 0.070761 
1190.130510 0.071472 
1191.094960 0.072131 
1192.059409 0.072762 
1193.023858 0.073474 
1193.988308 0.074256 
1194.952757 0.075023 
1195.917206 0.075683 
1196.881656 0.076433 
1197.846105 0.077427 
1198.810554 0.078238 
1199.775004 0.078729 
1200.739453 0.079447 
1201.703903 0.080362 
1202.668352 0.081301 
1203.632801 0.082201 
1204.597251 0.083041 
1205.561700 0.083887 
1206.526149 0.084770 
1207.490599 0.085720 
1208.455048 0.086610 
1209.419497 0.087479 
1210.383947 0.088440 
1211.348396 0.089714 
1212.312846 0.090853 
1213.277295 0.090860 
1214.241744 0.091027 
1215.206194 0.091559 
1216.170643 0.091933 
1217.135092 0.092068 
1218.099542 0.092209 
1219.063991 0.092050 
1220.028440 0.091446 
1220.992890 0.090799 
1221.957339 0.090263 
1222.921788 0.089802 
1223.886238 0.089408 
1224.850687 0.089283 
1225.815137 0.088386 
1226.779586 0.086923 
1227.744035 0.085995 
1228.708485 0.085341 
1229.672934 0.084929 
1230.637383 0.084734 
1231.601833 0.084763 
1232.566282 0.084861 
1233.530731 0.085021 
1234.495181 0.085319 
1235.459630 0.085856 
1236.424080 0.086561 
1237.388529 0.087359 
1238.352978 0.088380 
1239.317428 0.089542 
1240.281877 0.090541 
1241.246326 0.091613 
1242.210776 0.092913 
1243.175225 0.094438 
1244.139674 0.095992 
1245.104124 0.096973 
1246.068573 0.097755 
1247.033022 0.098720 
1247.997472 0.099571 
1248.961921 0.100191 
1249.926371 0.100549 
1250.890820 0.100971 
1251.855269 0.101380 
1252.819719 0.101570 
1253.784168 0.101492 
1254.748617 0.101316 
1255.713067 0.100966 
1256.677516 0.100346 
1257.641965 0.099515 
1258.606415 0.098425 
1259.570864 0.097612 
1260.535314 0.096495 
1261.499763 0.093128 
1262.464212 0.090012 
1263.428662 0.087620 
1264.393111 0.085161 
1265.357560 0.083100 
1266.322010 0.081665 
1267.286459 0.079684 
1268.250908 0.078332 
1269.215358 0.077796 
1270.179807 0.077022 
1271.144256 0.075597 
1272.108706 0.074927 
1273.073155 0.072981 
1274.037605 0.071425 
1275.002054 0.070553 
1275.966503 0.069942 
1276.930953 0.069319 
1277.895402 0.068640 
1278.859851 0.068258 
1279.824301 0.068539 
1280.788750 0.068041 
1281.753199 0.066915 
1282.717649 0.066166 
1283.682098 0.065844 
1284.646548 0.065714 
1285.610997 0.065514 
1286.575446 0.066573 
1287.539896 0.068978 
1288.504345 0.068545 
1289.468794 0.066355 
1290.433244 0.066112 
1291.397693 0.065177 
1292.362142 0.064080 
1293.326592 0.063907 
1294.291041 0.063746 
1295.255490 0.063885 
1296.219940 0.065049 
1297.184389 0.065114 
1298.148839 0.063708 
1299.113288 0.063300 
1300.077737 0.063125 
1301.042187 0.063164 
1302.006636 0.063036 
1302.971085 0.062927 
1303.935535 0.062715 
1304.899984 0.063029 
1305.864433 0.063051 
1306.828883 0.063249 
1307.793332 0.064436 
1308.757782 0.064446 
1309.722231 0.062920 
1310.686680 0.062881 
1311.651130 0.065278 
1312.615579 0.069749 
1313.580028 0.068972 
1314.544478 0.067871 
1315.508927 0.066118 
1316.473376 0.067655 
1317.437826 0.068909 
1318.402275 0.068563 
1319.366724 0.069555 
1320.331174 0.067187 
1321.295623 0.065046 
1322.260073 0.063229 
1323.224522 0.063779 
1324.188971 0.063295 
1325.153421 0.062665 
1326.117870 0.062513 
1327.082319 0.062641 
1328.046769 0.062672 
1329.011218 0.063016 
1329.975667 0.063439 
1330.940117 0.062921 
1331.904566 0.062374 
1332.869016 0.062451 
1333.833465 0.062490 
1334.797914 0.062700 
1335.762364 0.065662 
1336.726813 0.070989 
1337.691262 0.072499 
1338.655712 0.080068 
1339.620161 0.087000 
1340.584610 0.081127 
1341.549060 0.067814 
1342.513509 0.062785 
1343.477958 0.062909 
1344.442408 0.062998 
1345.406857 0.062850 
1346.371307 0.062704 
1347.335756 0.062614 
1348.300205 0.063109 
1349.264655 0.063929 
1350.229104 0.063402 
1351.193553 0.062927 
1352.158003 0.063123 
1353.122452 0.063127 
1354.086901 0.065152 
1355.051351 0.067506 
1356.015800 0.064658 
1356.980250 0.063851 
1357.944699 0.065513 
1358.909148 0.064774 
1359.873598 0.064805 
1360.838047 0.070661 
1361.802496 0.074215 
1362.766946 0.080126 
1363.731395 0.076729 
1364.695844 0.065734 
1365.660294 0.063320 
1366.624743 0.063097 
1367.589192 0.064970 
1368.553642 0.069019 
1369.518091 0.068142 
1370.482541 0.064816 
1371.446990 0.065181 
1372.411439 0.066982 
1373.375889 0.072005 
1374.340338 0.075160 
1375.304787 0.070840 
1376.269237 0.065955 
1377.233686 0.066687 
1378.198135 0.070120 
1379.162585 0.069273 
1380.127034 0.067338 
1381.091484 0.065166 
1382.055933 0.065198 
1383.020382 0.064814 
1383.984832 0.064431 
1384.949281 0.064769 
1385.913730 0.069356 
1386.878180 0.077015 
1387.842629 0.076530 
1388.807078 0.068069 
1389.771528 0.065073 
1390.735977 0.066404 
1391.700426 0.065732 
1392.664876 0.064586 
1393.629325 0.067522 
1394.593775 0.075994 
1395.558224 0.076998 
1396.522673 0.072420 
1397.487123 0.074246 
1398.451572 0.075801 
1399.416021 0.073084 
1400.380471 0.068174 
1401.344920 0.064928 
1402.309369 0.064814 
1403.273819 0.065352 
1404.238268 0.069155 
1405.202718 0.073482 
1406.167167 0.068504 
1407.131616 0.064829 
1408.096066 0.064927 
1409.060515 0.066065 
1410.024964 0.068196 
1410.989414 0.069411 
1411.953863 0.070196 
1412.918312 0.066352 
1413.882762 0.064660 
1414.847211 0.065802 
1415.811660 0.070997 
1416.776110 0.077031 
1417.740559 0.079283 
1418.705009 0.077283 
1419.669458 0.079151 
1420.633907 0.070259 
1421.598357 0.065989 
1422.562806 0.065619 
1423.527255 0.072762 
1424.491705 0.075256 
1425.456154 0.067369 
1426.420603 0.065071 
1427.385053 0.066265 
1428.349502 0.067905 
1429.313952 0.067987 
1430.278401 0.069183 
1431.242850 0.067875 
1432.207300 0.069135 
1433.171749 0.071707 
1434.136198 0.069121 
1435.100648 0.069457 
1436.065097 0.076544 
1437.029546 0.080217 
1437.993996 0.070907 
1438.958445 0.066011 
1439.922894 0.065298 
1440.887344 0.065467 
1441.851793 0.065471 
1442.816243 0.064757 
1443.780692 0.065008 
1444.745141 0.066085 
1445.709591 0.066487 
1446.674040 0.066363 
1447.638489 0.071290 
1448.602939 0.072187 
1449.567388 0.067031 
1450.531837 0.066128 
1451.496287 0.070322 
1452.460736 0.073152 
1453.425186 0.069493 
1454.389635 0.072295 
1455.354084 0.077664 
1456.318534 0.078298 
1457.282983 0.080579 
1458.247432 0.078778 
1459.211882 0.077030 
1460.176331 0.071282 
1461.140780 0.067690 
1462.105230 0.067088 
1463.069679 0.066414 
1464.034128 0.065147 
1464.998578 0.068419 
1465.963027 0.069764 
1466.927477 0.068255 
1467.891926 0.068539 
1468.856375 0.067737 
1469.820825 0.067985 
1470.785274 0.069417 
1471.749723 0.075630 
1472.714173 0.080549 
1473.678622 0.082043 
1474.643071 0.076444 
1475.607521 0.074632 
1476.571970 0.080236 
1477.536420 0.073711 
1478.500869 0.069341 
1479.465318 0.069218 
1480.429768 0.071590 
1481.394217 0.075710 
1482.358666 0.072950 
1483.323116 0.070149 
1484.287565 0.070226 
1485.252014 0.073236 
1486.216464 0.077362 
1487.180913 0.076861 
1488.145362 0.079861 
1489.109812 0.090779 
1490.074261 0.096710 
1491.038711 0.086648 
1492.003160 0.078842 
1492.967609 0.074898 
1493.932059 0.075057 
1494.896508 0.075453 
1495.860957 0.078751 
1496.825407 0.083383 
1497.789856 0.079675 
1498.754305 0.080766 
1499.718755 0.084601 
1500.683204 0.085564 
1501.647654 0.089911 
1502.612103 0.087637 
1503.576552 0.083399 
1504.541002 0.080558 
1505.505451 0.079309 
1506.469900 0.098184 
1507.434350 0.134996 
1508.398799 0.126326 
1509.363248 0.119529 
1510.327698 0.115243 
1511.292147 0.105468 
1512.256596 0.106579 
1513.221046 0.102860 
1514.185495 0.101204 
1515.149945 0.110225 
1516.114394 0.115762 
1517.078843 0.117789 
1518.043293 0.109631 
1519.007742 0.104826 
1519.972191 0.108561 
1520.936641 0.117541 
1521.901090 0.112232 
1522.865539 0.109482 
1523.829989 0.111059 
1524.794438 0.115390 
1525.758888 0.119840 
1526.723337 0.119931 
1527.687786 0.123077 
1528.652236 0.119342 
1529.616685 0.115803 
1530.581134 0.117516 
1531.545584 0.125880 
1532.510033 0.124860 
1533.474482 0.124628 
1534.438932 0.133728 
1535.403381 0.135532 
1536.367830 0.132638 
1537.332280 0.129275 
1538.296729 0.127854 
1539.261179 0.129084 
1540.225628 0.137926 
1541.190077 0.139312 
1542.154527 0.146610 
1543.118976 0.160479 
1544.083425 0.167181 
1545.047875 0.174233 
1546.012324 0.166874 
1546.976773 0.157087 
1547.941223 0.155793 
1548.905672 0.160990 
1549.870122 0.175772 
1550.834571 0.170214 
1551.799020 0.158452 
1552.763470 0.155673 
1553.727919 0.156960 
1554.692368 0.162288 
1555.656818 0.155658 
1556.621267 0.147395 
1557.585716 0.139079 
1558.550166 0.142519 
1559.514615 0.147306 
1560.479064 0.146649 
1561.443514 0.140005 
1562.407963 0.135840 
1563.372413 0.132449 
1564.336862 0.129350 
1565.301311 0.129269 
1566.265761 0.127770 
1567.230210 0.124621 
1568.194659 0.121503 
1569.159109 0.118971 
1570.123558 0.120915 
1571.088007 0.119722 
1572.052457 0.118395 
1573.016906 0.117620 
1573.981356 0.115683 
1574.945805 0.110667 
1575.910254 0.106024 
1576.874704 0.116657 
1577.839153 0.117983 
1578.803602 0.116116 
1579.768052 0.115248 
1580.732501 0.115083 
1581.696950 0.115049 
1582.661400 0.115385 
1583.625849 0.115024 
1584.590298 0.113830 
1585.554748 0.112831 
1586.519197 0.111942 
1587.483647 0.111005 
1588.448096 0.109977 
1589.412545 0.109624 
1590.376995 0.108715 
1591.341444 0.106786 
1592.305893 0.105046 
1593.270343 0.102904 
1594.234792 0.101994 
1595.199241 0.101093 
1596.163691 0.099519 
1597.128140 0.097415 
1598.092590 0.094915 
1599.057039 0.093335 
1600.021488 0.091753 
1600.985938 0.091101 
1601.950387 0.090639 
1602.914836 0.090230 
1603.879286 0.088152 
1604.843735 0.085594 
1605.808184 0.084546 
1606.772634 0.085217 
1607.737083 0.084546 
1608.701532 0.082581 
1609.665982 0.082895 
1610.630431 0.081426 
1611.594881 0.080079 
1612.559330 0.079710 
1613.523779 0.078572 
1614.488229 0.076798 
1615.452678 0.072063 
1616.417127 0.066913 
1617.381577 0.074492 
1618.346026 0.076361 
1619.310475 0.077206 
1620.274925 0.078014 
1621.239374 0.077703 
1622.203824 0.075648 
1623.168273 0.073713 
1624.132722 0.075849 
1625.097172 0.076090 
1626.061621 0.075056 
1627.026070 0.072294 
1627.990520 0.072827 
1628.954969 0.074842 
1629.919418 0.074436 
1630.883868 0.074358 
1631.848317 0.074116 
1632.812766 0.073509 
1633.777216 0.070260 
1634.741665 0.063957 
1635.706115 0.069763 
1636.670564 0.073568 
1637.635013 0.075338 
1638.599463 0.076248 
1639.563912 0.074907 
1640.528361 0.075371 
1641.492811 0.074713 
1642.457260 0.075116 
1643.421709 0.073918 
1644.386159 0.071694 
1645.350608 0.068811 
1646.315058 0.072119 
1647.279507 0.074729 
1648.243956 0.075833 
1649.208406 0.074850 
1650.172855 0.072729 
1651.137304 0.067719 
1652.101754 0.058857 
1653.066203 0.057624 
1654.030652 0.079265 
1654.995102 0.079648 
1655.959551 0.075905 
1656.924000 0.075348 
1657.888450 0.074324 
1658.852899 0.072656 
1659.817349 0.072652 
1660.781798 0.073663 
1661.746247 0.072328 
1662.710697 0.070141 
1663.675146 0.072754 
1664.639595 0.072217 
1665.604045 0.072337 
1666.568494 0.071986 
1667.532943 0.073302 
1668.497393 0.074919 
1669.461842 0.074256 
1670.426292 0.071554 
1671.390741 0.073260 
1672.355190 0.074974 
1673.319640 0.071883 
1674.284089 0.068276 
1675.248538 0.072083 
1676.212988 0.076937 
1677.177437 0.073196 
1678.141886 0.072628 
1679.106336 0.076134 
1680.070785 0.087160 
1681.035234 0.084808 
1681.999684 0.074758 
1682.964133 0.071972 
1683.928583 0.077430 
1684.893032 0.077849 
1685.857481 0.074000 
1686.821931 0.073216 
1687.786380 0.079406 
1688.750829 0.082015 
1689.715279 0.076674 
1690.679728 0.074606 
1691.644177 0.071908 
1692.608627 0.070954 
1693.573076 0.070385 
1694.537526 0.068118 
1695.501975 0.068037 
1696.466424 0.078688 
1697.430874 0.076375 
1698.395323 0.072549 
1699.359772 0.066432 
1700.324222 0.072879 
1701.288671 0.079237 
1702.253120 0.076401 
1703.217570 0.074648 
1704.182019 0.074620 
1705.146468 0.074172 
1706.110918 0.072209 
1707.075367 0.075720 
1708.039817 0.073974 
1709.004266 0.072881 
1709.968715 0.075871 
1710.933165 0.075957 
1711.897614 0.074410 
1712.862063 0.076153 
1713.826513 0.078307 
1714.790962 0.082553 
1715.755411 0.082785 
1716.719861 0.076602 
1717.684310 0.076885 
1718.648760 0.080285 
1719.613209 0.074940 
1720.577658 0.071608 
1721.542108 0.071875 
1722.506557 0.072557 
1723.471006 0.075107 
1724.435456 0.073075 
1725.399905 0.069779 
1726.364354 0.069438 
1727.328804 0.069635 
1728.293253 0.069977 
1729.257702 0.074842 
1730.222152 0.083007 
1731.186601 0.077062 
1732.151051 0.073693 
1733.115500 0.076254 
1734.079949 0.082823 
1735.044399 0.078164 
1736.008848 0.072934 
1736.973297 0.072740 
1737.937747 0.073680 
1738.902196 0.070840 
1739.866645 0.071235 
1740.831095 0.072347 
1741.795544 0.072036 
1742.759994 0.078528 
1743.724443 0.087129 
1744.688892 0.081757 
1745.653342 0.076887 
1746.617791 0.077536 
1747.582240 0.079207 
1748.546690 0.080515 
1749.511139 0.081806 
1750.475588 0.080266 
1751.440038 0.085716 
1752.404487 0.079161 
1753.368936 0.072112 
1754.333386 0.069104 
1755.297835 0.068267 
1756.262285 0.071776 
1757.226734 0.076867 
1758.191183 0.074698 
1759.155633 0.071529 
1760.120082 0.068708 
1761.084531 0.069951 
1762.048981 0.074526 
1763.013430 0.070849 
1763.977879 0.067436 
1764.942329 0.067218 
1765.906778 0.067375 
1766.871228 0.069099 
1767.835677 0.076174 
1768.800126 0.076779 
1769.764576 0.068227 
1770.729025 0.064869 
1771.693474 0.063085 
1772.657924 0.064905 
1773.622373 0.067697 
1774.586822 0.067930 
1775.551272 0.071696 
1776.515721 0.070522 
1777.480170 0.067600 
1778.444620 0.070036 
1779.409069 0.071002 
1780.373519 0.071523 
1781.337968 0.072919 
1782.302417 0.069727 
1783.266867 0.067773 
1784.231316 0.070916 
1785.195765 0.075506 
1786.160215 0.070511 
1787.124664 0.067420 
1788.089113 0.067939 
1789.053563 0.068814 
1790.018012 0.071414 
1790.982462 0.075873 
1791.946911 0.072734 
1792.911360 0.071943 
1793.875810 0.070598 
1794.840259 0.070589 
1795.804708 0.077078 
1796.769158 0.076144 
1797.733607 0.069661 
1798.698056 0.066926 
1799.662506 0.068981 
1800.626955 0.072963 
1801.591404 0.077903 
1802.555854 0.078255 
1803.520303 0.071246 
1804.484753 0.067673 
1805.449202 0.067626 
1806.413651 0.067918 
1807.378101 0.071194 
1808.342550 0.071666 
1809.306999 0.068151 
1810.271449 0.069056 
1811.235898 0.072591 
1812.200347 0.073505 
1813.164797 0.070622 
1814.129246 0.067412 
1815.093696 0.067292 
1816.058145 0.067683 
1817.022594 0.070836 
1817.987044 0.071220 
1818.951493 0.067752 
1819.915942 0.066689 
1820.880392 0.067024 
1821.844841 0.068339 
1822.809290 0.070153 
1823.773740 0.068647 
1824.738189 0.070916 
1825.702638 0.075127 
1826.667088 0.069309 
1827.631537 0.066306 
1828.595987 0.066347 
1829.560436 0.069563 
1830.524885 0.071439 
1831.489335 0.068061 
1832.453784 0.067713 
1833.418233 0.069366 
1834.382683 0.067618 
1835.347132 0.066237 
1836.311581 0.067589 
1837.276031 0.070167 
1838.240480 0.068266 
1839.204930 0.066247 
1840.169379 0.065968 
1841.133828 0.067335 
1842.098278 0.070895 
1843.062727 0.069891 
1844.027176 0.070668 
1844.991626 0.075414 
1845.956075 0.071815 
1846.920524 0.070284 
1847.884974 0.073823 
1848.849423 0.071218 
1849.813872 0.066588 
1850.778322 0.065419 
1851.742771 0.065368 
1852.707221 0.065512 
1853.671670 0.065403 
1854.636119 0.065317 
1855.600569 0.065209 
1856.565018 0.065301 
1857.529467 0.066099 
1858.493917 0.067889 
1859.458366 0.067455 
1860.422815 0.067236 
1861.387265 0.068459 
1862.351714 0.067030 
1863.316164 0.065691 
1864.280613 0.065935 
1865.245062 0.065747 
1866.209512 0.067473 
1867.173961 0.069064 
1868.138410 0.071478 
1869.102860 0.073591 
1870.067309 0.073101 
1871.031758 0.070270 
1871.996208 0.066646 
1872.960657 0.065014 
1873.925106 0.064920 
1874.889556 0.064845 
1875.854005 0.064825 
1876.818455 0.064855 
1877.782904 0.064957 
1878.747353 0.065993 
1879.711803 0.066588 
1880.676252 0.065378 
1881.640701 0.064930 
1882.605151 0.064946 
1883.569600 0.065230 
1884.534049 0.066224 
1885.498499 0.066573 
1886.462948 0.065613 
1887.427398 0.065461 
1888.391847 0.065990 
1889.356296 0.070205 
1890.320746 0.070545 
1891.285195 0.066726 
1892.249644 0.066018 
1893.214094 0.066241 
1894.178543 0.067342 
1895.142992 0.069989 
1896.107442 0.068856 
1897.071891 0.066624 
1898.036340 0.066453 
1899.000790 0.066005 
1899.965239 0.066003 
1900.929689 0.066337 
1901.894138 0.067030 
1902.858587 0.066498 
1903.823037 0.066394 
1904.787486 0.066359 
1905.751935 0.066235 
1906.716385 0.066671 
1907.680834 0.069118 
1908.645283 0.069559 
1909.609733 0.070185 
1910.574182 0.070229 
1911.538632 0.067345 
1912.503081 0.066577 
1913.467530 0.066570 
1914.431980 0.067041 
1915.396429 0.067086 
1916.360878 0.066758 
1917.325328 0.068134 
1918.289777 0.072052 
1919.254226 0.069606 
1920.218676 0.067299 
1921.183125 0.068143 
1922.147574 0.073259 
1923.112024 0.076978 
1924.076473 0.071360 
1925.040923 0.067332 
1926.005372 0.066768 
1926.969821 0.066793 
1927.934271 0.066883 
1928.898720 0.066820 
1929.863169 0.066697 
1930.827619 0.066731 
1931.792068 0.067024 
1932.756517 0.067929 
1933.720967 0.067878 
1934.685416 0.067040 
1935.649866 0.066791 
1936.614315 0.066851 
1937.578764 0.066946 
1938.543214 0.067002 
1939.507663 0.066948 
1940.472112 0.067466 
1941.436562 0.069857 
1942.401011 0.075608 
1943.365460 0.073763 
1944.329910 0.068326 
1945.294359 0.068249 
1946.258808 0.068460 
1947.223258 0.067690 
1948.187707 0.067257 
1949.152157 0.067879 
1950.116606 0.067713 
1951.081055 0.067140 
1952.045505 0.066834 
1953.009954 0.066892 
1953.974403 0.067344 
1954.938853 0.068540 
1955.903302 0.068317 
1956.867751 0.068483 
1957.832201 0.071242 
1958.796650 0.072813 
1959.761100 0.069988 
1960.725549 0.068231 
1961.689998 0.067826 
1962.654448 0.067068 
1963.618897 0.066761 
1964.583346 0.066887 
1965.547796 0.068202 
1966.512245 0.071207 
1967.476694 0.073076 
1968.441144 0.069900 
1969.405593 0.067068 
1970.370042 0.066855 
1971.334492 0.066740 
1972.298941 0.066806 
1973.263391 0.066807 
1974.227840 0.066880 
1975.192289 0.066846 
1976.156739 0.066923 
1977.121188 0.066905 
1978.085637 0.066962 
1979.050087 0.066886 
1980.014536 0.066945 
1980.978985 0.067005 
1981.943435 0.067167 
1982.907884 0.067075 
1983.872334 0.067103 
1984.836783 0.067090 
1985.801232 0.067236 
1986.765682 0.067374 
1987.730131 0.069479 
1988.694580 0.071097 
1989.659030 0.068818 
1990.623479 0.068106 
1991.587928 0.072672 
1992.552378 0.075543 
1993.516827 0.070727 
1994.481276 0.068075 
1995.445726 0.067818 
1996.410175 0.067825 
1997.374625 0.067857 
1998.339074 0.068168 
1999.303523 0.068336 
2000.267973 0.068141 
2001.232422 0.068104 
2002.196871 0.068179 
2003.161321 0.068236 
2004.125770 0.068256 
2005.090219 0.068298 
2006.054669 0.068385 
2007.019118 0.068869 
2007.983568 0.069179 
2008.948017 0.068883 
2009.912466 0.068620 
2010.876916 0.068575 
2011.841365 0.068527 
2012.805814 0.068583 
2013.770264 0.068573 
2014.734713 0.068690 
2015.699162 0.069741 
2016.663612 0.073079 
2017.628061 0.073465 
2018.592510 0.072070 
2019.556960 0.070607 
2020.521409 0.069172 
2021.485859 0.069002 
2022.450308 0.069547 
2023.414757 0.069926 
2024.379207 0.069277 
2025.343656 0.069086 
2026.308105 0.069293 
2027.272555 0.069768 
2028.237004 0.070454 
2029.201453 0.070506 
2030.165903 0.069584 
2031.130352 0.069226 
2032.094802 0.069115 
2033.059251 0.069129 
2034.023700 0.069158 
2034.988150 0.069216 
2035.952599 0.069177 
2036.917048 0.069314 
2037.881498 0.069310 
2038.845947 0.069224 
2039.810396 0.069435 
2040.774846 0.071445 
2041.739295 0.072415 
2042.703744 0.070244 
2043.668194 0.069557 
2044.632643 0.069597 
2045.597093 0.069487 
2046.561542 0.069597 
2047.525991 0.069451 
2048.490441 0.069277 
2049.454890 0.069267 
2050.419339 0.069266 
2051.383789 0.069261 
2052.348238 0.069218 
2053.312687 0.069219 
2054.277137 0.069267 
2055.241586 0.069304 
2056.206036 0.069230 
2057.170485 0.069159 
2058.134934 0.069124 
2059.099384 0.069194 
2060.063833 0.069507 
2061.028282 0.069532 
2061.992732 0.069189 
2062.957181 0.069028 
2063.921630 0.070157 
2064.886080 0.072632 
2065.850529 0.072005 
2066.814978 0.069760 
2067.779428 0.069039 
2068.743877 0.069076 
2069.708327 0.068992 
2070.672776 0.068807 
2071.637225 0.068816 
2072.601675 0.068978 
2073.566124 0.069172 
2074.530573 0.069028 
2075.495023 0.068771 
2076.459472 0.068764 
2077.423921 0.069065 
2078.388371 0.069168 
2079.352820 0.068899 
2080.317270 0.068741 
2081.281719 0.068988 
2082.246168 0.069132 
2083.210618 0.068782 
2084.175067 0.068628 
2085.139516 0.068793 
2086.103966 0.069211 
2087.068415 0.069419 
2088.032864 0.069064 
2088.997314 0.069296 
2089.961763 0.070821 
2090.926212 0.070412 
2091.890662 0.068857 
2092.855111 0.068646 
2093.819561 0.068856 
2094.784010 0.069271 
2095.748459 0.068959 
2096.712909 0.068657 
2097.677358 0.068743 
2098.641807 0.069199 
2099.606257 0.069260 
2100.570706 0.068866 
2101.535155 0.068722 
2102.499605 0.069106 
2103.464054 0.069432 
2104.428504 0.068930 
2105.392953 0.068682 
2106.357402 0.069002 
2107.321852 0.069550 
2108.286301 0.069208 
2109.250750 0.068732 
2110.215200 0.068875 
2111.179649 0.069462 
2112.144098 0.069367 
2113.108548 0.068824 
2114.072997 0.069241 
2115.037446 0.070247 
2116.001896 0.069986 
2116.966345 0.068975 
2117.930795 0.068744 
2118.895244 0.069180 
2119.859693 0.069582 
2120.824143 0.069069 
2121.788592 0.068819 
2122.753041 0.069162 
2123.717491 0.069685 
2124.681940 0.069341 
2125.646389 0.068937 
2126.610839 0.069151 
2127.575288 0.069649 
2128.539738 0.069402 
2129.504187 0.069038 
2130.468636 0.069173 
2131.433086 0.069584 
2132.397535 0.069445 
2133.361984 0.069066 
2134.326434 0.069096 
2135.290883 0.069682 
2136.255332 0.070082 
2137.219782 0.069525 
2138.184231 0.069208 
2139.148680 0.069467 
2140.113130 0.069399 
2141.077579 0.069019 
2142.042029 0.068992 
2143.006478 0.069058 
2143.970927 0.069129 
2144.935377 0.069150 
2145.899826 0.069203 
2146.864275 0.069299 
2147.828725 0.069318 
2148.793174 0.069156 
2149.757623 0.069239 
2150.722073 0.069509 
2151.686522 0.069489 
2152.650972 0.069328 
2153.615421 0.069519 
2154.579870 0.069798 
2155.544320 0.069585 
2156.508769 0.069295 
2157.473218 0.069615 
2158.437668 0.069955 
2159.402117 0.069612 
2160.366566 0.069400 
2161.331016 0.070114 
2162.295465 0.070371 
2163.259914 0.069659 
2164.224364 0.069449 
2165.188813 0.070011 
2166.153263 0.070014 
2167.117712 0.069404 
2168.082161 0.069613 
2169.046611 0.070255 
2170.011060 0.069924 
2170.975509 0.069379 
2171.939959 0.069857 
2172.904408 0.070357 
2173.868857 0.069820 
2174.833307 0.069509 
2175.797756 0.070147 
2176.762206 0.070264 
2177.726655 0.069639 
2178.691104 0.069735 
2179.655554 0.070279 
2180.620003 0.070032 
2181.584452 0.069601 
2182.548902 0.069973 
2183.513351 0.070209 
2184.477800 0.069740 
2185.442250 0.069715 
2186.406699 0.070297 
2187.371148 0.070142 
2188.335598 0.069629 
2189.300047 0.069947 
2190.264497 0.070215 
2191.228946 0.069769 
2192.193395 0.069657 
2193.157845 0.070067 
2194.122294 0.069957 
2195.086743 0.069592 
2196.051193 0.069833 
2197.015642 0.069986 
2197.980091 0.069657 
2198.944541 0.069657 
2199.908990 0.069936 
2200.873440 0.069799 
2201.837889 0.069639 
2202.802338 0.069843 
2203.766788 0.069880 
2204.731237 0.069764 
2205.695686 0.069942 
2206.660136 0.069980 
2207.624585 0.069744 
2208.589034 0.069722 
2209.553484 0.069879 
2210.517933 0.069776 
2211.482382 0.069683 
2212.446832 0.069722 
2213.411281 0.069688 
2214.375731 0.069626 
2215.340180 0.069640 
2216.304629 0.069593 
2217.269079 0.069537 
2218.233528 0.069594 
2219.197977 0.069655 
2220.162427 0.069563 
2221.126876 0.069572 
2222.091325 0.069626 
2223.055775 0.069616 
2224.020224 0.069603 
2224.984674 0.069616 
2225.949123 0.069599 
2226.913572 0.069630 
2227.878022 0.069667 
2228.842471 0.069658 
2229.806920 0.069670 
2230.771370 0.069740 
2231.735819 0.069706 
2232.700268 0.069685 
2233.664718 0.069676 
2234.629167 0.069709 
2235.593616 0.069743 
2236.558066 0.069745 
2237.522515 0.069765 
2238.486965 0.069806 
2239.451414 0.069867 
2240.415863 0.069898 
2241.380313 0.069931 
2242.344762 0.069982 
2243.309211 0.070025 
2244.273661 0.070019 
2245.238110 0.070028 
2246.202559 0.070082 
2247.167009 0.070105 
2248.131458 0.070136 
2249.095908 0.070105 
2250.060357 0.070225 
2251.024806 0.070272 
2251.989256 0.070355 
2252.953705 0.070379 
2253.918154 0.070521 
2254.882604 0.070582 
2255.847053 0.070690 
2256.811502 0.070666 
2257.775952 0.070702 
2258.740401 0.070689 
2259.704850 0.070788 
2260.669300 0.070805 
2261.633749 0.070857 
2262.598199 0.070852 
2263.562648 0.070934 
2264.527097 0.070963 
2265.491547 0.071007 
2266.455996 0.071007 
2267.420445 0.071086 
2268.384895 0.071083 
2269.349344 0.071167 
2270.313793 0.071232 
2271.278243 0.071398 
2272.242692 0.071550 
2273.207142 0.071654 
2274.171591 0.071783 
2275.136040 0.071995 
2276.100490 0.072113 
2277.064939 0.072393 
2278.029388 0.072580 
2278.993838 0.072731 
2279.958287 0.073046 
2280.922736 0.073274 
2281.887186 0.073633 
2282.851635 0.073940 
2283.816084 0.074133 
2284.780534 0.074519 
2285.744983 0.074485 
2286.709433 0.074843 
2287.673882 0.074973 
2288.638331 0.075228 
2289.602781 0.075797 
2290.567230 0.075739 
2291.531679 0.076530 
2292.496129 0.076473 
2293.460578 0.077267 
2294.425027 0.077690 
2295.389477 0.077870 
2296.353926 0.079070 
2297.318376 0.078815 
2298.282825 0.080339 
2299.247274 0.080046 
2300.211724 0.081229 
2301.176173 0.081665 
2302.140622 0.081655 
2303.105072 0.082887 
2304.069521 0.082530 
2305.033970 0.084510 
2305.998420 0.083984 
2306.962869 0.085996 
2307.927318 0.085283 
2308.891768 0.086298 
2309.856217 0.086269 
2310.820667 0.086259 
2311.785116 0.086560 
2312.749565 0.084994 
2313.714015 0.085471 
2314.678464 0.082715 
2315.642913 0.083120 
2316.607363 0.081536 
2317.571812 0.082409 
2318.536261 0.081332 
2319.500711 0.082128 
2320.465160 0.080538 
2321.429610 0.081057 
2322.394059 0.079266 
2323.358508 0.078964 
2324.322958 0.076421 
2325.287407 0.074244 
2326.251856 0.072084 
2327.216306 0.070978 
2328.180755 0.069972 
2329.145204 0.069279 
2330.109654 0.068407 
2331.074103 0.067258 
2332.038552 0.065437 
2333.003002 0.063511 
2333.967451 0.061404 
2334.931901 0.059412 
2335.896350 0.058723 
2336.860799 0.058370 
2337.825249 0.057167 
2338.789698 0.056960 
2339.754147 0.057744 
2340.718597 0.057719 
2341.683046 0.058091 
2342.647495 0.059371 
2343.611945 0.061910 
2344.576394 0.065124 
2345.540844 0.067819 
2346.505293 0.070343 
2347.469742 0.072769 
2348.434192 0.076979 
2349.398641 0.077187 
2350.363090 0.074389 
2351.327540 0.070824 
2352.291989 0.066427 
2353.256438 0.062551 
2354.220888 0.061207 
2355.185337 0.059641 
2356.149786 0.056276 
2357.114236 0.054077 
2358.078685 0.053733 
2359.043135 0.053692 
2360.007584 0.052199 
2360.972033 0.052056 
2361.936483 0.052319 
2362.900932 0.052951 
2363.865381 0.053948 
2364.829831 0.055655 
2365.794280 0.057025 
2366.758729 0.058971 
2367.723179 0.061025 
2368.687628 0.063459 
2369.652078 0.065586 
2370.616527 0.067779 
2371.580976 0.069958 
2372.545426 0.072187 
2373.509875 0.074313 
2374.474324 0.076287 
2375.438774 0.078115 
2376.403223 0.079632 
2377.367672 0.080852 
2378.332122 0.081639 
2379.296571 0.081963 
2380.261020 0.081615 
2381.225470 0.080664 
2382.189919 0.079435 
2383.154369 0.078012 
2384.118818 0.076407 
2385.083267 0.074889 
2386.047717 0.073643 
2387.012166 0.072675 
2387.976615 0.071944 
2388.941065 0.071396 
2389.905514 0.071073 
2390.869963 0.070859 
2391.834413 0.070734 
2392.798862 0.070675 
2393.763312 0.070676 
2394.727761 0.070677 
2395.692210 0.070741 
2396.656660 0.070741 
2397.621109 0.070733 
2398.585558 0.070711 
2399.550008 0.070760 
2400.514457 0.070825 
2401.478906 0.070849 
2402.443356 0.070791 
2403.407805 0.070792 
2404.372254 0.070845 
2405.336704 0.070931 
2406.301153 0.070979 
2407.265603 0.071046 
2408.230052 0.071128 
2409.194501 0.071187 
2410.158951 0.071191 
2411.123400 0.071151 
2412.087849 0.071173 
2413.052299 0.071246 
2414.016748 0.071263 
2414.981197 0.071254 
2415.945647 0.071267 
2416.910096 0.071325 
2417.874546 0.071363 
2418.838995 0.071359 
2419.803444 0.071309 
2420.767894 0.071348 
2421.732343 0.071387 
2422.696792 0.071402 
2423.661242 0.071413 
2424.625691 0.071473 
2425.590140 0.071533 
2426.554590 0.071555 
2427.519039 0.071544 
2428.483488 0.071587 
2429.447938 0.071611 
2430.412387 0.071638 
2431.376837 0.071626 
2432.341286 0.071663 
2433.305735 0.071716 
2434.270185 0.071706 
2435.234634 0.071678 
2436.199083 0.071659 
2437.163533 0.071643 
2438.127982 0.071690 
2439.092431 0.071730 
2440.056881 0.071721 
2441.021330 0.071723 
2441.985780 0.071759 
2442.950229 0.071784 
2443.914678 0.071818 
2444.879128 0.071804 
2445.843577 0.071796 
2446.808026 0.071796 
2447.772476 0.071794 
2448.736925 0.071748 
2449.701374 0.071722 
2450.665824 0.071654 
2451.630273 0.071563 
2452.594722 0.071480 
2453.559172 0.071468 
2454.523621 0.071473 
2455.488071 0.071439 
2456.452520 0.071359 
2457.416969 0.071380 
2458.381419 0.071392 
2459.345868 0.071360 
2460.310317 0.071365 
2461.274767 0.071362 
2462.239216 0.071337 
2463.203665 0.071340 
2464.168115 0.071313 
2465.132564 0.071305 
2466.097014 0.071269 
2467.061463 0.071200 
2468.025912 0.071169 
2468.990362 0.071118 
2469.954811 0.071036 
2470.919260 0.070986 
2471.883710 0.070920 
2472.848159 0.070887 
2473.812608 0.070864 
2474.777058 0.070823 
2475.741507 0.070760 
2476.705956 0.070652 
2477.670406 0.070626 
2478.634855 0.070682 
2479.599305 0.070647 
2480.563754 0.070599 
2481.528203 0.070568 
2482.492653 0.070539 
2483.457102 0.070532 
2484.421551 0.070541 
2485.386001 0.070488 
2486.350450 0.070465 
2487.314899 0.070452 
2488.279349 0.070394 
2489.243798 0.070362 
2490.208248 0.070387 
2491.172697 0.070413 
2492.137146 0.070412 
2493.101596 0.070370 
2494.066045 0.070389 
2495.030494 0.070412 
2495.994944 0.070423 
2496.959393 0.070426 
2497.923842 0.070392 
2498.888292 0.070429 
2499.852741 0.070532 
2500.817190 0.070558 
2501.781640 0.070577 
2502.746089 0.070584 
2503.710539 0.070609 
2504.674988 0.070627 
2505.639437 0.070578 
2506.603887 0.070525 
2507.568336 0.070615 
2508.532785 0.070699 
2509.497235 0.070722 
2510.461684 0.070713 
2511.426133 0.070736 
2512.390583 0.070797 
2513.355032 0.070884 
2514.319482 0.070890 
2515.283931 0.070953 
2516.248380 0.071062 
2517.212830 0.071164 
2518.177279 0.071213 
2519.141728 0.071273 
2520.106178 0.071296 
2521.070627 0.071335 
2522.035076 0.071342 
2522.999526 0.071420 
2523.963975 0.071473 
2524.928424 0.071588 
2525.892874 0.071608 
2526.857323 0.071634 
2527.821773 0.071636 
2528.786222 0.071740 
2529.750671 0.071777 
2530.715121 0.071843 
2531.679570 0.071881 
2532.644019 0.072038 
2533.608469 0.072112 
2534.572918 0.072148 
2535.537367 0.072161 
2536.501817 0.072240 
2537.466266 0.072298 
2538.430716 0.072347 
2539.395165 0.072349 
2540.359614 0.072415 
2541.324064 0.072476 
2542.288513 0.072500 
2543.252962 0.072527 
2544.217412 0.072554 
2545.181861 0.072634 
2546.146310 0.072679 
2547.110760 0.072718 
2548.075209 0.072777 
2549.039658 0.072861 
2550.004108 0.072919 
2550.968557 0.072936 
2551.933007 0.072869 
2552.897456 0.072845 
2553.861905 0.072847 
2554.826355 0.072856 
2555.790804 0.072864 
2556.755253 0.072909 
2557.719703 0.072918 
2558.684152 0.072920 
2559.648601 0.072877 
2560.613051 0.072857 
2561.577500 0.072872 
2562.541950 0.072886 
2563.506399 0.072903 
2564.470848 0.072911 
2565.435298 0.072912 
2566.399747 0.072941 
2567.364196 0.072960 
2568.328646 0.072968 
2569.293095 0.072951 
2570.257544 0.072980 
2571.221994 0.072993 
2572.186443 0.072994 
2573.150892 0.072958 
2574.115342 0.072897 
2575.079791 0.072836 
2576.044241 0.072781 
2577.008690 0.072698 
2577.973139 0.072684 
2578.937589 0.072690 
2579.902038 0.072662 
2580.866487 0.072608 
2581.830937 0.072581 
2582.795386 0.072518 
2583.759835 0.072450 
2584.724285 0.072340 
2585.688734 0.072277 
2586.653184 0.072309 
2587.617633 0.072361 
2588.582082 0.072344 
2589.546532 0.072355 
2590.510981 0.072302 
2591.475430 0.072171 
2592.439880 0.072076 
2593.404329 0.072090 
2594.368778 0.072130 
2595.333228 0.072099 
2596.297677 0.072058 
2597.262126 0.072045 
2598.226576 0.071972 
2599.191025 0.071925 
2600.155475 0.071884 
2601.119924 0.071863 
2602.084373 0.071859 
2603.048823 0.071877 
2604.013272 0.071880 
2604.977721 0.071903 
2605.942171 0.071909 
2606.906620 0.071879 
2607.871069 0.071865 
2608.835519 0.071887 
2609.799968 0.071867 
2610.764418 0.071864 
2611.728867 0.071927 
2612.693316 0.071929 
2613.657766 0.071848 
2614.622215 0.071835 
2615.586664 0.071880 
2616.551114 0.071923 
2617.515563 0.071915 
2618.480012 0.071933 
2619.444462 0.072023 
2620.408911 0.072089 
2621.373360 0.072091 
2622.337810 0.072092 
2623.302259 0.072125 
2624.266709 0.072147 
2625.231158 0.072202 
2626.195607 0.072292 
2627.160057 0.072314 
2628.124506 0.072301 
2629.088955 0.072285 
2630.053405 0.072341 
2631.017854 0.072417 
2631.982303 0.072507 
2632.946753 0.072537 
2633.911202 0.072538 
2634.875652 0.072545 
2635.840101 0.072629 
2636.804550 0.072723 
2637.769000 0.072737 
2638.733449 0.072758 
2639.697898 0.072873 
2640.662348 0.072964 
2641.626797 0.073056 
2642.591246 0.073115 
2643.555696 0.073169 
2644.520145 0.073254 
2645.484594 0.073312 
2646.449044 0.073334 
2647.413493 0.073390 
2648.377943 0.073494 
2649.342392 0.073622 
2650.306841 0.073677 
2651.271291 0.073670 
2652.235740 0.073742 
2653.200189 0.073850 
2654.164639 0.073879 
2655.129088 0.073831 
2656.093537 0.073806 
2657.057987 0.073853 
2658.022436 0.073926 
2658.986886 0.073985 
2659.951335 0.074053 
2660.915784 0.074163 
2661.880234 0.074196 
2662.844683 0.074201 
2663.809132 0.074231 
2664.773582 0.074290 
2665.738031 0.074345 
2666.702480 0.074389 
2667.666930 0.074401 
2668.631379 0.074432 
2669.595828 0.074434 
2670.560278 0.074466 
2671.524727 0.074501 
2672.489177 0.074559 
2673.453626 0.074586 
2674.418075 0.074612 
2675.382525 0.074631 
2676.346974 0.074644 
2677.311423 0.074645 
2678.275873 0.074676 
2679.240322 0.074687 
2680.204771 0.074652 
2681.169221 0.074628 
2682.133670 0.074642 
2683.098120 0.074603 
2684.062569 0.074596 
2685.027018 0.074634 
2685.991468 0.074619 
2686.955917 0.074620 
2687.920366 0.074597 
2688.884816 0.074542 
2689.849265 0.074571 
2690.813714 0.074577 
2691.778164 0.074519 
2692.742613 0.074484 
2693.707062 0.074486 
2694.671512 0.074509 
2695.635961 0.074502 
2696.600411 0.074450 
2697.564860 0.074507 
2698.529309 0.074552 
2699.493759 0.074565 
2700.458208 0.074480 
2701.422657 0.074411 
2702.387107 0.074395 
2703.351556 0.074387 
2704.316005 0.074353 
2705.280455 0.074347 
2706.244904 0.074348 
2707.209354 0.074338 
2708.173803 0.074277 
2709.138252 0.074229 
2710.102702 0.074273 
2711.067151 0.074321 
2712.031600 0.074245 
2712.996050 0.074220 
2713.960499 0.074265 
2714.924948 0.074275 
2715.889398 0.074250 
2716.853847 0.074242 
2717.818296 0.074252 
2718.782746 0.074279 
2719.747195 0.074290 
2720.711645 0.074343 
2721.676094 0.074311 
2722.640543 0.074260 
2723.604993 0.074263 
2724.569442 0.074280 
2725.533891 0.074240 
2726.498341 0.074183 
2727.462790 0.074220 
2728.427239 0.074280 
2729.391689 0.074324 
2730.356138 0.074423 
2731.320588 0.074471 
2732.285037 0.074494 
2733.249486 0.074508 
2734.213936 0.074501 
2735.178385 0.074549 
2736.142834 0.074616 
2737.107284 0.074647 
2738.071733 0.074677 
2739.036182 0.074706 
2740.000632 0.074764 
2740.965081 0.074839 
2741.929530 0.074875 
2742.893980 0.074859 
2743.858429 0.074884 
2744.822879 0.074966 
2745.787328 0.075043 
2746.751777 0.075091 
2747.716227 0.075095 
2748.680676 0.075165 
2749.645125 0.075260 
2750.609575 0.075303 
2751.574024 0.075385 
2752.538473 0.075447 
2753.502923 0.075482 
2754.467372 0.075528 
2755.431822 0.075587 
2756.396271 0.075669 
2757.360720 0.075798 
2758.325170 0.075852 
2759.289619 0.075882 
2760.254068 0.075912 
2761.218518 0.075993 
2762.182967 0.076038 
2763.147416 0.076030 
2764.111866 0.076069 
2765.076315 0.076141 
2766.040764 0.076187 
2767.005214 0.076267 
2767.969663 0.076355 
2768.934113 0.076455 
2769.898562 0.076544 
2770.863011 0.076583 
2771.827461 0.076630 
2772.791910 0.076665 
2773.756359 0.076745 
2774.720809 0.076780 
2775.685258 0.076766 
2776.649707 0.076891 
2777.614157 0.077009 
2778.578606 0.077079 
2779.543056 0.077083 
2780.507505 0.077127 
2781.471954 0.077210 
2782.436404 0.077223 
2783.400853 0.077236 
2784.365302 0.077318 
2785.329752 0.077365 
2786.294201 0.077387 
2787.258650 0.077419 
2788.223100 0.077459 
2789.187549 0.077445 
2790.151998 0.077466 
2791.116448 0.077489 
2792.080897 0.077492 
2793.045347 0.077538 
2794.009796 0.077620 
2794.974245 0.077634 
2795.938695 0.077650 
2796.903144 0.077759 
2797.867593 0.077767 
2798.832043 0.077685 
2799.796492 0.077676 
2800.760941 0.077702 
2801.725391 0.077781 
2802.689840 0.077814 
2803.654290 0.077827 
2804.618739 0.077850 
2805.583188 0.077886 
2806.547638 0.077880 
2807.512087 0.077890 
2808.476536 0.077951 
2809.440986 0.077982 
2810.405435 0.077926 
2811.369884 0.077892 
2812.334334 0.077907 
2813.298783 0.077983 
2814.263232 0.078000 
2815.227682 0.078007 
2816.192131 0.077987 
2817.156581 0.077979 
2818.121030 0.077996 
2819.085479 0.077983 
2820.049929 0.077972 
2821.014378 0.078020 
2821.978827 0.078056 
2822.943277 0.078049 
2823.907726 0.078010 
2824.872175 0.078027 
2825.836625 0.078096 
2826.801074 0.078162 
2827.765524 0.078151 
2828.729973 0.078179 
2829.694422 0.078183 
2830.658872 0.078211 
2831.623321 0.078209 
2832.587770 0.078179 
2833.552220 0.078205 
2834.516669 0.078228 
2835.481118 0.078262 
2836.445568 0.078375 
2837.410017 0.078423 
2838.374466 0.078460 
2839.338916 0.078473 
2840.303365 0.078472 
2841.267815 0.078485 
2842.232264 0.078603 
2843.196713 0.078769 
2844.161163 0.078878 
2845.125612 0.078938 
2846.090061 0.079069 
2847.054511 0.079180 
2848.018960 0.079218 
2848.983409 0.079284 
2849.947859 0.079435 
2850.912308 0.079598 
2851.876758 0.079672 
2852.841207 0.079625 
2853.805656 0.079653 
2854.770106 0.079780 
2855.734555 0.079888 
2856.699004 0.079917 
2857.663454 0.079949 
2858.627903 0.080042 
2859.592352 0.080062 
2860.556802 0.080037 
2861.521251 0.080158 
2862.485700 0.080227 
2863.450150 0.080269 
2864.414599 0.080340 
2865.379049 0.080437 
2866.343498 0.080411 
2867.307947 0.080417 
2868.272397 0.080520 
2869.236846 0.080621 
2870.201295 0.080664 
2871.165745 0.080796 
2872.130194 0.080929 
2873.094643 0.080961 
2874.059093 0.080898 
2875.023542 0.080999 
2875.987992 0.081133 
2876.952441 0.081233 
2877.916890 0.081254 
2878.881340 0.081214 
2879.845789 0.081242 
2880.810238 0.081372 
2881.774688 0.081379 
2882.739137 0.081338 
2883.703586 0.081354 
2884.668036 0.081399 
2885.632485 0.081424 
2886.596934 0.081489 
2887.561384 0.081538 
2888.525833 0.081622 
2889.490283 0.081687 
2890.454732 0.081731 
2891.419181 0.081738 
2892.383631 0.081791 
2893.348080 0.081878 
2894.312529 0.081954 
2895.276979 0.081951 
2896.241428 0.081964 
2897.205877 0.082153 
2898.170327 0.082348 
2899.134776 0.082407 
2900.099226 0.082493 
2901.063675 0.082565 
2902.028124 0.082670 
2902.992574 0.082787 
2903.957023 0.082849 
2904.921472 0.082966 
2905.885922 0.083063 
2906.850371 0.083038 
2907.814820 0.083111 
2908.779270 0.083273 
2909.743719 0.083408 
2910.708168 0.083448 
2911.672618 0.083644 
2912.637067 0.083851 
2913.601517 0.083929 
2914.565966 0.083960 
2915.530415 0.084071 
2916.494865 0.084167 
2917.459314 0.084263 
2918.423763 0.084362 
2919.388213 0.084510 
2920.352662 0.084641 
2921.317111 0.084777 
2922.281561 0.084918 
2923.246010 0.085020 
2924.210460 0.085055 
2925.174909 0.085172 
2926.139358 0.085228 
2927.103808 0.085272 
2928.068257 0.085404 
2929.032706 0.085489 
2929.997156 0.085529 
2930.961605 0.085530 
2931.926054 0.085509 
2932.890504 0.085729 
2933.854953 0.085882 
2934.819402 0.085766 
2935.783852 0.085642 
2936.748301 0.085587 
2937.712751 0.085494 
2938.677200 0.085508 
2939.641649 0.085563 
2940.606099 0.085594 
2941.570548 0.085629 
2942.534997 0.085646 
2943.499447 0.085578 
2944.463896 0.085566 
2945.428345 0.085659 
2946.392795 0.085631 
2947.357244 0.085450 
2948.321694 0.085476 
2949.286143 0.085708 
2950.250592 0.085986 
2951.215042 0.086155 
2952.179491 0.086167 
2953.143940 0.086226 
2954.108390 0.086505 
2955.072839 0.086698 
2956.037288 0.086807 
2957.001738 0.086777 
2957.966187 0.086752 
2958.930636 0.086911 
2959.895086 0.087189 
2960.859535 0.087425 
2961.823985 0.087514 
2962.788434 0.087339 
2963.752883 0.087251 
2964.717333 0.087245 
2965.681782 0.087358 
2966.646231 0.087290 
2967.610681 0.087016 
2968.575130 0.086815 
2969.539579 0.086772 
2970.504029 0.086685 
2971.468478 0.086620 
2972.432928 0.086582 
2973.397377 0.086662 
2974.361826 0.086655 
2975.326276 0.086601 
2976.290725 0.086478 
2977.255174 0.086441 
2978.219624 0.086413 
2979.184073 0.086351 
2980.148522 0.086582 
2981.112972 0.086627 
2982.077421 0.086438 
2983.041870 0.086443 
2984.006320 0.086470 
2984.970769 0.086467 
2985.935219 0.086444 
2986.899668 0.086666 
2987.864117 0.086878 
2988.828567 0.086758 
2989.793016 0.086625 
2990.757465 0.086682 
2991.721915 0.086787 
2992.686364 0.086828 
2993.650813 0.086945 
2994.615263 0.087260 
2995.579712 0.087207 
2996.544162 0.086958 
2997.508611 0.086810 
2998.473060 0.086810 
2999.437510 0.086881 
3000.401959 0.086939 
3001.366408 0.086911 
3002.330858 0.086999 
3003.295307 0.087138 
3004.259756 0.087493 
3005.224206 0.087661 
3006.188655 0.087391 
3007.153104 0.087208 
3008.117554 0.087330 
3009.082003 0.087478 
3010.046453 0.087798 
3011.010902 0.087814 
3011.975351 0.088059 
3012.939801 0.088468 
3013.904250 0.087978 
3014.868699 0.087685 
3015.833149 0.087813 
3016.797598 0.087457 
3017.762047 0.087243 
3018.726497 0.087555 
3019.690946 0.087929 
3020.655396 0.088154 
3021.619845 0.088324 
3022.584294 0.088565 
3023.548744 0.088534 
3024.513193 0.088310 
3025.477642 0.088396 
3026.442092 0.088560 
3027.406541 0.088543 
3028.370990 0.088589 
3029.335440 0.088577 
3030.299889 0.088812 
3031.264338 0.089550 
3032.228788 0.089815 
3033.193237 0.089240 
3034.157687 0.089250 
3035.122136 0.089346 
3036.086585 0.089216 
3037.051035 0.089226 
3038.015484 0.089265 
3038.979933 0.089307 
3039.944383 0.089347 
3040.908832 0.089448 
3041.873281 0.089515 
3042.837731 0.089502 
3043.802180 0.089481 
3044.766630 0.089540 
3045.731079 0.089512 
3046.695528 0.089500 
3047.659978 0.089533 
3048.624427 0.090011 
3049.588876 0.090223 
3050.553326 0.089974 
3051.517775 0.089852 
3052.482224 0.090016 
3053.446674 0.090160 
3054.411123 0.090166 
3055.375572 0.090394 
3056.340022 0.090936 
3057.304471 0.090662 
3058.268921 0.090276 
3059.233370 0.090422 
3060.197819 0.090626 
3061.162269 0.090701 
3062.126718 0.090715 
3063.091167 0.090590 
3064.055617 0.090910 
3065.020066 0.091308 
3065.984515 0.090998 
3066.948965 0.090949 
3067.913414 0.090922 
3068.877864 0.090892 
3069.842313 0.091061 
3070.806762 0.091141 
3071.771212 0.091206 
3072.735661 0.091285 
3073.700110 0.091418 
3074.664560 0.091548 
3075.629009 0.091595 
3076.593458 0.091481 
3077.557908 0.091736 
3078.522357 0.092027 
3079.486806 0.092259 
3080.451256 0.092250 
3081.415705 0.092257 
3082.380155 0.092523 
3083.344604 0.092508 
3084.309053 0.092202 
3085.273503 0.091938 
3086.237952 0.091956 
3087.202401 0.092253 
3088.166851 0.092337 
3089.131300 0.092254 
3090.095749 0.092218 
3091.060199 0.092241 
3092.024648 0.092308 
3092.989098 0.092371 
3093.953547 0.092426 
3094.917996 0.092257 
3095.882446 0.092505 
3096.846895 0.092899 
3097.811344 0.092831 
3098.775794 0.092857 
3099.740243 0.092912 
3100.704692 0.092789 
3101.669142 0.092737 
3102.633591 0.092697 
3103.598040 0.092623 
3104.562490 0.092498 
3105.526939 0.092616 
3106.491389 0.092891 
3107.455838 0.093168 
3108.420287 0.093151 
3109.384737 0.093053 
3110.349186 0.093185 
3111.313635 0.093226 
3112.278085 0.093371 
3113.242534 0.093328 
3114.206983 0.093264 
3115.171433 0.093447 
3116.135882 0.093956 
3117.100332 0.093927 
3118.064781 0.093929 
3119.029230 0.094278 
3119.993680 0.093956 
3120.958129 0.093540 
3121.922578 0.093711 
3122.887028 0.094167 
3123.851477 0.093994 
3124.815926 0.093857 
3125.780376 0.093907 
3126.744825 0.094061 
3127.709274 0.094150 
3128.673724 0.094108 
3129.638173 0.094046 
3130.602623 0.094017 
3131.567072 0.094037 
3132.531521 0.094124 
3133.495971 0.094525 
3134.460420 0.094562 
3135.424869 0.094608 
3136.389319 0.094778 
3137.353768 0.094846 
3138.318217 0.094781 
3139.282667 0.094771 
3140.247116 0.094784 
3141.211566 0.094889 
3142.176015 0.094960 
3143.140464 0.095044 
3144.104914 0.095043 
3145.069363 0.095114 
3146.033812 0.095212 
3146.998262 0.095332 
3147.962711 0.095435 
3148.927160 0.095599 
3149.891610 0.095742 
3150.856059 0.095908 
3151.820508 0.096031 
3152.784958 0.096067 
3153.749407 0.096107 
3154.713857 0.096253 
3155.678306 0.096339 
3156.642755 0.096435 
3157.607205 0.096495 
3158.571654 0.096563 
3159.536103 0.096633 
3160.500553 0.096724 
3161.465002 0.096780 
3162.429451 0.096898 
3163.393901 0.096965 
3164.358350 0.097076 
3165.322800 0.097223 
3166.287249 0.097357 
3167.251698 0.097446 
3168.216148 0.097568 
3169.180597 0.097694 
3170.145046 0.097920 
3171.109496 0.097980 
3172.073945 0.098090 
3173.038394 0.098215 
3174.002844 0.098336 
3174.967293 0.098406 
3175.931742 0.098484 
3176.896192 0.098396 
3177.860641 0.098620 
3178.825091 0.098913 
3179.789540 0.098866 
3180.753989 0.098894 
3181.718439 0.098991 
3182.682888 0.099059 
3183.647337 0.099053 
3184.611787 0.099203 
3185.576236 0.099471 
3186.540685 0.099480 
3187.505135 0.099554 
3188.469584 0.099651 
3189.434034 0.099753 
3190.398483 0.099914 
3191.362932 0.100108 
3192.327382 0.100187 
3193.291831 0.100215 
3194.256280 0.100306 
3195.220730 0.100330 
3196.185179 0.100391 
3197.149628 0.100530 
3198.114078 0.100880 
3199.078527 0.100928 
3200.042976 0.100818 
3201.007426 0.100819 
3201.971875 0.100821 
3202.936325 0.100908 
3203.900774 0.100943 
3204.865223 0.100901 
3205.829673 0.100907 
3206.794122 0.100948 
3207.758571 0.100983 
3208.723021 0.101069 
3209.687470 0.101446 
3210.651919 0.101643 
3211.616369 0.101493 
3212.580818 0.101360 
3213.545268 0.101327 
3214.509717 0.101645 
3215.474166 0.101716 
3216.438616 0.101782 
3217.403065 0.101800 
3218.367514 0.101765 
3219.331964 0.102021 
3220.296413 0.102277 
3221.260862 0.102064 
3222.225312 0.101946 
3223.189761 0.101923 
3224.154210 0.101918 
3225.118660 0.101969 
3226.083109 0.102134 
3227.047559 0.102393 
3228.012008 0.102594 
3228.976457 0.102403 
3229.940907 0.102569 
3230.905356 0.102741 
3231.869805 0.102619 
3232.834255 0.102567 
3233.798704 0.102512 
3234.763153 0.102429 
3235.727603 0.102414 
3236.692052 0.102539 
3237.656502 0.102627 
3238.620951 0.102539 
3239.585400 0.102706 
3240.549850 0.102872 
3241.514299 0.102798 
3242.478748 0.102744 
3243.443198 0.102668 
3244.407647 0.102789 
3245.372096 0.103318 
3246.336546 0.103226 
3247.300995 0.103013 
3248.265444 0.103057 
3249.229894 0.103173 
3250.194343 0.103283 
3251.158793 0.103399 
3252.123242 0.103455 
3253.087691 0.103481 
3254.052141 0.103857 
3255.016590 0.103934 
3255.981039 0.103672 
3256.945489 0.103925 
3257.909938 0.104087 
3258.874387 0.103969 
3259.838837 0.103968 
3260.803286 0.104105 
3261.767736 0.103979 
3262.732185 0.104084 
3263.696634 0.104200 
3264.661084 0.104310 
3265.625533 0.104443 
3266.589982 0.104468 
3267.554432 0.104502 
3268.518881 0.104674 
3269.483330 0.104833 
3270.447780 0.105020 
3271.412229 0.105016 
3272.376678 0.104987 
3273.341128 0.105349 
3274.305577 0.105722 
3275.270027 0.105551 
3276.234476 0.105963 
3277.198925 0.106156 
3278.163375 0.105859 
3279.127824 0.105827 
3280.092273 0.105899 
3281.056723 0.105842 
3282.021172 0.106051 
3282.985621 0.106714 
3283.950071 0.107055 
3284.914520 0.106686 
3285.878970 0.106421 
3286.843419 0.106404 
3287.807868 0.106596 
3288.772318 0.106939 
3289.736767 0.107029 
3290.701216 0.107170 
3291.665666 0.107483 
3292.630115 0.107556 
3293.594564 0.107644 
3294.559014 0.107497 
3295.523463 0.107450 
3296.487912 0.107495 
3297.452362 0.107983 
3298.416811 0.108231 
3299.381261 0.108067 
3300.345710 0.108075 
3301.310159 0.108077 
3302.274609 0.108123 
3303.239058 0.108348 
3304.203507 0.108305 
3305.167957 0.108255 
3306.132406 0.108284 
3307.096855 0.108437 
3308.061305 0.108902 
3309.025754 0.109449 
3309.990204 0.109608 
3310.954653 0.109662 
3311.919102 0.109259 
3312.883552 0.109254 
3313.848001 0.109376 
3314.812450 0.109255 
3315.776900 0.109296 
3316.741349 0.109558 
3317.705798 0.109707 
3318.670248 0.109641 
3319.634697 0.109540 
3320.599146 0.109626 
3321.563596 0.109645 
3322.528045 0.109677 
3323.492495 0.109862 
3324.456944 0.110180 
3325.421393 0.110249 
3326.385843 0.110484 
3327.350292 0.110774 
3328.314741 0.110649 
3329.279191 0.110492 
3330.243640 0.110545 
3331.208089 0.110485 
3332.172539 0.110498 
3333.136988 0.110628 
3334.101438 0.111314 
3335.065887 0.111775 
3336.030336 0.111828 
3336.994786 0.112502 
3337.959235 0.111727 
3338.923684 0.110740 
3339.888134 0.110921 
3340.852583 0.111120 
3341.817032 0.111134 
3342.781482 0.110961 
3343.745931 0.110773 
3344.710380 0.110771 
3345.674830 0.111039 
3346.639279 0.111230 
3347.603729 0.111464 
3348.568178 0.111610 
3349.532627 0.111584 
3350.497077 0.111493 
3351.461526 0.111555 
3352.425975 0.111617 
3353.390425 0.111779 
3354.354874 0.112130 
3355.319323 0.112885 
3356.283773 0.113366 
3357.248222 0.113035 
3358.212672 0.112539 
3359.177121 0.112515 
3360.141570 0.112666 
3361.106020 0.113022 
3362.070469 0.113713 
3363.034918 0.113206 
3363.999368 0.112801 
3364.963817 0.113091 
3365.928266 0.113231 
3366.892716 0.113567 
3367.857165 0.114111 
3368.821614 0.113909 
3369.786064 0.113391 
3370.750513 0.113195 
3371.714963 0.113277 
3372.679412 0.113504 
3373.643861 0.113673 
3374.608311 0.113863 
3375.572760 0.113901 
3376.537209 0.113786 
3377.501659 0.113980 
3378.466108 0.114458 
3379.430557 0.114494 
3380.395007 0.114363 
3381.359456 0.114353 
3382.323906 0.114542 
3383.288355 0.115025 
3384.252804 0.115673 
3385.217254 0.115728 
3386.181703 0.115353 
3387.146152 0.115137 
3388.110602 0.115213 
3389.075051 0.115401 
3390.039500 0.115513 
3391.003950 0.115721 
3391.968399 0.116871 
3392.932848 0.118571 
3393.897298 0.117615 
3394.861747 0.116166 
3395.826197 0.116286 
3396.790646 0.117800 
3397.755095 0.118617 
3398.719545 0.117362 
3399.683994 0.116895 
3400.648443 0.117230 
3401.612893 0.117379 
3402.577342 0.117039 
3403.541791 0.117357 
3404.506241 0.117500 
3405.470690 0.117324 
3406.435140 0.117434 
3407.399589 0.117670 
3408.364038 0.117648 
3409.328488 0.117687 
3410.292937 0.117844 
3411.257386 0.118076 
3412.221836 0.118170 
3413.186285 0.118387 
3414.150734 0.118477 
3415.115184 0.118425 
3416.079633 0.118524 
3417.044082 0.118498 
3418.008532 0.118576 
3418.972981 0.119277 
3419.937431 0.121035 
3420.901880 0.122154 
3421.866329 0.121316 
3422.830779 0.120790 
3423.795228 0.120114 
3424.759677 0.119255 
3425.724127 0.118911 
3426.688576 0.119137 
3427.653025 0.119461 
3428.617475 0.119549 
3429.581924 0.119172 
3430.546374 0.119361 
3431.510823 0.119814 
3432.475272 0.119889 
3433.439722 0.119788 
3434.404171 0.119461 
3435.368620 0.119539 
3436.333070 0.120004 
3437.297519 0.120059 
3438.261968 0.120099 
3439.226418 0.119918 
3440.190867 0.119555 
3441.155316 0.119619 
3442.119766 0.121087 
3443.084215 0.122103 
3444.048665 0.120764 
3445.013114 0.120704 
3445.977563 0.121267 
3446.942013 0.124221 
3447.906462 0.124675 
3448.870911 0.121118 
3449.835361 0.119557 
3450.799810 0.119132 
3451.764259 0.119187 
3452.728709 0.119292 
3453.693158 0.119286 
3454.657608 0.119162 
3455.622057 0.119601 
3456.586506 0.119848 
3457.550956 0.119816 
3458.515405 0.120308 
3459.479854 0.120314 
3460.444304 0.120321 
3461.408753 0.120614 
3462.373202 0.121077 
3463.337652 0.121007 
3464.302101 0.119594 
3465.266550 0.119299 
3466.231000 0.120075 
3467.195449 0.121017 
3468.159899 0.119616 
3469.124348 0.118599 
3470.088797 0.118862 
3471.053247 0.119273 
3472.017696 0.118860 
3472.982145 0.118617 
3473.946595 0.118921 
3474.911044 0.119980 
3475.875493 0.119419 
3476.839943 0.118370 
3477.804392 0.118118 
3478.768842 0.118376 
3479.733291 0.119971 
3480.697740 0.122173 
3481.662190 0.122106 
3482.626639 0.122061 
3483.591088 0.120214 
3484.555538 0.119192 
3485.519987 0.119432 
3486.484436 0.119039 
3487.448886 0.119548 
3488.413335 0.121274 
3489.377784 0.119415 
3490.342234 0.118277 
3491.306683 0.118581 
3492.271133 0.118043 
3493.235582 0.117471 
3494.200031 0.117729 
3495.164481 0.118647 
3496.128930 0.119578 
3497.093379 0.119376 
3498.057829 0.117889 
3499.022278 0.117914 
3499.986727 0.119392 
3500.951177 0.121620 
3501.915626 0.125617 
3502.880076 0.127407 
3503.844525 0.125447 
3504.808974 0.121883 
3505.773424 0.119055 
3506.737873 0.117382 
3507.702322 0.117278 
3508.666772 0.120748 
3509.631221 0.125983 
3510.595670 0.122984 
3511.560120 0.119175 
3512.524569 0.117870 
3513.489018 0.117278 
3514.453468 0.116898 
3515.417917 0.116644 
3516.382367 0.116847 
3517.346816 0.117840 
3518.311265 0.118171 
3519.275715 0.118295 
3520.240164 0.117524 
3521.204613 0.117019 
3522.169063 0.119735 
3523.133512 0.127383 
3524.097961 0.129800 
3525.062411 0.126515 
3526.026860 0.123659 
3526.991310 0.123544 
3527.955759 0.123813 
3528.920208 0.122464 
3529.884658 0.120575 
3530.849107 0.119705 
3531.813556 0.119252 
3532.778006 0.117011 
3533.742455 0.116103 
3534.706904 0.116448 
3535.671354 0.120584 
3536.635803 0.125252 
3537.600252 0.120774 
3538.564702 0.116507 
3539.529151 0.116164 
3540.493601 0.116041 
3541.458050 0.115739 
3542.422499 0.116531 
3543.386949 0.119422 
3544.351398 0.124456 
3545.315847 0.131553 
3546.280297 0.131613 
3547.244746 0.130308 
3548.209195 0.123759 
3549.173645 0.117375 
3550.138094 0.115937 
3551.102544 0.116209 
3552.066993 0.120597 
3553.031442 0.123085 
3553.995892 0.121763 
3554.960341 0.117881 
3555.924790 0.114685 
3556.889240 0.114468 
3557.853689 0.114768 
3558.818138 0.115406 
3559.782588 0.119598 
3560.747037 0.121373 
3561.711486 0.118093 
3562.675936 0.117102 
3563.640385 0.117119 
3564.604835 0.119064 
3565.569284 0.129017 
3566.533733 0.143713 
3567.498183 0.141422 
3568.462632 0.137301 
3569.427081 0.124461 
3570.391531 0.118416 
3571.355980 0.116801 
3572.320429 0.114164 
3573.284879 0.113819 
3574.249328 0.114323 
3575.213778 0.114355 
3576.178227 0.113526 
3577.142676 0.114466 
3578.107126 0.113838 
3579.071575 0.114035 
3580.036024 0.117356 
3581.000474 0.116443 
3581.964923 0.113450 
3582.929372 0.113511 
3583.893822 0.114143 
3584.858271 0.113641 
3585.822720 0.116877 
3586.787170 0.130550 
3587.751619 0.134464 
3588.716069 0.131593 
3589.680518 0.122358 
3590.644967 0.113992 
3591.609417 0.111525 
3592.573866 0.113334 
3593.538315 0.118056 
3594.502765 0.116951 
3595.467214 0.121282 
3596.431663 0.119794 
3597.396113 0.113237 
3598.360562 0.113395 
3599.325012 0.113806 
3600.289461 0.112547 
3601.253910 0.114351 
3602.218360 0.113839 
3603.182809 0.113079 
3604.147258 0.110730 
3605.111708 0.109241 
3606.076157 0.110201 
3607.040606 0.118486 
3608.005056 0.118874 
3608.969505 0.118792 
3609.933954 0.121437 
3610.898404 0.112931 
3611.862853 0.112103 
3612.827303 0.120026 
3613.791752 0.119156 
3614.756201 0.119569 
3615.720651 0.116471 
3616.685100 0.110231 
3617.649549 0.114554 
3618.613999 0.116353 
3619.578448 0.117136 
3620.542897 0.118097 
3621.507347 0.113932 
3622.471796 0.110141 
3623.436246 0.108545 
3624.400695 0.107879 
3625.365144 0.108463 
3626.329594 0.111023 
3627.294043 0.108198 
3628.258492 0.110661 
3629.222942 0.127870 
3630.187391 0.125596 
3631.151840 0.115136 
3632.116290 0.109552 
3633.080739 0.108836 
3634.045188 0.113056 
3635.009638 0.110927 
3635.974087 0.107483 
3636.938537 0.106270 
3637.902986 0.106719 
3638.867435 0.107381 
3639.831885 0.106918 
3640.796334 0.107378 
3641.760783 0.109885 
3642.725233 0.111950 
3643.689682 0.109108 
3644.654131 0.106670 
3645.618581 0.106050 
3646.583030 0.109700 
3647.547480 0.117447 
3648.511929 0.112951 
3649.476378 0.112929 
3650.440828 0.115750 
3651.405277 0.118028 
3652.369726 0.111930 
3653.334176 0.107342 
3654.298625 0.104767 
3655.263074 0.102228 
3656.227524 0.108541 
3657.191973 0.111374 
3658.156422 0.105941 
3659.120872 0.104829 
3660.085321 0.105391 
3661.049771 0.104979 
3662.014220 0.104173 
3662.978669 0.104059 
3663.943119 0.103814 
3664.907568 0.103973 
3665.872017 0.103953 
3666.836467 0.102583 
3667.800916 0.099933 
3668.765365 0.102787 
3669.729815 0.104538 
3670.694264 0.109599 
3671.658714 0.110104 
3672.623163 0.103185 
3673.587612 0.098858 
3674.552062 0.097294 
3675.516511 0.106587 
3676.480960 0.112304 
3677.445410 0.108052 
3678.409859 0.103014 
3679.374308 0.103571 
3680.338758 0.104944 
3681.303207 0.102655 
3682.267656 0.101626 
3683.232106 0.101261 
3684.196555 0.101853 
3685.161005 0.101969 
3686.125454 0.100171 
3687.089903 0.096052 
3688.054353 0.094921 
3689.018802 0.102209 
3689.983251 0.098620 
3690.947701 0.101542 
3691.912150 0.105243 
3692.876599 0.102069 
3693.841049 0.101672 
3694.805498 0.101034 
3695.769948 0.100561 
3696.734397 0.101910 
3697.698846 0.101253 
3698.663296 0.100638 
3699.627745 0.100586 
3700.592194 0.098206 
3701.556644 0.101055 
3702.521093 0.104269 
3703.485542 0.100124 
3704.449992 0.098842 
3705.414441 0.100091 
3706.378890 0.100910 
3707.343340 0.098883 
3708.307789 0.094965 
3709.272239 0.096165 
3710.236688 0.100247 
3711.201137 0.098208 
3712.165587 0.104841 
3713.130036 0.108545 
3714.094485 0.104788 
3715.058935 0.105535 
3716.023384 0.102675 
3716.987833 0.098880 
3717.952283 0.097845 
3718.916732 0.102323 
3719.881182 0.103164 
3720.845631 0.097948 
3721.810080 0.100716 
3722.774530 0.110341 
3723.738979 0.106953 
3724.703428 0.106168 
3725.667878 0.109332 
3726.632327 0.111117 
3727.596776 0.109245 
3728.561226 0.102059 
3729.525675 0.098158 
3730.490124 0.095172 
3731.454574 0.091232 
3732.419023 0.095793 
3733.383473 0.097455 
3734.347922 0.104728 
3735.312371 0.124581 
3736.276821 0.118243 
3737.241270 0.108547 
3738.205719 0.102539 
3739.170169 0.101558 
3740.134618 0.099706 
3741.099067 0.102505 
3742.063517 0.100537 
3743.027966 0.093012 
3743.992416 0.091850 
3744.956865 0.114005 
3745.921314 0.105794 
3746.885764 0.099997 
3747.850213 0.095574 
3748.814662 0.089229 
3749.779112 0.095443 
3750.743561 0.094246 
3751.708010 0.092872 
3752.672460 0.104407 
3753.636909 0.102597 
3754.601358 0.098354 
3755.565808 0.094739 
3756.530257 0.097047 
3757.494707 0.098911 
3758.459156 0.097376 
3759.423605 0.099382 
3760.388055 0.099452 
3761.352504 0.095780 
3762.316953 0.095682 
3763.281403 0.095932 
3764.245852 0.095202 
3765.210301 0.096505 
3766.174751 0.101742 
3767.139200 0.099094 
3768.103650 0.094943 
3769.068099 0.092054 
3770.032548 0.096975 
3770.996998 0.099532 
3771.961447 0.097569 
3772.925896 0.096255 
3773.890346 0.095813 
3774.854795 0.095725 
3775.819244 0.095592 
3776.783694 0.095288 
3777.748143 0.094148 
3778.712592 0.092057 
3779.677042 0.096135 
3780.641491 0.097853 
3781.605941 0.096435 
3782.570390 0.096259 
3783.534839 0.094988 
3784.499289 0.096855 
3785.463738 0.099676 
3786.428187 0.099167 
3787.392637 0.097814 
3788.357086 0.096695 
3789.321535 0.096523 
3790.285985 0.095996 
3791.250434 0.095447 
3792.214884 0.095480 
3793.179333 0.095683 
3794.143782 0.095178 
3795.108232 0.092791 
3796.072681 0.092510 
3797.037130 0.098416 
3798.001580 0.099668 
3798.966029 0.096353 
3799.930478 0.090187 
3800.894928 0.086906 
3801.859377 0.093605 
3802.823826 0.097842 
3803.788276 0.097035 
3804.752725 0.093965 
3805.717175 0.089285 
3806.681624 0.089186 
3807.646073 0.096727 
3808.610523 0.095980 
3809.574972 0.095335 
3810.539421 0.095559 
3811.503871 0.095505 
3812.468320 0.095424 
3813.432769 0.094769 
3814.397219 0.091204 
3815.361668 0.086871 
3816.326118 0.094500 
3817.290567 0.097344 
3818.255016 0.095743 
3819.219466 0.093359 
3820.183915 0.088515 
3821.148364 0.091714 
3822.112814 0.099898 
3823.077263 0.098597 
3824.041712 0.097109 
3825.006162 0.095595 
3825.970611 0.094372 
3826.935060 0.097148 
3827.899510 0.098290 
3828.863959 0.096768 
3829.828409 0.094441 
3830.792858 0.091491 
3831.757307 0.095061 
3832.721757 0.096771 
3833.686206 0.092700 
3834.650655 0.093554 
3835.615105 0.096764 
3836.579554 0.090379 
3837.544003 0.089931 
3838.508453 0.098856 
3839.472902 0.098904 
3840.437352 0.102338 
3841.401801 0.102743 
3842.366250 0.096791 
3843.330700 0.097037 
3844.295149 0.102315 
3845.259598 0.099157 
3846.224048 0.096696 
3847.188497 0.095956 
3848.152946 0.095818 
3849.117396 0.097601 
3850.081845 0.098145 
3851.046294 0.092722 
3852.010744 0.092831 
3852.975193 0.092365 
3853.939643 0.096657 
3854.904092 0.106329 
3855.868541 0.099010 
3856.832991 0.100644 
3857.797440 0.103959 
3858.761889 0.099235 
3859.726339 0.096226 
3860.690788 0.095037 
3861.655237 0.098964 
3862.619687 0.101250 
3863.584136 0.096720 
3864.548586 0.099572 
3865.513035 0.106664 
3866.477484 0.101999 
3867.441934 0.096739 
3868.406383 0.094087 
3869.370832 0.098432 
3870.335282 0.111128 
3871.299731 0.108199 
3872.264180 0.100958 
3873.228630 0.096697 
3874.193079 0.103250 
3875.157528 0.102867 
3876.121978 0.097482 
3877.086427 0.096634 
3878.050877 0.096132 
3879.015326 0.094715 
3879.979775 0.101242 
3880.944225 0.112464 
3881.908674 0.104811 
3882.873123 0.101261 
3883.837573 0.102515 
3884.802022 0.099615 
3885.766471 0.105926 
3886.730921 0.107083 
3887.695370 0.099207 
3888.659820 0.096674 
3889.624269 0.095117 
3890.588718 0.095649 
3891.553168 0.104386 
3892.517617 0.104376 
3893.482066 0.101677 
3894.446516 0.102865 
3895.410965 0.099977 
3896.375414 0.097843 
3897.339864 0.098500 
3898.304313 0.101023 
3899.268762 0.107734 
3900.233212 0.106528 
3901.197661 0.103400 
3902.162111 0.113174 
3903.126560 0.108256 
3904.091009 0.107082 
3905.055459 0.111763 
3906.019908 0.109634 
3906.984357 0.103596 
3907.948807 0.098264 
3908.913256 0.097094 
3909.877705 0.096774 
3910.842155 0.096835 
3911.806604 0.097024 
3912.771054 0.097538 
3913.735503 0.097796 
3914.699952 0.097864 
3915.664402 0.099964 
3916.628851 0.107691 
3917.593300 0.110765 
3918.557750 0.102857 
3919.522199 0.101524 
3920.486648 0.105477 
3921.451098 0.101288 
3922.415547 0.099035 
3923.379996 0.102950 
3924.344446 0.108593 
3925.308895 0.108920 
3926.273345 0.102727 
3927.237794 0.098722 
3928.202243 0.098680 
3929.166693 0.099854 
3930.131142 0.103288 
3931.095591 0.105444 
3932.060041 0.109745 
3933.024490 0.111021 
3933.988939 0.105005 
3934.953389 0.101097 
3935.917838 0.098472 
3936.882288 0.098143 
3937.846737 0.099658 
3938.811186 0.100824 
3939.775636 0.099687 
3940.740085 0.099004 
3941.704534 0.101075 
3942.668984 0.109566 
3943.633433 0.110418 
3944.597882 0.104164 
3945.562332 0.100538 
3946.526781 0.101285 
3947.491230 0.107834 
3948.455680 0.108875 
3949.420129 0.106441 
3950.384579 0.106575 
3951.349028 0.101719 
3952.313477 0.098550 
3953.277927 0.098785 
3954.242376 0.098716 
3955.206825 0.098962 
3956.171275 0.100069 
3957.135724 0.101243 
3958.100173 0.100752 
3959.064623 0.100094 
3960.029072 0.100043 
3960.993522 0.101412 
3961.957971 0.104977 
3962.922420 0.103255 
3963.886870 0.099660 
3964.851319 0.099209 
3965.815768 0.098367 
3966.780218 0.097761 
3967.744667 0.098218 
3968.709116 0.100465 
3969.673566 0.101386 
3970.638015 0.099385 
3971.602464 0.099171 
3972.566914 0.100063 
3973.531363 0.099383 
3974.495813 0.100253 
3975.460262 0.102576 
3976.424711 0.102734 
3977.389161 0.099605 
3978.353610 0.097687 
3979.318059 0.098013 
3980.282509 0.098624 
3981.246958 0.098567 
3982.211407 0.098632 
3983.175857 0.098062 
3984.140306 0.097489 
3985.104756 0.097679 
3986.069205 0.097749 
3987.033654 0.097384 
3987.998104 0.097406 
3988.962553 0.098391 
3989.927002 0.100655 
3990.891452 0.101690 
3991.855901 0.099736 
3992.820350 0.098259 
3993.784800 0.098014 
3994.749249 0.098702 
3995.713698 0.098888 
3996.678148 0.097559 
3997.642597 0.097102 
3998.607047 0.097191 
3999.571496 0.097286 
4000.535945 0.097224 