##YUNITS=Abs
399.282035 0.113392 
400.246484 0.119411 
401.210934 0.135964 
402.175383 0.138449 
403.139832 0.135469 
404.104282 0.136217 
405.068731 0.136720 
406.033181 0.135975 
406.997630 0.135035 
407.962079 0.135287 
408.926529 0.132096 
409.890978 0.129135 
410.855427 0.126255 
411.819877 0.123485 
412.784326 0.122087 
413.748775 0.122767 
414.713225 0.118754 
415.677674 0.118966 
416.642124 0.122692 
417.606573 0.116398 
418.571022 0.100711 
419.535472 0.094777 
420.499921 0.103289 
421.464370 0.108611 
422.428820 0.105557 
423.393269 0.105442 
424.357718 0.109969 
425.322168 0.108892 
426.286617 0.108592 
427.251066 0.109307 
428.215516 0.110195 
429.179965 0.109394 
430.144415 0.107006 
431.108864 0.104536 
432.073313 0.106066 
433.037763 0.109380 
434.002212 0.109758 
434.966661 0.107737 
435.931111 0.106200 
436.895560 0.106729 
437.860009 0.108661 
438.824459 0.108433 
439.788908 0.107198 
440.753358 0.106157 
441.717807 0.105236 
442.682256 0.107226 
443.646706 0.108013 
444.611155 0.106984 
445.575604 0.106801 
446.540054 0.106262 
447.504503 0.108435 
448.468952 0.110127 
449.433402 0.108717 
450.397851 0.106026 
451.362300 0.104936 
452.326750 0.104332 
453.291199 0.104284 
454.255649 0.105336 
455.220098 0.104853 
456.184547 0.103321 
457.148997 0.100586 
458.113446 0.099087 
459.077895 0.100974 
460.042345 0.100986 
461.006794 0.100775 
461.971243 0.101776 
462.935693 0.100020 
463.900142 0.097360 
464.864592 0.096707 
465.829041 0.097585 
466.793490 0.098260 
467.757940 0.097723 
468.722389 0.098118 
469.686838 0.099533 
470.651288 0.100189 
471.615737 0.097641 
472.580186 0.095334 
473.544636 0.098582 
474.509085 0.100941 
475.473534 0.101724 
476.437984 0.101032 
477.402433 0.100524 
478.366883 0.100847 
479.331332 0.100398 
480.295781 0.099996 
481.260231 0.099990 
482.224680 0.099747 
483.189129 0.097808 
484.153579 0.095358 
485.118028 0.095781 
486.082477 0.095707 
487.046927 0.093886 
488.011376 0.092543 
488.975826 0.092119 
489.940275 0.091883 
490.904724 0.090565 
491.869174 0.088240 
492.833623 0.087898 
493.798072 0.088580 
494.762522 0.088389 
495.726971 0.087253 
496.691420 0.086594 
497.655870 0.086370 
498.620319 0.086286 
499.584768 0.087094 
500.549218 0.087349 
501.513667 0.085947 
502.478117 0.085232 
503.442566 0.086003 
504.407015 0.085756 
505.371465 0.085652 
506.335914 0.085245 
507.300363 0.084333 
508.264813 0.084821 
509.229262 0.085194 
510.193711 0.084859 
511.158161 0.084869 
512.122610 0.085469 
513.087060 0.085731 
514.051509 0.085649 
515.015958 0.085083 
515.980408 0.084124 
516.944857 0.083772 
517.909306 0.085267 
518.873756 0.085232 
519.838205 0.085196 
520.802654 0.086338 
521.767104 0.087070 
522.731553 0.087815 
523.696002 0.087708 
524.660452 0.087767 
525.624901 0.087531 
526.589351 0.088282 
527.553800 0.089108 
528.518249 0.089465 
529.482699 0.090040 
530.447148 0.090537 
531.411597 0.091293 
532.376047 0.093605 
533.340496 0.093444 
534.304945 0.092161 
535.269395 0.091024 
536.233844 0.088808 
537.198294 0.088976 
538.162743 0.089137 
539.127192 0.089157 
540.091642 0.089471 
541.056091 0.089758 
542.020540 0.090159 
542.984990 0.090326 
543.949439 0.090067 
544.913888 0.089919 
545.878338 0.090534 
546.842787 0.091623 
547.807236 0.092583 
548.771686 0.093141 
549.736135 0.093753 
550.700585 0.095402 
551.665034 0.097407 
552.629483 0.098906 
553.593933 0.100925 
554.558382 0.104157 
555.522831 0.108327 
556.487281 0.112387 
557.451730 0.116859 
558.416179 0.123270 
559.380629 0.131211 
560.345078 0.139112 
561.309528 0.146803 
562.273977 0.154477 
563.238426 0.161119 
564.202876 0.165031 
565.167325 0.165356 
566.131774 0.162756 
567.096224 0.157992 
568.060673 0.152430 
569.025122 0.145838 
569.989572 0.139283 
570.954021 0.133993 
571.918470 0.128698 
572.882920 0.123222 
573.847369 0.117673 
574.811819 0.113204 
575.776268 0.108951 
576.740717 0.105488 
577.705167 0.102748 
578.669616 0.100327 
579.634065 0.098578 
580.598515 0.096351 
581.562964 0.095132 
582.527413 0.094752 
583.491863 0.094258 
584.456312 0.093402 
585.420762 0.092799 
586.385211 0.092509 
587.349660 0.092969 
588.314110 0.093347 
589.278559 0.092329 
590.243008 0.091425 
591.207458 0.090909 
592.171907 0.090777 
593.136356 0.091222 
594.100806 0.091428 
595.065255 0.091413 
596.029704 0.091453 
596.994154 0.091773 
597.958603 0.091810 
598.923053 0.091642 
599.887502 0.091527 
600.851951 0.091884 
601.816401 0.092207 
602.780850 0.092178 
603.745299 0.092190 
604.709749 0.092428 
605.674198 0.092713 
606.638647 0.092847 
607.603097 0.093156 
608.567546 0.093827 
609.531996 0.094004 
610.496445 0.093916 
611.460894 0.094245 
612.425344 0.094590 
613.389793 0.094870 
614.354242 0.095110 
615.318692 0.095244 
616.283141 0.095722 
617.247590 0.096484 
618.212040 0.097218 
619.176489 0.098220 
620.140938 0.099377 
621.105388 0.100520 
622.069837 0.101365 
623.034287 0.102355 
623.998736 0.103382 
624.963185 0.104174 
625.927635 0.105246 
626.892084 0.106610 
627.856533 0.108053 
628.820983 0.109688 
629.785432 0.111327 
630.749881 0.112566 
631.714331 0.113044 
632.678780 0.112750 
633.643230 0.112760 
634.607679 0.113257 
635.572128 0.114713 
636.536578 0.117777 
637.501027 0.121454 
638.465476 0.125637 
639.429926 0.130566 
640.394375 0.136555 
641.358824 0.143133 
642.323274 0.149626 
643.287723 0.155906 
644.252172 0.161600 
645.216622 0.166215 
646.181071 0.169191 
647.145521 0.169754 
648.109970 0.167959 
649.074419 0.164038 
650.038869 0.158662 
651.003318 0.151536 
651.967767 0.143940 
652.932217 0.136906 
653.896666 0.130658 
654.861115 0.124920 
655.825565 0.120009 
656.790014 0.116180 
657.754464 0.113392 
658.718913 0.110832 
659.683362 0.108697 
660.647812 0.107334 
661.612261 0.106240 
662.576710 0.105154 
663.541160 0.104211 
664.505609 0.103328 
665.470058 0.102845 
666.434508 0.102403 
667.398957 0.100490 
668.363406 0.096274 
669.327856 0.099011 
670.292305 0.100516 
671.256755 0.100688 
672.221204 0.100418 
673.185653 0.100166 
674.150103 0.100224 
675.114552 0.100255 
676.079001 0.100099 
677.043451 0.100066 
678.007900 0.100164 
678.972349 0.100462 
679.936799 0.100597 
680.901248 0.100646 
681.865698 0.101034 
682.830147 0.101645 
683.794596 0.101895 
684.759046 0.102070 
685.723495 0.102586 
686.687944 0.103402 
687.652394 0.103985 
688.616843 0.104303 
689.581292 0.104866 
690.545742 0.105761 
691.510191 0.106723 
692.474640 0.107526 
693.439090 0.108347 
694.403539 0.109281 
695.367989 0.110282 
696.332438 0.111463 
697.296887 0.112470 
698.261337 0.113695 
699.225786 0.115040 
700.190235 0.116352 
701.154685 0.117861 
702.119134 0.119503 
703.083583 0.121452 
704.048033 0.123339 
705.012482 0.125225 
705.976932 0.127681 
706.941381 0.130380 
707.905830 0.133368 
708.870280 0.136581 
709.834729 0.140035 
710.799178 0.144114 
711.763628 0.148500 
712.728077 0.153121 
713.692526 0.158456 
714.656976 0.164680 
715.621425 0.171610 
716.585874 0.179527 
717.550324 0.188725 
718.514773 0.199557 
719.479223 0.211976 
720.443672 0.226581 
721.408121 0.243017 
722.372571 0.260896 
723.337020 0.280103 
724.301469 0.298889 
725.265919 0.315468 
726.230368 0.328983 
727.194817 0.340426 
728.159267 0.352094 
729.123716 0.365821 
730.088166 0.381936 
731.052615 0.400992 
732.017064 0.424143 
732.981514 0.452203 
733.945963 0.486184 
734.910412 0.527175 
735.874862 0.576989 
736.839311 0.637311 
737.803760 0.709422 
738.768210 0.794958 
739.732659 0.895097 
740.697108 1.011632 
741.661558 1.145407 
742.626007 1.297367 
743.590457 1.465744 
744.554906 1.645455 
745.519355 1.830958 
746.483805 2.025079 
747.448254 2.198397 
748.412703 2.328898 
749.377153 2.388609 
750.341602 2.460948 
751.306051 2.432627 
752.270501 2.427702 
753.234950 2.423422 
754.199400 2.454783 
755.163849 2.427040 
756.128298 2.455237 
757.092748 2.460408 
758.057197 2.472252 
759.021646 2.445683 
759.986096 2.446706 
760.950545 2.406219 
761.914994 2.455627 
762.879444 2.463142 
763.843893 2.463050 
764.808342 2.438838 
765.772792 2.487664 
766.737241 2.447216 
767.701691 2.449383 
768.666140 2.441235 
769.630589 2.470059 
770.595039 2.440991 
771.559488 2.438564 
772.523937 2.418848 
773.488387 2.427941 
774.452836 2.404212 
775.417285 2.440848 
776.381735 2.436927 
777.346184 2.470430 
778.310634 2.461365 
779.275083 2.471757 
780.239532 2.454805 
781.203982 2.481177 
782.168431 2.453182 
783.132880 2.487892 
784.097330 2.477996 
785.061779 2.479261 
786.026228 2.465076 
786.990678 2.502239 
787.955127 2.472338 
788.919576 2.494658 
789.884026 2.477441 
790.848475 2.499455 
791.812925 2.478448 
792.777374 2.496043 
793.741823 2.476206 
794.706273 2.484633 
795.670722 2.442567 
796.635171 2.504362 
797.599621 2.502508 
798.564070 2.501314 
799.528519 2.473947 
800.492969 2.472275 
801.457418 2.386031 
802.421868 2.265073 
803.386317 2.004063 
804.350766 1.705408 
805.315216 1.438513 
806.279665 1.220461 
807.244114 1.040240 
808.208564 0.893293 
809.173013 0.776321 
810.137462 0.684591 
811.101912 0.612875 
812.066361 0.556004 
813.030810 0.508168 
813.995260 0.466557 
814.959709 0.428774 
815.924159 0.393421 
816.888608 0.360986 
817.853057 0.332079 
818.817507 0.306465 
819.781956 0.284271 
820.746405 0.265730 
821.710855 0.250572 
822.675304 0.238357 
823.639753 0.228138 
824.604203 0.219394 
825.568652 0.212003 
826.533102 0.205617 
827.497551 0.199517 
828.462000 0.193834 
829.426450 0.188460 
830.390899 0.183367 
831.355348 0.178469 
832.319798 0.173714 
833.284247 0.169218 
834.248696 0.165109 
835.213146 0.161136 
836.177595 0.157296 
837.142044 0.153539 
838.106494 0.150227 
839.070943 0.147353 
840.035393 0.144571 
840.999842 0.142012 
841.964291 0.139825 
842.928741 0.138066 
843.893190 0.136540 
844.857639 0.135007 
845.822089 0.133731 
846.786538 0.132934 
847.750987 0.132347 
848.715437 0.131819 
849.679886 0.131252 
850.644336 0.130794 
851.608785 0.130228 
852.573234 0.129324 
853.537684 0.128267 
854.502133 0.127399 
855.466582 0.126767 
856.431032 0.126034 
857.395481 0.124937 
858.359930 0.123727 
859.324380 0.122761 
860.288829 0.122180 
861.253278 0.121740 
862.217728 0.121473 
863.182177 0.121688 
864.146627 0.122115 
865.111076 0.122480 
866.075525 0.122677 
867.039975 0.122773 
868.004424 0.122808 
868.968873 0.122623 
869.933323 0.122031 
870.897772 0.121215 
871.862221 0.120593 
872.826671 0.120090 
873.791120 0.119344 
874.755570 0.118568 
875.720019 0.118128 
876.684468 0.117642 
877.648918 0.116684 
878.613367 0.115566 
879.577816 0.114725 
880.542266 0.114171 
881.506715 0.113734 
882.471164 0.113363 
883.435614 0.113331 
884.400063 0.113885 
885.364512 0.114668 
886.328962 0.115284 
887.293411 0.115880 
888.257861 0.116685 
889.222310 0.117379 
890.186759 0.117439 
891.151209 0.116905 
892.115658 0.115949 
893.080107 0.114767 
894.044557 0.113460 
895.009006 0.111932 
895.973455 0.110400 
896.937905 0.109040 
897.902354 0.107792 
898.866804 0.106529 
899.831253 0.105566 
900.795702 0.104886 
901.760152 0.104490 
902.724601 0.104262 
903.689050 0.104014 
904.653500 0.103816 
905.617949 0.103980 
906.582398 0.104384 
907.546848 0.104930 
908.511297 0.105738 
909.475746 0.106907 
910.440196 0.108349 
911.404645 0.110076 
912.369095 0.112063 
913.333544 0.114346 
914.297993 0.116761 
915.262443 0.119175 
916.226892 0.121659 
917.191341 0.123862 
918.155791 0.125362 
919.120240 0.125710 
920.084689 0.125223 
921.049139 0.124471 
922.013588 0.123358 
922.978038 0.121790 
923.942487 0.120107 
924.906936 0.118613 
925.871386 0.117362 
926.835835 0.116452 
927.800284 0.115806 
928.764734 0.115345 
929.729183 0.114935 
930.693632 0.114477 
931.658082 0.113868 
932.622531 0.113332 
933.586980 0.112841 
934.551430 0.111395 
935.515879 0.109336 
936.480329 0.107896 
937.444778 0.107135 
938.409227 0.106703 
939.373677 0.106368 
940.338126 0.106122 
941.302575 0.106165 
942.267025 0.106637 
943.231474 0.107254 
944.195923 0.107972 
945.160373 0.109027 
946.124822 0.110600 
947.089272 0.112452 
948.053721 0.114455 
949.018170 0.116564 
949.982620 0.118689 
950.947069 0.120462 
951.911518 0.121591 
952.875968 0.122216 
953.840417 0.123038 
954.804866 0.123991 
955.769316 0.124655 
956.733765 0.124883 
957.698214 0.125017 
958.662664 0.125139 
959.627113 0.125259 
960.591563 0.125422 
961.556012 0.125902 
962.520461 0.126969 
963.484911 0.128322 
964.449360 0.129392 
965.413809 0.130178 
966.378259 0.131029 
967.342708 0.132007 
968.307157 0.132808 
969.271607 0.133638 
970.236056 0.134877 
971.200506 0.136589 
972.164955 0.138475 
973.129404 0.140243 
974.093854 0.141902 
975.058303 0.143640 
976.022752 0.145218 
976.987202 0.146469 
977.951651 0.147582 
978.916100 0.148745 
979.880550 0.149892 
980.844999 0.150817 
981.809448 0.151532 
982.773898 0.152129 
983.738347 0.152678 
984.702797 0.153062 
985.667246 0.153273 
986.631695 0.153558 
987.596145 0.153879 
988.560594 0.154017 
989.525043 0.153848 
990.489493 0.153533 
991.453942 0.153371 
992.418391 0.153401 
993.382841 0.153545 
994.347290 0.153967 
995.311740 0.154892 
996.276189 0.156262 
997.240638 0.157703 
998.205088 0.159136 
999.169537 0.160759 
1000.133986 0.162583 
1001.098436 0.164450 
1002.062885 0.166265 
1003.027334 0.168170 
1003.991784 0.170193 
1004.956233 0.172224 
1005.920682 0.174024 
1006.885132 0.175622 
1007.849581 0.177304 
1008.814031 0.179003 
1009.778480 0.180554 
1010.742929 0.181902 
1011.707379 0.183121 
1012.671828 0.184044 
1013.636277 0.184612 
1014.600727 0.184720 
1015.565176 0.184511 
1016.529625 0.184051 
1017.494075 0.183314 
1018.458524 0.182392 
1019.422974 0.181457 
1020.387423 0.180802 
1021.351872 0.180204 
1022.316322 0.179541 
1023.280771 0.179054 
1024.245220 0.179038 
1025.209670 0.179328 
1026.174119 0.179624 
1027.138568 0.179848 
1028.103018 0.180177 
1029.067467 0.180619 
1030.031916 0.180912 
1030.996366 0.181095 
1031.960815 0.181223 
1032.925265 0.181430 
1033.889714 0.181458 
1034.854163 0.181251 
1035.818613 0.181019 
1036.783062 0.180984 
1037.747511 0.181074 
1038.711961 0.181304 
1039.676410 0.181599 
1040.640859 0.182151 
1041.605309 0.183224 
1042.569758 0.184598 
1043.534208 0.186055 
1044.498657 0.187737 
1045.463106 0.189622 
1046.427556 0.191486 
1047.392005 0.193390 
1048.356454 0.195714 
1049.320904 0.198674 
1050.285353 0.202123 
1051.249802 0.205874 
1052.214252 0.209845 
1053.178701 0.213947 
1054.143150 0.218055 
1055.107600 0.221399 
1056.072049 0.223486 
1057.036499 0.224255 
1058.000948 0.223464 
1058.965397 0.220964 
1059.929847 0.216744 
1060.894296 0.211374 
1061.858745 0.205675 
1062.823195 0.200158 
1063.787644 0.195114 
1064.752093 0.190834 
1065.716543 0.187630 
1066.680992 0.185373 
1067.645442 0.183582 
1068.609891 0.181812 
1069.574340 0.180088 
1070.538790 0.178443 
1071.503239 0.176778 
1072.467688 0.174783 
1073.432138 0.172492 
1074.396587 0.170185 
1075.361036 0.167965 
1076.325486 0.165667 
1077.289935 0.163318 
1078.254384 0.161252 
1079.218834 0.159585 
1080.183283 0.157892 
1081.147733 0.156001 
1082.112182 0.154073 
1083.076631 0.152269 
1084.041081 0.150420 
1085.005530 0.148286 
1085.969979 0.145792 
1086.934429 0.143125 
1087.898878 0.140252 
1088.863327 0.137217 
1089.827777 0.134338 
1090.792226 0.131882 
1091.756676 0.129801 
1092.721125 0.128048 
1093.685574 0.126619 
1094.650024 0.125670 
1095.614473 0.125127 
1096.578922 0.124771 
1097.543372 0.124536 
1098.507821 0.124579 
1099.472270 0.124903 
1100.436720 0.125439 
1101.401169 0.125967 
1102.365618 0.126619 
1103.330068 0.127524 
1104.294517 0.128389 
1105.258967 0.129068 
1106.223416 0.129608 
1107.187865 0.130070 
1108.152315 0.130426 
1109.116764 0.130652 
1110.081213 0.130873 
1111.045663 0.131157 
1112.010112 0.131550 
1112.974561 0.131783 
1113.939011 0.131650 
1114.903460 0.131118 
1115.867910 0.130246 
1116.832359 0.128949 
1117.796808 0.127332 
1118.761258 0.125716 
1119.725707 0.124270 
1120.690156 0.122830 
1121.654606 0.121279 
1122.619055 0.119703 
1123.583504 0.118372 
1124.547954 0.117167 
1125.512403 0.116008 
1126.476852 0.114922 
1127.441302 0.114033 
1128.405751 0.113409 
1129.370201 0.112827 
1130.334650 0.111914 
1131.299099 0.111056 
1132.263549 0.110548 
1133.227998 0.110115 
1134.192447 0.109556 
1135.156897 0.108998 
1136.121346 0.108580 
1137.085795 0.108249 
1138.050245 0.107919 
1139.014694 0.107552 
1139.979144 0.107297 
1140.943593 0.107295 
1141.908042 0.107306 
1142.872492 0.107261 
1143.836941 0.107306 
1144.801390 0.107568 
1145.765840 0.107888 
1146.730289 0.108136 
1147.694738 0.108317 
1148.659188 0.108741 
1149.623637 0.109333 
1150.588086 0.109725 
1151.552536 0.109867 
1152.516985 0.110127 
1153.481435 0.110646 
1154.445884 0.111220 
1155.410333 0.111652 
1156.374783 0.112140 
1157.339232 0.112718 
1158.303681 0.113248 
1159.268131 0.113543 
1160.232580 0.113675 
1161.197029 0.113795 
1162.161479 0.113923 
1163.125928 0.113895 
1164.090378 0.113852 
1165.054827 0.113729 
1166.019276 0.113570 
1166.983726 0.113536 
1167.948175 0.113738 
1168.912624 0.114169 
1169.877074 0.114793 
1170.841523 0.115313 
1171.805972 0.115647 
1172.770422 0.115903 
1173.734871 0.116211 
1174.699320 0.116496 
1175.663770 0.116775 
1176.628219 0.116900 
1177.592669 0.117138 
1178.557118 0.117563 
1179.521567 0.118065 
1180.486017 0.118703 
1181.450466 0.119328 
1182.414915 0.119770 
1183.379365 0.120292 
1184.343814 0.121086 
1185.308263 0.122057 
1186.272713 0.123007 
1187.237162 0.123782 
1188.201612 0.124411 
1189.166061 0.125043 
1190.130510 0.125874 
1191.094960 0.127054 
1192.059409 0.128434 
1193.023858 0.130094 
1193.988308 0.132133 
1194.952757 0.134617 
1195.917206 0.137488 
1196.881656 0.140978 
1197.846105 0.145484 
1198.810554 0.151480 
1199.775004 0.159349 
1200.739453 0.169825 
1201.703903 0.182569 
1202.668352 0.193637 
1203.632801 0.196973 
1204.597251 0.192520 
1205.561700 0.185581 
1206.526149 0.179404 
1207.490599 0.173675 
1208.455048 0.167898 
1209.419497 0.162420 
1210.383947 0.157727 
1211.348396 0.153766 
1212.312846 0.150501 
1213.277295 0.148041 
1214.241744 0.146475 
1215.206194 0.145670 
1216.170643 0.145222 
1217.135092 0.144859 
1218.099542 0.144628 
1219.063991 0.144673 
1220.028440 0.144991 
1220.992890 0.145374 
1221.957339 0.145958 
1222.921788 0.146992 
1223.886238 0.148611 
1224.850687 0.150741 
1225.815137 0.153734 
1226.779586 0.158094 
1227.744035 0.164087 
1228.708485 0.171382 
1229.672934 0.178958 
1230.637383 0.184862 
1231.601833 0.187644 
1232.566282 0.187714 
1233.530731 0.187648 
1234.495181 0.190204 
1235.459630 0.196846 
1236.424080 0.207378 
1237.388529 0.220319 
1238.352978 0.233552 
1239.317428 0.246316 
1240.281877 0.258813 
1241.246326 0.268675 
1242.210776 0.269557 
1243.175225 0.259013 
1244.139674 0.243215 
1245.104124 0.230063 
1246.068573 0.222394 
1247.033022 0.219817 
1247.997472 0.221440 
1248.961921 0.225973 
1249.926371 0.231461 
1250.890820 0.236961 
1251.855269 0.242905 
1252.819719 0.249193 
1253.784168 0.254467 
1254.748617 0.256703 
1255.713067 0.253914 
1256.677516 0.246064 
1257.641965 0.235373 
1258.606415 0.224023 
1259.570864 0.212771 
1260.535314 0.201757 
1261.499763 0.191963 
1262.464212 0.183322 
1263.428662 0.175561 
1264.393111 0.169022 
1265.357560 0.163769 
1266.322010 0.159819 
1267.286459 0.157140 
1268.250908 0.155888 
1269.215358 0.156036 
1270.179807 0.157528 
1271.144256 0.160215 
1272.108706 0.164175 
1273.073155 0.169364 
1274.037605 0.175564 
1275.002054 0.182428 
1275.966503 0.188964 
1276.930953 0.193553 
1277.895402 0.195333 
1278.859851 0.194344 
1279.824301 0.191642 
1280.788750 0.188840 
1281.753199 0.187188 
1282.717649 0.186086 
1283.682098 0.184352 
1284.646548 0.181112 
1285.610997 0.176821 
1286.575446 0.171861 
1287.539896 0.166614 
1288.504345 0.161828 
1289.468794 0.158104 
1290.433244 0.155229 
1291.397693 0.153331 
1292.362142 0.152166 
1293.326592 0.151746 
1294.291041 0.151882 
1295.255490 0.152088 
1296.219940 0.152057 
1297.184389 0.152023 
1298.148839 0.151896 
1299.113288 0.151655 
1300.077737 0.151560 
1301.042187 0.152021 
1302.006636 0.153001 
1302.971085 0.153929 
1303.935535 0.154029 
1304.899984 0.153278 
1305.864433 0.151957 
1306.828883 0.150607 
1307.793332 0.149258 
1308.757782 0.148196 
1309.722231 0.147329 
1310.686680 0.146099 
1311.651130 0.143988 
1312.615579 0.141200 
1313.580028 0.138941 
1314.544478 0.137582 
1315.508927 0.136565 
1316.473376 0.135296 
1317.437826 0.133904 
1318.402275 0.132632 
1319.366724 0.131000 
1320.331174 0.129674 
1321.295623 0.128397 
1322.260073 0.127386 
1323.224522 0.126598 
1324.188971 0.126124 
1325.153421 0.125691 
1326.117870 0.125563 
1327.082319 0.125719 
1328.046769 0.126065 
1329.011218 0.126383 
1329.975667 0.126822 
1330.940117 0.127630 
1331.904566 0.128794 
1332.869016 0.130097 
1333.833465 0.131587 
1334.797914 0.133458 
1335.762364 0.135474 
1336.726813 0.137480 
1337.691262 0.139298 
1338.655712 0.139795 
1339.620161 0.139836 
1340.584610 0.140653 
1341.549060 0.141941 
1342.513509 0.141835 
1343.477958 0.140380 
1344.442408 0.138181 
1345.406857 0.135997 
1346.371307 0.134162 
1347.335756 0.133088 
1348.300205 0.132654 
1349.264655 0.132670 
1350.229104 0.133013 
1351.193553 0.133494 
1352.158003 0.134001 
1353.122452 0.134296 
1354.086901 0.133672 
1355.051351 0.132675 
1356.015800 0.132294 
1356.980250 0.132305 
1357.944699 0.132314 
1358.909148 0.132708 
1359.873598 0.133037 
1360.838047 0.132828 
1361.802496 0.132366 
1362.766946 0.131782 
1363.731395 0.132602 
1364.695844 0.134603 
1365.660294 0.135862 
1366.624743 0.137028 
1367.589192 0.138133 
1368.553642 0.139578 
1369.518091 0.141963 
1370.482541 0.144412 
1371.446990 0.146376 
1372.411439 0.148325 
1373.375889 0.150490 
1374.340338 0.155217 
1375.304787 0.164283 
1376.269237 0.176730 
1377.233686 0.191201 
1378.198135 0.207138 
1379.162585 0.217496 
1380.127034 0.215992 
1381.091484 0.204551 
1382.055933 0.189229 
1383.020382 0.175906 
1383.984832 0.166101 
1384.949281 0.159111 
1385.913730 0.153592 
1386.878180 0.148702 
1387.842629 0.145090 
1388.807078 0.144214 
1389.771528 0.143305 
1390.735977 0.141892 
1391.700426 0.140702 
1392.664876 0.139618 
1393.629325 0.138158 
1394.593775 0.135921 
1395.558224 0.135000 
1396.522673 0.135297 
1397.487123 0.134866 
1398.451572 0.133831 
1399.416021 0.133121 
1400.380471 0.133656 
1401.344920 0.134137 
1402.309369 0.134009 
1403.273819 0.133693 
1404.238268 0.132756 
1405.202718 0.131921 
1406.167167 0.132623 
1407.131616 0.133149 
1408.096066 0.132972 
1409.060515 0.132853 
1410.024964 0.132819 
1410.989414 0.132912 
1411.953863 0.132747 
1412.918312 0.133095 
1413.882762 0.133537 
1414.847211 0.133936 
1415.811660 0.133845 
1416.776110 0.133734 
1417.740559 0.133724 
1418.705009 0.133846 
1419.669458 0.134550 
1420.633907 0.137716 
1421.598357 0.139956 
1422.562806 0.141797 
1423.527255 0.143105 
1424.491705 0.147048 
1425.456154 0.152476 
1426.420603 0.159037 
1427.385053 0.167736 
1428.349502 0.178605 
1429.313952 0.190142 
1430.278401 0.202601 
1431.242850 0.207449 
1432.207300 0.204798 
1433.171749 0.199976 
1434.136198 0.197978 
1435.100648 0.199188 
1436.065097 0.202193 
1437.029546 0.216533 
1437.993996 0.227149 
1438.958445 0.229366 
1439.922894 0.225009 
1440.887344 0.217960 
1441.851793 0.211881 
1442.816243 0.207503 
1443.780692 0.205123 
1444.745141 0.204765 
1445.709591 0.205759 
1446.674040 0.207370 
1447.638489 0.210029 
1448.602939 0.216638 
1449.567388 0.225095 
1450.531837 0.235833 
1451.496287 0.247595 
1452.460736 0.261330 
1453.425186 0.272967 
1454.389635 0.282306 
1455.354084 0.290356 
1456.318534 0.299154 
1457.282983 0.306637 
1458.247432 0.311098 
1459.211882 0.312728 
1460.176331 0.315971 
1461.140780 0.315502 
1462.105230 0.311468 
1463.069679 0.305449 
1464.034128 0.305216 
1464.998578 0.317494 
1465.963027 0.339487 
1466.927477 0.352124 
1467.891926 0.352866 
1468.856375 0.328881 
1469.820825 0.291025 
1470.785274 0.256164 
1471.749723 0.225326 
1472.714173 0.193713 
1473.678622 0.179362 
1474.643071 0.171487 
1475.607521 0.167165 
1476.571970 0.159058 
1477.536420 0.155111 
1478.500869 0.151816 
1479.465318 0.148098 
1480.429768 0.144154 
1481.394217 0.140255 
1482.358666 0.137134 
1483.323116 0.135014 
1484.287565 0.132458 
1485.252014 0.130323 
1486.216464 0.127844 
1487.180913 0.125698 
1488.145362 0.124073 
1489.109812 0.122558 
1490.074261 0.119962 
1491.038711 0.121183 
1492.003160 0.122520 
1492.967609 0.123125 
1493.932059 0.122850 
1494.896508 0.122303 
1495.860957 0.120670 
1496.825407 0.120344 
1497.789856 0.121119 
1498.754305 0.121223 
1499.718755 0.121738 
1500.683204 0.122789 
1501.647654 0.122881 
1502.612103 0.123600 
1503.576552 0.124005 
1504.541002 0.123732 
1505.505451 0.121378 
1506.469900 0.116410 
1507.434350 0.116753 
1508.398799 0.121158 
1509.363248 0.123445 
1510.327698 0.125468 
1511.292147 0.126738 
1512.256596 0.127391 
1513.221046 0.128567 
1514.185495 0.129411 
1515.149945 0.128860 
1516.114394 0.127977 
1517.078843 0.127025 
1518.043293 0.130261 
1519.007742 0.131849 
1519.972191 0.131272 
1520.936641 0.128233 
1521.901090 0.129305 
1522.865539 0.132189 
1523.829989 0.134220 
1524.794438 0.134339 
1525.758888 0.134995 
1526.723337 0.136363 
1527.687786 0.137307 
1528.652236 0.139025 
1529.616685 0.141447 
1530.581134 0.142795 
1531.545584 0.143429 
1532.510033 0.143883 
1533.474482 0.144635 
1534.438932 0.147557 
1535.403381 0.150581 
1536.367830 0.153087 
1537.332280 0.154847 
1538.296729 0.154920 
1539.261179 0.154014 
1540.225628 0.156991 
1541.190077 0.160346 
1542.154527 0.162732 
1543.118976 0.165353 
1544.083425 0.166655 
1545.047875 0.168013 
1546.012324 0.170852 
1546.976773 0.173354 
1547.941223 0.174406 
1548.905672 0.174380 
1549.870122 0.172986 
1550.834571 0.173546 
1551.799020 0.174306 
1552.763470 0.173712 
1553.727919 0.171905 
1554.692368 0.169090 
1555.656818 0.168532 
1556.621267 0.167990 
1557.585716 0.165021 
1558.550166 0.156001 
1559.514615 0.153684 
1560.479064 0.156235 
1561.443514 0.157333 
1562.407963 0.157114 
1563.372413 0.155705 
1564.336862 0.153787 
1565.301311 0.151315 
1566.265761 0.150262 
1567.230210 0.149299 
1568.194659 0.147904 
1569.159109 0.145379 
1570.123558 0.143711 
1571.088007 0.144451 
1572.052457 0.144642 
1573.016906 0.144072 
1573.981356 0.143536 
1574.945805 0.142751 
1575.910254 0.141398 
1576.874704 0.140597 
1577.839153 0.141852 
1578.803602 0.142585 
1579.768052 0.142671 
1580.732501 0.142521 
1581.696950 0.142320 
1582.661400 0.141827 
1583.625849 0.141327 
1584.590298 0.140770 
1585.554748 0.140160 
1586.519197 0.139280 
1587.483647 0.138339 
1588.448096 0.137301 
1589.412545 0.136083 
1590.376995 0.134688 
1591.341444 0.133457 
1592.305893 0.132324 
1593.270343 0.131325 
1594.234792 0.129800 
1595.199241 0.128481 
1596.163691 0.127541 
1597.128140 0.126763 
1598.092590 0.125872 
1599.057039 0.124722 
1600.021488 0.123568 
1600.985938 0.122576 
1601.950387 0.121486 
1602.914836 0.120315 
1603.879286 0.119368 
1604.843735 0.118779 
1605.808184 0.118040 
1606.772634 0.117105 
1607.737083 0.116475 
1608.701532 0.115980 
1609.665982 0.115190 
1610.630431 0.115205 
1611.594881 0.115246 
1612.559330 0.115226 
1613.523779 0.115079 
1614.488229 0.114632 
1615.452678 0.113790 
1616.417127 0.112344 
1617.381577 0.112165 
1618.346026 0.113635 
1619.310475 0.114264 
1620.274925 0.114227 
1621.239374 0.114042 
1622.203824 0.113394 
1623.168273 0.112258 
1624.132722 0.112377 
1625.097172 0.113228 
1626.061621 0.113507 
1627.026070 0.113169 
1627.990520 0.112472 
1628.954969 0.112833 
1629.919418 0.113421 
1630.883868 0.113423 
1631.848317 0.113208 
1632.812766 0.113004 
1633.777216 0.112596 
1634.741665 0.111221 
1635.706115 0.108387 
1636.670564 0.109236 
1637.635013 0.110309 
1638.599463 0.111351 
1639.563912 0.111816 
1640.528361 0.111550 
1641.492811 0.111363 
1642.457260 0.111249 
1643.421709 0.111310 
1644.386159 0.110825 
1645.350608 0.109597 
1646.315058 0.107153 
1647.279507 0.106453 
1648.243956 0.107429 
1649.208406 0.109124 
1650.172855 0.109786 
1651.137304 0.109310 
1652.101754 0.107451 
1653.066203 0.099300 
1654.030652 0.101795 
1654.995102 0.106676 
1655.959551 0.108378 
1656.924000 0.108753 
1657.888450 0.108858 
1658.852899 0.109112 
1659.817349 0.109056 
1660.781798 0.108430 
1661.746247 0.107415 
1662.710697 0.106552 
1663.675146 0.106780 
1664.639595 0.107532 
1665.604045 0.107638 
1666.568494 0.107397 
1667.532943 0.106564 
1668.497393 0.104971 
1669.461842 0.103889 
1670.426292 0.104545 
1671.390741 0.104648 
1672.355190 0.104788 
1673.319640 0.105057 
1674.284089 0.104441 
1675.248538 0.102909 
1676.212988 0.103352 
1677.177437 0.104437 
1678.141886 0.104681 
1679.106336 0.103972 
1680.070785 0.102551 
1681.035234 0.102529 
1681.999684 0.102762 
1682.964133 0.101073 
1683.928583 0.095985 
1684.893032 0.096871 
1685.857481 0.100762 
1686.821931 0.101851 
1687.786380 0.101618 
1688.750829 0.101236 
1689.715279 0.101370 
1690.679728 0.101473 
1691.644177 0.101913 
1692.608627 0.101952 
1693.573076 0.101495 
1694.537526 0.100565 
1695.501975 0.099013 
1696.466424 0.097369 
1697.430874 0.098557 
1698.395323 0.098984 
1699.359772 0.098016 
1700.324222 0.093856 
1701.288671 0.096953 
1702.253120 0.098794 
1703.217570 0.099182 
1704.182019 0.098714 
1705.146468 0.098377 
1706.110918 0.098298 
1707.075367 0.098453 
1708.039817 0.099333 
1709.004266 0.099685 
1709.968715 0.099160 
1710.933165 0.099224 
1711.897614 0.099582 
1712.862063 0.099231 
1713.826513 0.098072 
1714.790962 0.096819 
1715.755411 0.096571 
1716.719861 0.096492 
1717.684310 0.094672 
1718.648760 0.095550 
1719.613209 0.098034 
1720.577658 0.099068 
1721.542108 0.099236 
1722.506557 0.099009 
1723.471006 0.098677 
1724.435456 0.098852 
1725.399905 0.099307 
1726.364354 0.099531 
1727.328804 0.099493 
1728.293253 0.099165 
1729.257702 0.098240 
1730.222152 0.097287 
1731.186601 0.097906 
1732.151051 0.097843 
1733.115500 0.096241 
1734.079949 0.093583 
1735.044399 0.095985 
1736.008848 0.098079 
1736.973297 0.098751 
1737.937747 0.098776 
1738.902196 0.098542 
1739.866645 0.097808 
1740.831095 0.098325 
1741.795544 0.098942 
1742.759994 0.098386 
1743.724443 0.097544 
1744.688892 0.098006 
1745.653342 0.098247 
1746.617791 0.097813 
1747.582240 0.096982 
1748.546690 0.096356 
1749.511139 0.096583 
1750.475588 0.096872 
1751.440038 0.096236 
1752.404487 0.097185 
1753.368936 0.098302 
1754.333386 0.098705 
1755.297835 0.098553 
1756.262285 0.097816 
1757.226734 0.097275 
1758.191183 0.097829 
1759.155633 0.098379 
1760.120082 0.098491 
1761.084531 0.097883 
1762.048981 0.097063 
1763.013430 0.097834 
1763.977879 0.098463 
1764.942329 0.098558 
1765.906778 0.098605 
1766.871228 0.098318 
1767.835677 0.097429 
1768.800126 0.097319 
1769.764576 0.097887 
1770.729025 0.097490 
1771.693474 0.096022 
1772.657924 0.095800 
1773.622373 0.097198 
1774.586822 0.097952 
1775.551272 0.097939 
1776.515721 0.098397 
1777.480170 0.098959 
1778.444620 0.098812 
1779.409069 0.098381 
1780.373519 0.098032 
1781.337968 0.098065 
1782.302417 0.098767 
1783.266867 0.099153 
1784.231316 0.098811 
1785.195765 0.098415 
1786.160215 0.098861 
1787.124664 0.099287 
1788.089113 0.099380 
1789.053563 0.099209 
1790.018012 0.098710 
1790.982462 0.097869 
1791.946911 0.097350 
1792.911360 0.097469 
1793.875810 0.098425 
1794.840259 0.098920 
1795.804708 0.098438 
1796.769158 0.098584 
1797.733607 0.099065 
1798.698056 0.098903 
1799.662506 0.098486 
1800.626955 0.098390 
1801.591404 0.098257 
1802.555854 0.098361 
1803.520303 0.099097 
1804.484753 0.099569 
1805.449202 0.099599 
1806.413651 0.099428 
1807.378101 0.099168 
1808.342550 0.099201 
1809.306999 0.099258 
1810.271449 0.098821 
1811.235898 0.098595 
1812.200347 0.098839 
1813.164797 0.099230 
1814.129246 0.099565 
1815.093696 0.099680 
1816.058145 0.099629 
1817.022594 0.099367 
1817.987044 0.099264 
1818.951493 0.099532 
1819.915942 0.099629 
1820.880392 0.099548 
1821.844841 0.099353 
1822.809290 0.099142 
1823.773740 0.098942 
1824.738189 0.098366 
1825.702638 0.098042 
1826.667088 0.098801 
1827.631537 0.099165 
1828.595987 0.098580 
1829.560436 0.097501 
1830.524885 0.097796 
1831.489335 0.098878 
1832.453784 0.099347 
1833.418233 0.099423 
1834.382683 0.099572 
1835.347132 0.099599 
1836.311581 0.099357 
1837.276031 0.099122 
1838.240480 0.099410 
1839.204930 0.099690 
1840.169379 0.099713 
1841.133828 0.099579 
1842.098278 0.099281 
1843.062727 0.098744 
1844.027176 0.098029 
1844.991626 0.098027 
1845.956075 0.098935 
1846.920524 0.099268 
1847.884974 0.099044 
1848.849423 0.099371 
1849.813872 0.099870 
1850.778322 0.100056 
1851.742771 0.100111 
1852.707221 0.100161 
1853.671670 0.100224 
1854.636119 0.100255 
1855.600569 0.100284 
1856.565018 0.100294 
1857.529467 0.100228 
1858.493917 0.100114 
1859.458366 0.100136 
1860.422815 0.100196 
1861.387265 0.100156 
1862.351714 0.100250 
1863.316164 0.100420 
1864.280613 0.100394 
1865.245062 0.100261 
1866.209512 0.099832 
1867.173961 0.099313 
1868.138410 0.098763 
1869.102860 0.098515 
1870.067309 0.099010 
1871.031758 0.099782 
1871.996208 0.100386 
1872.960657 0.100621 
1873.925106 0.100647 
1874.889556 0.100585 
1875.854005 0.100596 
1876.818455 0.100580 
1877.782904 0.100589 
1878.747353 0.100572 
1879.711803 0.100555 
1880.676252 0.100664 
1881.640701 0.100747 
1882.605151 0.100765 
1883.569600 0.100700 
1884.534049 0.100568 
1885.498499 0.100653 
1886.462948 0.100910 
1887.427398 0.101016 
1888.391847 0.100669 
1889.356296 0.100015 
1890.320746 0.100124 
1891.285195 0.100860 
1892.249644 0.101105 
1893.214094 0.101035 
1894.178543 0.100832 
1895.142992 0.100633 
1896.107442 0.100887 
1897.071891 0.101211 
1898.036340 0.101308 
1899.000790 0.101391 
1899.965239 0.101477 
1900.929689 0.101451 
1901.894138 0.101393 
1902.858587 0.101414 
1903.823037 0.101393 
1904.787486 0.101384 
1905.751935 0.101402 
1906.716385 0.101292 
1907.680834 0.101046 
1908.645283 0.100895 
1909.609733 0.100795 
1910.574182 0.100890 
1911.538632 0.101333 
1912.503081 0.101514 
1913.467530 0.101460 
1914.431980 0.101371 
1915.396429 0.101368 
1916.360878 0.101242 
1917.325328 0.100793 
1918.289777 0.100480 
1919.254226 0.100976 
1920.218676 0.101436 
1921.183125 0.101316 
1922.147574 0.100669 
1923.112024 0.100326 
1924.076473 0.101017 
1925.040923 0.101533 
1926.005372 0.101632 
1926.969821 0.101657 
1927.934271 0.101668 
1928.898720 0.101640 
1929.863169 0.101648 
1930.827619 0.101620 
1931.792068 0.101696 
1932.756517 0.101766 
1933.720967 0.101756 
1934.685416 0.101756 
1935.649866 0.101812 
1936.614315 0.101864 
1937.578764 0.101898 
1938.543214 0.101910 
1939.507663 0.101893 
1940.472112 0.101803 
1941.436562 0.101412 
1942.401011 0.100824 
1943.365460 0.101085 
1944.329910 0.101672 
1945.294359 0.101772 
1946.258808 0.101803 
1947.223258 0.102008 
1948.187707 0.102236 
1949.152157 0.102685 
1950.116606 0.102914 
1951.081055 0.102622 
1952.045505 0.102425 
1953.009954 0.102483 
1953.974403 0.102453 
1954.938853 0.102362 
1955.903302 0.102535 
1956.867751 0.103339 
1957.832201 0.106099 
1958.796650 0.109452 
1959.761100 0.107238 
1960.725549 0.103863 
1961.689998 0.103119 
1962.654448 0.103027 
1963.618897 0.102964 
1964.583346 0.102930 
1965.547796 0.102854 
1966.512245 0.102491 
1967.476694 0.102255 
1968.441144 0.102599 
1969.405593 0.103017 
1970.370042 0.103114 
1971.334492 0.103139 
1972.298941 0.103188 
1973.263391 0.103250 
1974.227840 0.103251 
1975.192289 0.103238 
1976.156739 0.103260 
1977.121188 0.103363 
1978.085637 0.103465 
1979.050087 0.103497 
1980.014536 0.103444 
1980.978985 0.103483 
1981.943435 0.103559 
1982.907884 0.103596 
1983.872334 0.103590 
1984.836783 0.103642 
1985.801232 0.103751 
1986.765682 0.103775 
1987.730131 0.103550 
1988.694580 0.103441 
1989.659030 0.103714 
1990.623479 0.103724 
1991.587928 0.103312 
1992.552378 0.103154 
1993.516827 0.103669 
1994.481276 0.104111 
1995.445726 0.104228 
1996.410175 0.104236 
1997.374625 0.104266 
1998.339074 0.104322 
1999.303523 0.104347 
2000.267973 0.104374 
2001.232422 0.104446 
2002.196871 0.104533 
2003.161321 0.104552 
2004.125770 0.104545 
2005.090219 0.104561 
2006.054669 0.104552 
2007.019118 0.104526 
2007.983568 0.104515 
2008.948017 0.104483 
2009.912466 0.104479 
2010.876916 0.104524 
2011.841365 0.104542 
2012.805814 0.104523 
2013.770264 0.104519 
2014.734713 0.104514 
2015.699162 0.104390 
2016.663612 0.104125 
2017.628061 0.104171 
2018.592510 0.104451 
2019.556960 0.104667 
2020.521409 0.104728 
2021.485859 0.104696 
2022.450308 0.104702 
2023.414757 0.104809 
2024.379207 0.104969 
2025.343656 0.105089 
2026.308105 0.105216 
2027.272555 0.105546 
2028.237004 0.106501 
2029.201453 0.107012 
2030.165903 0.106089 
2031.130352 0.105451 
2032.094802 0.105342 
2033.059251 0.105313 
2034.023700 0.105246 
2034.988150 0.105204 
2035.952599 0.105191 
2036.917048 0.105181 
2037.881498 0.105097 
2038.845947 0.105054 
2039.810396 0.104987 
2040.774846 0.104826 
2041.739295 0.104740 
2042.703744 0.104872 
2043.668194 0.104904 
2044.632643 0.104938 
2045.597093 0.104964 
2046.561542 0.104928 
2047.525991 0.104917 
2048.490441 0.104981 
2049.454890 0.105040 
2050.419339 0.105017 
2051.383789 0.104978 
2052.348238 0.105059 
2053.312687 0.105079 
2054.277137 0.105062 
2055.241586 0.105037 
2056.206036 0.105053 
2057.170485 0.105107 
2058.134934 0.105170 
2059.099384 0.105173 
2060.063833 0.105180 
2061.028282 0.105175 
2061.992732 0.105229 
2062.957181 0.105213 
2063.921630 0.105078 
2064.886080 0.104955 
2065.850529 0.104999 
2066.814978 0.105123 
2067.779428 0.105166 
2068.743877 0.105203 
2069.708327 0.105192 
2070.672776 0.105145 
2071.637225 0.105112 
2072.601675 0.105172 
2073.566124 0.105211 
2074.530573 0.105166 
2075.495023 0.105112 
2076.459472 0.105121 
2077.423921 0.105158 
2078.388371 0.105125 
2079.352820 0.105096 
2080.317270 0.105119 
2081.281719 0.105182 
2082.246168 0.105215 
2083.210618 0.105193 
2084.175067 0.105202 
2085.139516 0.105248 
2086.103966 0.105308 
2087.068415 0.105271 
2088.032864 0.105231 
2088.997314 0.105244 
2089.961763 0.105270 
2090.926212 0.105351 
2091.890662 0.105346 
2092.855111 0.105360 
2093.819561 0.105429 
2094.784010 0.105459 
2095.748459 0.105374 
2096.712909 0.105366 
2097.677358 0.105428 
2098.641807 0.105492 
2099.606257 0.105513 
2100.570706 0.105471 
2101.535155 0.105446 
2102.499605 0.105485 
2103.464054 0.105530 
2104.428504 0.105490 
2105.392953 0.105457 
2106.357402 0.105496 
2107.321852 0.105545 
2108.286301 0.105461 
2109.250750 0.105385 
2110.215200 0.105433 
2111.179649 0.105517 
2112.144098 0.105483 
2113.108548 0.105393 
2114.072997 0.105350 
2115.037446 0.105376 
2116.001896 0.105445 
2116.966345 0.105359 
2117.930795 0.105302 
2118.895244 0.105340 
2119.859693 0.105428 
2120.824143 0.105352 
2121.788592 0.105251 
2122.753041 0.105271 
2123.717491 0.105387 
2124.681940 0.105358 
2125.646389 0.105291 
2126.610839 0.105348 
2127.575288 0.105420 
2128.539738 0.105362 
2129.504187 0.105319 
2130.468636 0.105363 
2131.433086 0.105453 
2132.397535 0.105454 
2133.361984 0.105341 
2134.326434 0.105276 
2135.290883 0.105299 
2136.255332 0.105276 
2137.219782 0.105275 
2138.184231 0.105318 
2139.148680 0.105329 
2140.113130 0.105325 
2141.077579 0.105385 
2142.042029 0.105411 
2143.006478 0.105367 
2143.970927 0.105414 
2144.935377 0.105477 
2145.899826 0.105505 
2146.864275 0.105587 
2147.828725 0.105669 
2148.793174 0.105733 
2149.757623 0.105764 
2150.722073 0.105801 
2151.686522 0.105816 
2152.650972 0.105876 
2153.615421 0.105969 
2154.579870 0.106099 
2155.544320 0.106154 
2156.508769 0.106163 
2157.473218 0.106218 
2158.437668 0.106290 
2159.402117 0.106300 
2160.366566 0.106293 
2161.331016 0.106345 
2162.295465 0.106396 
2163.259914 0.106405 
2164.224364 0.106451 
2165.188813 0.106520 
2166.153263 0.106470 
2167.117712 0.106358 
2168.082161 0.106445 
2169.046611 0.106572 
2170.011060 0.106530 
2170.975509 0.106494 
2171.939959 0.106582 
2172.904408 0.106621 
2173.868857 0.106579 
2174.833307 0.106571 
2175.797756 0.106701 
2176.762206 0.106785 
2177.726655 0.106791 
2178.691104 0.106831 
2179.655554 0.106960 
2180.620003 0.107000 
2181.584452 0.107033 
2182.548902 0.107094 
2183.513351 0.107160 
2184.477800 0.107185 
2185.442250 0.107238 
2186.406699 0.107319 
2187.371148 0.107362 
2188.335598 0.107369 
2189.300047 0.107465 
2190.264497 0.107506 
2191.228946 0.107449 
2192.193395 0.107467 
2193.157845 0.107578 
2194.122294 0.107592 
2195.086743 0.107529 
2196.051193 0.107532 
2197.015642 0.107566 
2197.980091 0.107535 
2198.944541 0.107546 
2199.908990 0.107545 
2200.873440 0.107490 
2201.837889 0.107510 
2202.802338 0.107579 
2203.766788 0.107559 
2204.731237 0.107543 
2205.695686 0.107586 
2206.660136 0.107624 
2207.624585 0.107583 
2208.589034 0.107588 
2209.553484 0.107639 
2210.517933 0.107679 
2211.482382 0.107626 
2212.446832 0.107604 
2213.411281 0.107682 
2214.375731 0.107790 
2215.340180 0.107816 
2216.304629 0.107836 
2217.269079 0.107858 
2218.233528 0.107952 
2219.197977 0.107983 
2220.162427 0.107981 
2221.126876 0.107993 
2222.091325 0.108027 
2223.055775 0.108065 
2224.020224 0.108100 
2224.984674 0.108123 
2225.949123 0.108162 
2226.913572 0.108200 
2227.878022 0.108286 
2228.842471 0.108357 
2229.806920 0.108408 
2230.771370 0.108487 
2231.735819 0.108527 
2232.700268 0.108512 
2233.664718 0.108545 
2234.629167 0.108586 
2235.593616 0.108614 
2236.558066 0.108604 
2237.522515 0.108628 
2238.486965 0.108663 
2239.451414 0.108708 
2240.415863 0.108710 
2241.380313 0.108744 
2242.344762 0.108816 
2243.309211 0.108907 
2244.273661 0.108988 
2245.238110 0.109038 
2246.202559 0.109013 
2247.167009 0.109072 
2248.131458 0.109116 
2249.095908 0.109156 
2250.060357 0.109127 
2251.024806 0.109153 
2251.989256 0.109225 
2252.953705 0.109272 
2253.918154 0.109263 
2254.882604 0.109268 
2255.847053 0.109284 
2256.811502 0.109325 
2257.775952 0.109355 
2258.740401 0.109444 
2259.704850 0.109461 
2260.669300 0.109450 
2261.633749 0.109480 
2262.598199 0.109533 
2263.562648 0.109577 
2264.527097 0.109684 
2265.491547 0.109718 
2266.455996 0.109739 
2267.420445 0.109750 
2268.384895 0.109803 
2269.349344 0.109837 
2270.313793 0.109896 
2271.278243 0.109994 
2272.242692 0.110146 
2273.207142 0.110195 
2274.171591 0.110254 
2275.136040 0.110318 
2276.100490 0.110406 
2277.064939 0.110517 
2278.029388 0.110629 
2278.993838 0.110661 
2279.958287 0.110714 
2280.922736 0.110774 
2281.887186 0.110886 
2282.851635 0.110997 
2283.816084 0.111156 
2284.780534 0.111252 
2285.744983 0.111304 
2286.709433 0.111267 
2287.673882 0.111332 
2288.638331 0.111409 
2289.602781 0.111423 
2290.567230 0.111435 
2291.531679 0.111493 
2292.496129 0.111440 
2293.460578 0.111439 
2294.425027 0.111379 
2295.389477 0.111402 
2296.353926 0.111387 
2297.318376 0.111394 
2298.282825 0.111358 
2299.247274 0.111372 
2300.211724 0.111359 
2301.176173 0.111288 
2302.140622 0.111266 
2303.105072 0.111208 
2304.069521 0.111146 
2305.033970 0.111196 
2305.998420 0.110973 
2306.962869 0.110894 
2307.927318 0.110585 
2308.891768 0.110701 
2309.856217 0.110406 
2310.820667 0.110532 
2311.785116 0.110211 
2312.749565 0.110368 
2313.714015 0.110119 
2314.678464 0.110341 
2315.642913 0.110152 
2316.607363 0.110185 
2317.571812 0.109990 
2318.536261 0.109948 
2319.500711 0.109602 
2320.465160 0.109349 
2321.429610 0.109264 
2322.394059 0.109254 
2323.358508 0.109266 
2324.322958 0.109140 
2325.287407 0.109167 
2326.251856 0.109087 
2327.216306 0.109068 
2328.180755 0.108974 
2329.145204 0.108938 
2330.109654 0.108756 
2331.074103 0.108722 
2332.038552 0.108725 
2333.003002 0.108942 
2333.967451 0.108972 
2334.931901 0.109113 
2335.896350 0.109096 
2336.860799 0.109055 
2337.825249 0.108923 
2338.789698 0.108864 
2339.754147 0.108686 
2340.718597 0.108663 
2341.683046 0.108672 
2342.647495 0.108658 
2343.611945 0.108552 
2344.576394 0.108589 
2345.540844 0.108730 
2346.505293 0.109149 
2347.469742 0.109600 
2348.434192 0.109868 
2349.398641 0.109864 
2350.363090 0.109563 
2351.327540 0.109125 
2352.291989 0.108881 
2353.256438 0.108570 
2354.220888 0.108315 
2355.185337 0.107970 
2356.149786 0.107775 
2357.114236 0.107498 
2358.078685 0.107445 
2359.043135 0.107262 
2360.007584 0.107131 
2360.972033 0.107091 
2361.936483 0.107287 
2362.900932 0.107416 
2363.865381 0.107558 
2364.829831 0.107733 
2365.794280 0.107892 
2366.758729 0.107977 
2367.723179 0.108182 
2368.687628 0.108378 
2369.652078 0.108703 
2370.616527 0.108907 
2371.580976 0.109160 
2372.545426 0.109357 
2373.509875 0.109577 
2374.474324 0.109772 
2375.438774 0.110009 
2376.403223 0.110191 
2377.367672 0.110450 
2378.332122 0.110640 
2379.296571 0.110880 
2380.261020 0.111057 
2381.225470 0.111268 
2382.189919 0.111463 
2383.154369 0.111784 
2384.118818 0.111985 
2385.083267 0.112105 
2386.047717 0.112175 
2387.012166 0.112271 
2387.976615 0.112302 
2388.941065 0.112368 
2389.905514 0.112384 
2390.869963 0.112439 
2391.834413 0.112460 
2392.798862 0.112538 
2393.763312 0.112613 
2394.727761 0.112656 
2395.692210 0.112708 
2396.656660 0.112770 
2397.621109 0.112756 
2398.585558 0.112736 
2399.550008 0.112698 
2400.514457 0.112738 
2401.478906 0.112777 
2402.443356 0.112793 
2403.407805 0.112783 
2404.372254 0.112846 
2405.336704 0.112820 
2406.301153 0.112781 
2407.265603 0.112761 
2408.230052 0.112836 
2409.194501 0.112864 
2410.158951 0.112865 
2411.123400 0.112861 
2412.087849 0.112943 
2413.052299 0.113020 
2414.016748 0.113041 
2414.981197 0.112963 
2415.945647 0.112989 
2416.910096 0.113050 
2417.874546 0.113085 
2418.838995 0.113077 
2419.803444 0.113004 
2420.767894 0.112984 
2421.732343 0.113060 
2422.696792 0.113038 
2423.661242 0.113003 
2424.625691 0.112985 
2425.590140 0.112972 
2426.554590 0.112945 
2427.519039 0.112945 
2428.483488 0.112909 
2429.447938 0.112877 
2430.412387 0.112854 
2431.376837 0.112882 
2432.341286 0.112912 
2433.305735 0.112934 
2434.270185 0.112951 
2435.234634 0.112959 
2436.199083 0.112912 
2437.163533 0.112901 
2438.127982 0.112880 
2439.092431 0.112885 
2440.056881 0.112864 
2441.021330 0.112894 
2441.985780 0.112913 
2442.950229 0.112927 
2443.914678 0.112896 
2444.879128 0.112873 
2445.843577 0.112868 
2446.808026 0.112904 
2447.772476 0.112860 
2448.736925 0.112801 
2449.701374 0.112754 
2450.665824 0.112748 
2451.630273 0.112717 
2452.594722 0.112738 
2453.559172 0.112773 
2454.523621 0.112773 
2455.488071 0.112689 
2456.452520 0.112632 
2457.416969 0.112595 
2458.381419 0.112605 
2459.345868 0.112545 
2460.310317 0.112518 
2461.274767 0.112525 
2462.239216 0.112509 
2463.203665 0.112521 
2464.168115 0.112561 
2465.132564 0.112538 
2466.097014 0.112522 
2467.061463 0.112575 
2468.025912 0.112594 
2468.990362 0.112567 
2469.954811 0.112601 
2470.919260 0.112644 
2471.883710 0.112704 
2472.848159 0.112713 
2473.812608 0.112726 
2474.777058 0.112734 
2475.741507 0.112713 
2476.705956 0.112693 
2477.670406 0.112691 
2478.634855 0.112718 
2479.599305 0.112769 
2480.563754 0.112757 
2481.528203 0.112736 
2482.492653 0.112719 
2483.457102 0.112734 
2484.421551 0.112775 
2485.386001 0.112862 
2486.350450 0.112860 
2487.314899 0.112831 
2488.279349 0.112852 
2489.243798 0.112904 
2490.208248 0.112951 
2491.172697 0.112997 
2492.137146 0.113046 
2493.101596 0.113068 
2494.066045 0.113094 
2495.030494 0.113180 
2495.994944 0.113235 
2496.959393 0.113273 
2497.923842 0.113278 
2498.888292 0.113305 
2499.852741 0.113405 
2500.817190 0.113456 
2501.781640 0.113449 
2502.746089 0.113476 
2503.710539 0.113509 
2504.674988 0.113526 
2505.639437 0.113554 
2506.603887 0.113640 
2507.568336 0.113723 
2508.532785 0.113775 
2509.497235 0.113816 
2510.461684 0.113853 
2511.426133 0.113838 
2512.390583 0.113859 
2513.355032 0.113908 
2514.319482 0.114024 
2515.283931 0.114108 
2516.248380 0.114202 
2517.212830 0.114289 
2518.177279 0.114340 
2519.141728 0.114395 
2520.106178 0.114454 
2521.070627 0.114502 
2522.035076 0.114552 
2522.999526 0.114622 
2523.963975 0.114690 
2524.928424 0.114732 
2525.892874 0.114809 
2526.857323 0.114890 
2527.821773 0.114989 
2528.786222 0.115038 
2529.750671 0.115093 
2530.715121 0.115138 
2531.679570 0.115195 
2532.644019 0.115254 
2533.608469 0.115309 
2534.572918 0.115295 
2535.537367 0.115293 
2536.501817 0.115316 
2537.466266 0.115328 
2538.430716 0.115351 
2539.395165 0.115372 
2540.359614 0.115365 
2541.324064 0.115386 
2542.288513 0.115406 
2543.252962 0.115478 
2544.217412 0.115519 
2545.181861 0.115584 
2546.146310 0.115650 
2547.110760 0.115728 
2548.075209 0.115809 
2549.039658 0.115823 
2550.004108 0.115850 
2550.968557 0.115955 
2551.933007 0.116026 
2552.897456 0.116080 
2553.861905 0.116102 
2554.826355 0.116167 
2555.790804 0.116209 
2556.755253 0.116260 
2557.719703 0.116293 
2558.684152 0.116282 
2559.648601 0.116276 
2560.613051 0.116355 
2561.577500 0.116366 
2562.541950 0.116378 
2563.506399 0.116398 
2564.470848 0.116433 
2565.435298 0.116484 
2566.399747 0.116599 
2567.364196 0.116646 
2568.328646 0.116680 
2569.293095 0.116695 
2570.257544 0.116751 
2571.221994 0.116876 
2572.186443 0.116964 
2573.150892 0.117000 
2574.115342 0.117074 
2575.079791 0.117156 
2576.044241 0.117232 
2577.008690 0.117270 
2577.973139 0.117341 
2578.937589 0.117455 
2579.902038 0.117537 
2580.866487 0.117594 
2581.830937 0.117710 
2582.795386 0.117872 
2583.759835 0.117974 
2584.724285 0.118006 
2585.688734 0.118107 
2586.653184 0.118242 
2587.617633 0.118378 
2588.582082 0.118479 
2589.546532 0.118592 
2590.510981 0.118622 
2591.475430 0.118610 
2592.439880 0.118677 
2593.404329 0.118764 
2594.368778 0.118823 
2595.333228 0.118937 
2596.297677 0.118996 
2597.262126 0.119137 
2598.226576 0.119302 
2599.191025 0.119379 
2600.155475 0.119356 
2601.119924 0.119425 
2602.084373 0.119589 
2603.048823 0.119759 
2604.013272 0.119868 
2604.977721 0.119962 
2605.942171 0.120053 
2606.906620 0.120184 
2607.871069 0.120314 
2608.835519 0.120468 
2609.799968 0.120573 
2610.764418 0.120681 
2611.728867 0.120835 
2612.693316 0.121033 
2613.657766 0.121211 
2614.622215 0.121397 
2615.586664 0.121596 
2616.551114 0.121817 
2617.515563 0.121967 
2618.480012 0.122058 
2619.444462 0.122025 
2620.408911 0.121990 
2621.373360 0.121925 
2622.337810 0.121838 
2623.302259 0.121764 
2624.266709 0.121743 
2625.231158 0.121702 
2626.195607 0.121680 
2627.160057 0.121650 
2628.124506 0.121689 
2629.088955 0.121777 
2630.053405 0.121856 
2631.017854 0.121865 
2631.982303 0.121911 
2632.946753 0.122015 
2633.911202 0.122137 
2634.875652 0.122197 
2635.840101 0.122310 
2636.804550 0.122422 
2637.769000 0.122501 
2638.733449 0.122563 
2639.697898 0.122696 
2640.662348 0.122819 
2641.626797 0.122939 
2642.591246 0.123018 
2643.555696 0.123095 
2644.520145 0.123165 
2645.484594 0.123276 
2646.449044 0.123338 
2647.413493 0.123382 
2648.377943 0.123426 
2649.342392 0.123528 
2650.306841 0.123642 
2651.271291 0.123706 
2652.235740 0.123799 
2653.200189 0.123966 
2654.164639 0.124082 
2655.129088 0.124255 
2656.093537 0.124431 
2657.057987 0.124572 
2658.022436 0.124741 
2658.986886 0.124944 
2659.951335 0.125147 
2660.915784 0.125457 
2661.880234 0.125733 
2662.844683 0.126009 
2663.809132 0.126235 
2664.773582 0.126420 
2665.738031 0.126597 
2666.702480 0.126836 
2667.666930 0.127022 
2668.631379 0.127181 
2669.595828 0.127249 
2670.560278 0.127309 
2671.524727 0.127351 
2672.489177 0.127403 
2673.453626 0.127338 
2674.418075 0.127320 
2675.382525 0.127384 
2676.346974 0.127445 
2677.311423 0.127492 
2678.275873 0.127509 
2679.240322 0.127438 
2680.204771 0.127456 
2681.169221 0.127525 
2682.133670 0.127614 
2683.098120 0.127643 
2684.062569 0.127718 
2685.027018 0.127797 
2685.991468 0.127907 
2686.955917 0.128008 
2687.920366 0.128088 
2688.884816 0.128086 
2689.849265 0.128093 
2690.813714 0.128026 
2691.778164 0.127973 
2692.742613 0.127875 
2693.707062 0.127800 
2694.671512 0.127687 
2695.635961 0.127537 
2696.600411 0.127364 
2697.564860 0.127246 
2698.529309 0.127182 
2699.493759 0.127068 
2700.458208 0.126883 
2701.422657 0.126821 
2702.387107 0.126824 
2703.351556 0.126916 
2704.316005 0.127009 
2705.280455 0.127088 
2706.244904 0.127184 
2707.209354 0.127364 
2708.173803 0.127564 
2709.138252 0.127776 
2710.102702 0.128011 
2711.067151 0.128298 
2712.031600 0.128602 
2712.996050 0.128959 
2713.960499 0.129262 
2714.924948 0.129519 
2715.889398 0.129816 
2716.853847 0.130135 
2717.818296 0.130326 
2718.782746 0.130533 
2719.747195 0.130727 
2720.711645 0.130940 
2721.676094 0.131131 
2722.640543 0.131347 
2723.604993 0.131664 
2724.569442 0.132054 
2725.533891 0.132428 
2726.498341 0.132831 
2727.462790 0.133335 
2728.427239 0.134007 
2729.391689 0.134651 
2730.356138 0.135206 
2731.320588 0.135640 
2732.285037 0.135886 
2733.249486 0.135878 
2734.213936 0.135747 
2735.178385 0.135560 
2736.142834 0.135339 
2737.107284 0.134946 
2738.071733 0.134589 
2739.036182 0.134372 
2740.000632 0.134108 
2740.965081 0.133799 
2741.929530 0.133628 
2742.893980 0.133505 
2743.858429 0.133386 
2744.822879 0.133299 
2745.787328 0.133316 
2746.751777 0.133252 
2747.716227 0.133116 
2748.680676 0.133085 
2749.645125 0.133089 
2750.609575 0.132961 
2751.574024 0.132906 
2752.538473 0.132809 
2753.502923 0.132705 
2754.467372 0.132624 
2755.431822 0.132596 
2756.396271 0.132564 
2757.360720 0.132537 
2758.325170 0.132569 
2759.289619 0.132650 
2760.254068 0.132714 
2761.218518 0.132818 
2762.182967 0.132845 
2763.147416 0.132917 
2764.111866 0.133072 
2765.076315 0.133275 
2766.040764 0.133461 
2767.005214 0.133684 
2767.969663 0.133863 
2768.934113 0.134054 
2769.898562 0.134289 
2770.863011 0.134605 
2771.827461 0.134940 
2772.791910 0.135327 
2773.756359 0.135621 
2774.720809 0.135912 
2775.685258 0.136186 
2776.649707 0.136565 
2777.614157 0.136954 
2778.578606 0.137401 
2779.543056 0.137829 
2780.507505 0.138344 
2781.471954 0.138879 
2782.436404 0.139407 
2783.400853 0.139880 
2784.365302 0.140425 
2785.329752 0.141019 
2786.294201 0.141572 
2787.258650 0.141997 
2788.223100 0.142399 
2789.187549 0.142747 
2790.151998 0.143133 
2791.116448 0.143528 
2792.080897 0.143941 
2793.045347 0.144352 
2794.009796 0.144770 
2794.974245 0.145184 
2795.938695 0.145694 
2796.903144 0.146316 
2797.867593 0.146979 
2798.832043 0.147577 
2799.796492 0.148192 
2800.760941 0.148886 
2801.725391 0.149674 
2802.689840 0.150494 
2803.654290 0.151306 
2804.618739 0.152092 
2805.583188 0.152944 
2806.547638 0.153776 
2807.512087 0.154677 
2808.476536 0.155547 
2809.440986 0.156389 
2810.405435 0.157264 
2811.369884 0.158339 
2812.334334 0.159390 
2813.298783 0.160513 
2814.263232 0.161765 
2815.227682 0.163197 
2816.192131 0.164649 
2817.156581 0.166211 
2818.121030 0.167806 
2819.085479 0.169554 
2820.049929 0.171314 
2821.014378 0.173236 
2821.978827 0.175288 
2822.943277 0.177581 
2823.907726 0.179963 
2824.872175 0.182594 
2825.836625 0.185443 
2826.801074 0.188629 
2827.765524 0.192023 
2828.729973 0.195843 
2829.694422 0.200002 
2830.658872 0.204704 
2831.623321 0.210044 
2832.587770 0.216181 
2833.552220 0.223177 
2834.516669 0.231217 
2835.481118 0.240119 
2836.445568 0.249557 
2837.410017 0.258701 
2838.374466 0.267141 
2839.338916 0.274576 
2840.303365 0.281402 
2841.267815 0.288056 
2842.232264 0.295738 
2843.196713 0.305136 
2844.161163 0.317161 
2845.125612 0.331943 
2846.090061 0.350102 
2847.054511 0.371367 
2848.018960 0.396094 
2848.983409 0.423323 
2849.947859 0.452435 
2850.912308 0.481888 
2851.876758 0.511219 
2852.841207 0.539015 
2853.805656 0.565410 
2854.770106 0.589371 
2855.734555 0.611807 
2856.699004 0.632201 
2857.663454 0.650788 
2858.627903 0.664842 
2859.592352 0.673483 
2860.556802 0.673769 
2861.521251 0.665697 
2862.485700 0.648921 
2863.450150 0.627145 
2864.414599 0.603144 
2865.379049 0.581371 
2866.343498 0.563511 
2867.307947 0.552038 
2868.272397 0.546898 
2869.236846 0.549402 
2870.201295 0.558751 
2871.165745 0.574038 
2872.130194 0.590131 
2873.094643 0.601049 
2874.059093 0.599228 
2875.023542 0.582356 
2875.987992 0.553221 
2876.952441 0.520128 
2877.916890 0.488134 
2878.881340 0.460899 
2879.845789 0.438621 
2880.810238 0.421574 
2881.774688 0.408807 
2882.739137 0.399827 
2883.703586 0.393475 
2884.668036 0.389669 
2885.632485 0.387629 
2886.596934 0.387402 
2887.561384 0.388632 
2888.525833 0.391530 
2889.490283 0.395469 
2890.454732 0.400751 
2891.419181 0.406860 
2892.383631 0.414034 
2893.348080 0.421612 
2894.312529 0.429594 
2895.276979 0.437182 
2896.241428 0.444750 
2897.205877 0.451727 
2898.170327 0.458463 
2899.134776 0.464694 
2900.099226 0.471247 
2901.063675 0.478084 
2902.028124 0.486073 
2902.992574 0.494515 
2903.957023 0.504122 
2904.921472 0.514557 
2905.885922 0.526099 
2906.850371 0.538121 
2907.814820 0.551471 
2908.779270 0.565409 
2909.743719 0.581047 
2910.708168 0.597871 
2911.672618 0.616707 
2912.637067 0.636748 
2913.601517 0.659379 
2914.565966 0.683523 
2915.530415 0.709683 
2916.494865 0.736702 
2917.459314 0.766250 
2918.423763 0.796639 
2919.388213 0.828822 
2920.352662 0.861109 
2921.317111 0.894701 
2922.281561 0.927091 
2923.246010 0.961013 
2924.210460 0.994582 
2925.174909 1.029996 
2926.139358 1.062886 
2927.103808 1.094606 
2928.068257 1.120615 
2929.032706 1.143684 
2929.997156 1.161173 
2930.961605 1.176551 
2931.926054 1.182769 
2932.890504 1.181632 
2933.854953 1.167481 
2934.819402 1.146155 
2935.783852 1.114637 
2936.748301 1.078411 
2937.712751 1.036223 
2938.677200 0.993181 
2939.641649 0.949211 
2940.606099 0.908142 
2941.570548 0.868560 
2942.534997 0.832742 
2943.499447 0.799676 
2944.463896 0.772123 
2945.428345 0.749016 
2946.392795 0.732158 
2947.357244 0.721847 
2948.321694 0.719830 
2949.286143 0.724702 
2950.250592 0.738087 
2951.215042 0.758580 
2952.179491 0.786874 
2953.143940 0.821058 
2954.108390 0.859698 
2955.072839 0.897169 
2956.037288 0.932154 
2957.001738 0.960706 
2957.966187 0.984033 
2958.930636 0.998391 
2959.895086 1.005988 
2960.859535 1.003343 
2961.823985 0.992061 
2962.788434 0.970166 
2963.752883 0.940466 
2964.717333 0.900972 
2965.681782 0.855210 
2966.646231 0.803508 
2967.610681 0.750220 
2968.575130 0.696110 
2969.539579 0.643738 
2970.504029 0.593003 
2971.468478 0.545915 
2972.432928 0.502581 
2973.397377 0.463547 
2974.361826 0.428577 
2975.326276 0.398329 
2976.290725 0.371692 
2977.255174 0.348453 
2978.219624 0.328024 
2979.184073 0.310520 
2980.148522 0.295141 
2981.112972 0.281734 
2982.077421 0.269945 
2983.041870 0.259799 
2984.006320 0.250724 
2984.970769 0.242857 
2985.935219 0.235809 
2986.899668 0.229638 
2987.864117 0.224086 
2988.828567 0.219231 
2989.793016 0.214982 
2990.757465 0.211330 
2991.721915 0.207964 
2992.686364 0.205048 
2993.650813 0.202608 
2994.615263 0.200659 
2995.579712 0.199051 
2996.544162 0.197953 
2997.508611 0.197069 
2998.473060 0.196531 
2999.437510 0.196343 
3000.401959 0.196477 
3001.366408 0.196662 
3002.330858 0.196954 
3003.295307 0.197081 
3004.259756 0.197152 
3005.224206 0.196948 
3006.188655 0.196527 
3007.153104 0.195716 
3008.117554 0.194477 
3009.082003 0.192714 
3010.046453 0.190605 
3011.010902 0.188029 
3011.975351 0.185303 
3012.939801 0.182350 
3013.904250 0.179419 
3014.868699 0.176590 
3015.833149 0.173756 
3016.797598 0.170935 
3017.762047 0.168433 
3018.726497 0.166139 
3019.690946 0.164059 
3020.655396 0.162067 
3021.619845 0.160348 
3022.584294 0.158900 
3023.548744 0.157587 
3024.513193 0.156308 
3025.477642 0.155201 
3026.442092 0.154163 
3027.406541 0.153356 
3028.370990 0.152602 
3029.335440 0.151887 
3030.299889 0.151101 
3031.264338 0.150494 
3032.228788 0.149952 
3033.193237 0.149403 
3034.157687 0.148918 
3035.122136 0.148397 
3036.086585 0.147972 
3037.051035 0.147716 
3038.015484 0.147422 
3038.979933 0.147115 
3039.944383 0.146717 
3040.908832 0.146390 
3041.873281 0.146163 
3042.837731 0.145879 
3043.802180 0.145571 
3044.766630 0.145267 
3045.731079 0.144918 
3046.695528 0.144675 
3047.659978 0.144442 
3048.624427 0.144269 
3049.588876 0.144049 
3050.553326 0.143838 
3051.517775 0.143626 
3052.482224 0.143509 
3053.446674 0.143379 
3054.411123 0.143119 
3055.375572 0.142872 
3056.340022 0.142783 
3057.304471 0.142661 
3058.268921 0.142567 
3059.233370 0.142442 
3060.197819 0.142395 
3061.162269 0.142332 
3062.126718 0.142271 
3063.091167 0.142086 
3064.055617 0.141985 
3065.020066 0.141992 
3065.984515 0.141979 
3066.948965 0.141834 
3067.913414 0.141688 
3068.877864 0.141722 
3069.842313 0.141792 
3070.806762 0.141676 
3071.771212 0.141573 
3072.735661 0.141532 
3073.700110 0.141583 
3074.664560 0.141613 
3075.629009 0.141650 
3076.593458 0.141636 
3077.557908 0.141571 
3078.522357 0.141504 
3079.486806 0.141551 
3080.451256 0.141500 
3081.415705 0.141538 
3082.380155 0.141607 
3083.344604 0.141705 
3084.309053 0.141684 
3085.273503 0.141663 
3086.237952 0.141632 
3087.202401 0.141605 
3088.166851 0.141638 
3089.131300 0.141689 
3090.095749 0.141706 
3091.060199 0.141730 
3092.024648 0.141742 
3092.989098 0.141752 
3093.953547 0.141682 
3094.917996 0.141591 
3095.882446 0.141610 
3096.846895 0.141750 
3097.811344 0.141931 
3098.775794 0.142050 
3099.740243 0.142031 
3100.704692 0.142077 
3101.669142 0.142114 
3102.633591 0.142174 
3103.598040 0.142181 
3104.562490 0.142316 
3105.526939 0.142513 
3106.491389 0.142664 
3107.455838 0.142747 
3108.420287 0.142771 
3109.384737 0.142810 
3110.349186 0.142978 
3111.313635 0.143065 
3112.278085 0.143175 
3113.242534 0.143351 
3114.206983 0.143483 
3115.171433 0.143522 
3116.135882 0.143662 
3117.100332 0.143737 
3118.064781 0.143871 
3119.029230 0.143954 
3119.993680 0.144110 
3120.958129 0.144241 
3121.922578 0.144379 
3122.887028 0.144415 
3123.851477 0.144537 
3124.815926 0.144814 
3125.780376 0.145042 
3126.744825 0.145146 
3127.709274 0.145334 
3128.673724 0.145612 
3129.638173 0.145739 
3130.602623 0.145831 
3131.567072 0.146045 
3132.531521 0.146238 
3133.495971 0.146337 
3134.460420 0.146505 
3135.424869 0.146766 
3136.389319 0.147027 
3137.353768 0.147293 
3138.318217 0.147500 
3139.282667 0.147701 
3140.247116 0.147807 
3141.211566 0.148030 
3142.176015 0.148282 
3143.140464 0.148509 
3144.104914 0.148739 
3145.069363 0.148924 
3146.033812 0.149046 
3146.998262 0.149323 
3147.962711 0.149510 
3148.927160 0.149762 
3149.891610 0.150081 
3150.856059 0.150289 
3151.820508 0.150453 
3152.784958 0.150665 
3153.749407 0.150807 
3154.713857 0.151099 
3155.678306 0.151421 
3156.642755 0.151632 
3157.607205 0.151781 
3158.571654 0.152010 
3159.536103 0.152278 
3160.500553 0.152560 
3161.465002 0.152845 
3162.429451 0.153184 
3163.393901 0.153384 
3164.358350 0.153682 
3165.322800 0.153950 
3166.287249 0.154184 
3167.251698 0.154406 
3168.216148 0.154731 
3169.180597 0.155056 
3170.145046 0.155293 
3171.109496 0.155531 
3172.073945 0.155813 
3173.038394 0.156061 
3174.002844 0.156393 
3174.967293 0.156747 
3175.931742 0.157078 
3176.896192 0.157303 
3177.860641 0.157597 
3178.825091 0.157850 
3179.789540 0.158154 
3180.753989 0.158475 
3181.718439 0.158892 
3182.682888 0.159275 
3183.647337 0.159566 
3184.611787 0.159828 
3185.576236 0.160179 
3186.540685 0.160492 
3187.505135 0.160842 
3188.469584 0.161113 
3189.434034 0.161404 
3190.398483 0.161731 
3191.362932 0.162115 
3192.327382 0.162309 
3193.291831 0.162578 
3194.256280 0.162982 
3195.220730 0.163330 
3196.185179 0.163608 
3197.149628 0.163900 
3198.114078 0.164209 
3199.078527 0.164532 
3200.042976 0.164852 
3201.007426 0.165184 
3201.971875 0.165457 
3202.936325 0.165820 
3203.900774 0.166157 
3204.865223 0.166470 
3205.829673 0.166715 
3206.794122 0.166974 
3207.758571 0.167297 
3208.723021 0.167595 
3209.687470 0.167856 
3210.651919 0.168116 
3211.616369 0.168485 
3212.580818 0.168815 
3213.545268 0.169033 
3214.509717 0.169239 
3215.474166 0.169594 
3216.438616 0.170052 
3217.403065 0.170364 
3218.367514 0.170632 
3219.331964 0.170884 
3220.296413 0.171276 
3221.260862 0.171554 
3222.225312 0.171840 
3223.189761 0.172206 
3224.154210 0.172604 
3225.118660 0.172891 
3226.083109 0.173140 
3227.047559 0.173483 
3228.012008 0.173939 
3228.976457 0.174304 
3229.940907 0.174708 
3230.905356 0.175025 
3231.869805 0.175412 
3232.834255 0.175742 
3233.798704 0.176045 
3234.763153 0.176433 
3235.727603 0.176942 
3236.692052 0.177360 
3237.656502 0.177776 
3238.620951 0.178194 
3239.585400 0.178573 
3240.549850 0.178935 
3241.514299 0.179362 
3242.478748 0.179831 
3243.443198 0.180251 
3244.407647 0.180584 
3245.372096 0.180928 
3246.336546 0.181407 
3247.300995 0.181899 
3248.265444 0.182279 
3249.229894 0.182816 
3250.194343 0.183276 
3251.158793 0.183745 
3252.123242 0.184254 
3253.087691 0.184669 
3254.052141 0.185001 
3255.016590 0.185455 
3255.981039 0.185966 
3256.945489 0.186450 
3257.909938 0.186853 
3258.874387 0.187397 
3259.838837 0.187900 
3260.803286 0.188391 
3261.767736 0.188857 
3262.732185 0.189339 
3263.696634 0.189736 
3264.661084 0.190189 
3265.625533 0.190645 
3266.589982 0.191210 
3267.554432 0.191710 
3268.518881 0.192219 
3269.483330 0.192589 
3270.447780 0.192995 
3271.412229 0.193525 
3272.376678 0.194014 
3273.341128 0.194467 
3274.305577 0.194898 
3275.270027 0.195296 
3276.234476 0.195849 
3277.198925 0.196317 
3278.163375 0.196901 
3279.127824 0.197398 
3280.092273 0.197855 
3281.056723 0.198297 
3282.021172 0.198829 
3282.985621 0.199311 
3283.950071 0.199812 
3284.914520 0.200243 
3285.878970 0.200713 
3286.843419 0.201161 
3287.807868 0.201660 
3288.772318 0.202140 
3289.736767 0.202574 
3290.701216 0.202894 
3291.665666 0.203208 
3292.630115 0.203627 
3293.594564 0.204195 
3294.559014 0.204589 
3295.523463 0.205048 
3296.487912 0.205452 
3297.452362 0.205937 
3298.416811 0.206413 
3299.381261 0.206884 
3300.345710 0.207316 
3301.310159 0.207820 
3302.274609 0.208253 
3303.239058 0.208616 
3304.203507 0.208857 
3305.167957 0.209240 
3306.132406 0.209658 
3307.096855 0.210068 
3308.061305 0.210363 
3309.025754 0.210622 
3309.990204 0.210980 
3310.954653 0.211596 
3311.919102 0.212031 
3312.883552 0.212407 
3313.848001 0.212669 
3314.812450 0.213090 
3315.776900 0.213483 
3316.741349 0.213792 
3317.705798 0.214161 
3318.670248 0.214629 
3319.634697 0.214889 
3320.599146 0.215153 
3321.563596 0.215486 
3322.528045 0.215852 
3323.492495 0.216059 
3324.456944 0.216305 
3325.421393 0.216436 
3326.385843 0.216745 
3327.350292 0.217074 
3328.314741 0.217420 
3329.279191 0.217732 
3330.243640 0.218055 
3331.208089 0.218312 
3332.172539 0.218568 
3333.136988 0.218680 
3334.101438 0.218943 
3335.065887 0.219067 
3336.030336 0.219282 
3336.994786 0.219351 
3337.959235 0.219379 
3338.923684 0.219503 
3339.888134 0.219839 
3340.852583 0.220094 
3341.817032 0.220241 
3342.781482 0.220278 
3343.745931 0.220493 
3344.710380 0.220735 
3345.674830 0.220908 
3346.639279 0.220983 
3347.603729 0.221107 
3348.568178 0.221157 
3349.532627 0.221066 
3350.497077 0.220863 
3351.461526 0.220906 
3352.425975 0.221035 
3353.390425 0.221190 
3354.354874 0.221148 
3355.319323 0.221196 
3356.283773 0.221300 
3357.248222 0.221330 
3358.212672 0.221237 
3359.177121 0.221316 
3360.141570 0.221164 
3361.106020 0.221011 
3362.070469 0.220936 
3363.034918 0.221030 
3363.999368 0.221098 
3364.963817 0.221015 
3365.928266 0.220776 
3366.892716 0.220690 
3367.857165 0.220569 
3368.821614 0.220450 
3369.786064 0.220333 
3370.750513 0.220264 
3371.714963 0.220202 
3372.679412 0.220181 
3373.643861 0.220127 
3374.608311 0.220052 
3375.572760 0.219826 
3376.537209 0.219679 
3377.501659 0.219627 
3378.466108 0.219574 
3379.430557 0.219328 
3380.395007 0.219126 
3381.359456 0.218970 
3382.323906 0.218777 
3383.288355 0.218545 
3384.252804 0.218376 
3385.217254 0.218090 
3386.181703 0.218043 
3387.146152 0.217935 
3388.110602 0.217747 
3389.075051 0.217533 
3390.039500 0.217282 
3391.003950 0.216853 
3391.968399 0.216445 
3392.932848 0.216095 
3393.897298 0.215950 
3394.861747 0.215978 
3395.826197 0.215829 
3396.790646 0.215645 
3397.755095 0.215305 
3398.719545 0.215055 
3399.683994 0.214894 
3400.648443 0.214606 
3401.612893 0.214349 
3402.577342 0.214115 
3403.541791 0.213995 
3404.506241 0.213785 
3405.470690 0.213593 
3406.435140 0.213345 
3407.399589 0.213151 
3408.364038 0.212815 
3409.328488 0.212480 
3410.292937 0.212342 
3411.257386 0.212203 
3412.221836 0.211845 
3413.186285 0.211495 
3414.150734 0.211213 
3415.115184 0.211105 
3416.079633 0.210961 
3417.044082 0.210732 
3418.008532 0.210450 
3418.972981 0.210099 
3419.937431 0.209634 
3420.901880 0.209151 
3421.866329 0.209001 
3422.830779 0.208896 
3423.795228 0.208796 
3424.759677 0.208759 
3425.724127 0.208410 
3426.688576 0.208090 
3427.653025 0.207712 
3428.617475 0.207368 
3429.581924 0.207109 
3430.546374 0.206939 
3431.510823 0.206708 
3432.475272 0.206441 
3433.439722 0.206167 
3434.404171 0.205882 
3435.368620 0.205597 
3436.333070 0.205291 
3437.297519 0.204916 
3438.261968 0.204799 
3439.226418 0.204652 
3440.190867 0.204491 
3441.155316 0.204093 
3442.119766 0.203723 
3443.084215 0.203269 
3444.048665 0.203108 
3445.013114 0.202883 
3445.977563 0.202360 
3446.942013 0.201980 
3447.906462 0.201397 
3448.870911 0.201453 
3449.835361 0.201606 
3450.799810 0.201468 
3451.764259 0.201156 
3452.728709 0.200683 
3453.693158 0.200378 
3454.657608 0.200115 
3455.622057 0.199742 
3456.586506 0.199430 
3457.550956 0.199212 
3458.515405 0.198861 
3459.479854 0.198462 
3460.444304 0.198074 
3461.408753 0.197752 
3462.373202 0.197448 
3463.337652 0.197145 
3464.302101 0.197000 
3465.266550 0.196748 
3466.231000 0.196296 
3467.195449 0.195914 
3468.159899 0.195637 
3469.124348 0.195417 
3470.088797 0.195069 
3471.053247 0.194812 
3472.017696 0.194598 
3472.982145 0.194374 
3473.946595 0.194009 
3474.911044 0.193605 
3475.875493 0.193120 
3476.839943 0.192976 
3477.804392 0.192811 
3478.768842 0.192344 
3479.733291 0.191675 
3480.697740 0.191116 
3481.662190 0.190842 
3482.626639 0.190645 
3483.591088 0.190316 
3484.555538 0.190263 
3485.519987 0.189922 
3486.484436 0.189416 
3487.448886 0.188988 
3488.413335 0.188619 
3489.377784 0.188307 
3490.342234 0.188277 
3491.306683 0.187831 
3492.271133 0.187457 
3493.235582 0.187130 
3494.200031 0.186759 
3495.164481 0.186156 
3496.128930 0.185755 
3497.093379 0.185345 
3498.057829 0.185003 
3499.022278 0.184704 
3499.986727 0.184252 
3500.951177 0.183681 
3501.915626 0.182829 
3502.880076 0.181966 
3503.844525 0.181529 
3504.808974 0.181548 
3505.773424 0.181617 
3506.737873 0.181436 
3507.702322 0.180803 
3508.666772 0.180111 
3509.631221 0.179434 
3510.595670 0.178924 
3511.560120 0.178953 
3512.524569 0.178615 
3513.489018 0.178164 
3514.453468 0.177647 
3515.417917 0.177375 
3516.382367 0.176961 
3517.346816 0.176439 
3518.311265 0.175810 
3519.275715 0.175296 
3520.240164 0.174810 
3521.204613 0.174384 
3522.169063 0.173585 
3523.133512 0.172477 
3524.097961 0.171477 
3525.062411 0.171410 
3526.026860 0.171153 
3526.991310 0.170766 
3527.955759 0.169975 
3528.920208 0.169683 
3529.884658 0.169273 
3530.849107 0.169172 
3531.813556 0.168790 
3532.778006 0.168520 
3533.742455 0.168196 
3534.706904 0.167586 
3535.671354 0.166823 
3536.635803 0.165935 
3537.600252 0.165415 
3538.564702 0.165666 
3539.529151 0.165418 
3540.493601 0.165029 
3541.458050 0.164319 
3542.422499 0.163666 
3543.386949 0.162602 
3544.351398 0.161894 
3545.315847 0.160918 
3546.280297 0.160385 
3547.244746 0.160556 
3548.209195 0.160385 
3549.173645 0.160586 
3550.138094 0.160341 
3551.102544 0.159815 
3552.066993 0.159274 
3553.031442 0.158474 
3553.995892 0.158579 
3554.960341 0.158581 
3555.924790 0.158620 
3556.889240 0.158427 
3557.853689 0.157980 
3558.818138 0.157474 
3559.782588 0.157221 
3560.747037 0.156334 
3561.711486 0.155976 
3562.675936 0.155953 
3563.640385 0.155641 
3564.604835 0.154661 
3565.569284 0.154228 
3566.533733 0.152231 
3567.498183 0.151797 
3568.462632 0.152892 
3569.427081 0.153068 
3570.391531 0.154300 
3571.355980 0.154601 
3572.320429 0.154738 
3573.284879 0.154626 
3574.249328 0.154340 
3575.213778 0.153921 
3576.178227 0.153885 
3577.142676 0.153877 
3578.107126 0.153708 
3579.071575 0.153837 
3580.036024 0.153613 
3581.000474 0.153333 
3581.964923 0.153366 
3582.929372 0.153410 
3583.893822 0.153156 
3584.858271 0.152453 
3585.822720 0.152016 
3586.787170 0.150754 
3587.751619 0.149427 
3588.716069 0.151079 
3589.680518 0.151230 
3590.644967 0.152236 
3591.609417 0.152348 
3592.573866 0.152305 
3593.538315 0.151304 
3594.502765 0.150971 
3595.467214 0.151469 
3596.431663 0.150831 
3597.396113 0.151336 
3598.360562 0.151626 
3599.325012 0.150841 
3600.289461 0.151071 
3601.253910 0.151062 
3602.218360 0.151000 
3603.182809 0.151405 
3604.147258 0.151695 
3605.111708 0.151655 
3606.076157 0.151546 
3607.040606 0.151285 
3608.005056 0.149992 
3608.969505 0.151519 
3609.933954 0.151381 
3610.898404 0.151412 
3611.862853 0.152880 
3612.827303 0.152314 
3613.791752 0.151525 
3614.756201 0.153087 
3615.720651 0.153365 
3616.685100 0.154557 
3617.649549 0.155552 
3618.613999 0.154837 
3619.578448 0.156392 
3620.542897 0.157033 
3621.507347 0.158557 
3622.471796 0.160123 
3623.436246 0.161488 
3624.400695 0.162007 
3625.365144 0.162638 
3626.329594 0.162519 
3627.294043 0.162323 
3628.258492 0.162915 
3629.222942 0.161687 
3630.187391 0.161089 
3631.151840 0.162660 
3632.116290 0.163901 
3633.080739 0.164687 
3634.045188 0.164499 
3635.009638 0.163909 
3635.974087 0.164447 
3636.938537 0.164485 
3637.902986 0.164199 
3638.867435 0.163372 
3639.831885 0.162550 
3640.796334 0.161294 
3641.760783 0.159666 
3642.725233 0.157583 
3643.689682 0.155496 
3644.654131 0.153672 
3645.618581 0.151265 
3646.583030 0.149390 
3647.547480 0.144476 
3648.511929 0.141458 
3649.476378 0.140903 
3650.440828 0.138707 
3651.405277 0.138324 
3652.369726 0.138298 
3653.334176 0.139367 
3654.298625 0.138836 
3655.263074 0.138395 
3656.227524 0.138026 
3657.191973 0.135827 
3658.156422 0.135948 
3659.120872 0.136484 
3660.085321 0.136191 
3661.049771 0.135874 
3662.014220 0.135696 
3662.978669 0.135597 
3663.943119 0.135393 
3664.907568 0.135217 
3665.872017 0.134911 
3666.836467 0.134321 
3667.800916 0.134115 
3668.765365 0.133308 
3669.729815 0.131025 
3670.694264 0.132597 
3671.658714 0.132067 
3672.623163 0.133011 
3673.587612 0.133723 
3674.552062 0.133758 
3675.516511 0.131556 
3676.480960 0.130769 
3677.445410 0.132021 
3678.409859 0.133519 
3679.374308 0.134369 
3680.338758 0.133888 
3681.303207 0.134188 
3682.267656 0.134612 
3683.232106 0.134273 
3684.196555 0.134028 
3685.161005 0.133461 
3686.125454 0.132979 
3687.089903 0.132372 
3688.054353 0.132647 
3689.018802 0.128848 
3689.983251 0.128046 
3690.947701 0.130170 
3691.912150 0.129177 
3692.876599 0.129507 
3693.841049 0.130359 
3694.805498 0.130207 
3695.769948 0.129977 
3696.734397 0.129657 
3697.698846 0.129388 
3698.663296 0.129424 
3699.627745 0.129096 
3700.592194 0.128695 
3701.556644 0.128840 
3702.521093 0.127342 
3703.485542 0.127548 
3704.449992 0.128395 
3705.414441 0.128352 
3706.378890 0.128144 
3707.343340 0.127768 
3708.307789 0.127648 
3709.272239 0.127489 
3710.236688 0.124904 
3711.201137 0.125094 
3712.165587 0.126558 
3713.130036 0.124580 
3714.094485 0.125961 
3715.058935 0.127059 
3716.023384 0.126986 
3716.987833 0.127124 
3717.952283 0.127278 
3718.916732 0.127428 
3719.881182 0.126159 
3720.845631 0.126025 
3721.810080 0.126680 
3722.774530 0.125228 
3723.738979 0.124560 
3724.703428 0.125465 
3725.667878 0.124805 
3726.632327 0.124797 
3727.596776 0.124515 
3728.561226 0.125340 
3729.525675 0.125910 
3730.490124 0.125598 
3731.454574 0.126057 
3732.419023 0.125155 
3733.383473 0.122276 
3734.347922 0.124003 
3735.312371 0.121715 
3736.276821 0.121022 
3737.241270 0.122302 
3738.205719 0.123599 
3739.170169 0.123894 
3740.134618 0.124499 
3741.099067 0.124995 
3742.063517 0.123818 
3743.027966 0.124103 
3743.992416 0.126557 
3744.956865 0.123620 
3745.921314 0.121297 
3746.885764 0.123241 
3747.850213 0.123679 
3748.814662 0.125026 
3749.779112 0.123531 
3750.743561 0.120495 
3751.708010 0.123587 
3752.672460 0.122873 
3753.636909 0.122737 
3754.601358 0.124232 
3755.565808 0.125323 
3756.530257 0.125630 
3757.494707 0.124143 
3758.459156 0.124164 
3759.423605 0.125233 
3760.388055 0.124168 
3761.352504 0.124690 
3762.316953 0.125651 
3763.281403 0.125594 
3764.245852 0.125187 
3765.210301 0.125708 
3766.174751 0.125056 
3767.139200 0.124520 
3768.103650 0.125127 
3769.068099 0.125787 
3770.032548 0.125728 
3770.996998 0.124038 
3771.961447 0.125063 
3772.925896 0.125691 
3773.890346 0.125919 
3774.854795 0.126062 
3775.819244 0.126207 
3776.783694 0.126079 
3777.748143 0.125760 
3778.712592 0.125845 
3779.677042 0.125667 
3780.641491 0.124458 
3781.605941 0.125493 
3782.570390 0.125820 
3783.534839 0.125722 
3784.499289 0.125624 
3785.463738 0.125006 
3786.428187 0.125252 
3787.392637 0.126009 
3788.357086 0.126273 
3789.321535 0.126311 
3790.285985 0.126118 
3791.250434 0.126206 
3792.214884 0.126245 
3793.179333 0.126300 
3794.143782 0.126010 
3795.108232 0.125743 
3796.072681 0.126029 
3797.037130 0.124787 
3798.001580 0.124158 
3798.966029 0.124788 
3799.930478 0.124851 
3800.894928 0.125688 
3801.859377 0.123521 
3802.823826 0.123186 
3803.788276 0.124440 
3804.752725 0.125148 
3805.717175 0.125362 
3806.681624 0.126236 
3807.646073 0.124302 
3808.610523 0.124264 
3809.574972 0.125711 
3810.539421 0.125937 
3811.503871 0.126053 
3812.468320 0.126197 
3813.432769 0.126217 
3814.397219 0.125600 
3815.361668 0.126397 
3816.326118 0.125716 
3817.290567 0.123321 
3818.255016 0.124599 
3819.219466 0.124862 
3820.183915 0.124817 
3821.148364 0.123843 
3822.112814 0.122538 
3823.077263 0.123976 
3824.041712 0.125553 
3825.006162 0.125589 
3825.970611 0.125804 
3826.935060 0.125541 
3827.899510 0.124912 
3828.863959 0.125532 
3829.828409 0.125660 
3830.792858 0.126013 
3831.757307 0.126141 
3832.721757 0.124513 
3833.686206 0.125259 
3834.650655 0.126602 
3835.615105 0.124449 
3836.579554 0.123647 
3837.544003 0.126145 
3838.508453 0.123323 
3839.472902 0.122930 
3840.437352 0.124391 
3841.401801 0.123967 
3842.366250 0.124244 
3843.330700 0.126172 
3844.295149 0.125605 
3845.259598 0.125503 
3846.224048 0.126227 
3847.188497 0.126320 
3848.152946 0.126261 
3849.117396 0.126277 
3850.081845 0.125462 
3851.046294 0.125493 
3852.010744 0.125447 
3852.975193 0.121188 
3853.939643 0.124020 
3854.904092 0.122436 
3855.868541 0.122712 
3856.832991 0.125174 
3857.797440 0.125204 
3858.761889 0.125530 
3859.726339 0.126193 
3860.690788 0.126237 
3861.655237 0.126418 
3862.619687 0.124847 
3863.584136 0.124928 
3864.548586 0.126153 
3865.513035 0.124773 
3866.477484 0.124467 
3867.441934 0.125660 
3868.406383 0.126011 
3869.370832 0.126286 
3870.335282 0.123688 
3871.299731 0.123566 
3872.264180 0.124743 
3873.228630 0.125975 
3874.193079 0.126330 
3875.157528 0.124707 
3876.121978 0.125785 
3877.086427 0.126719 
3878.050877 0.126632 
3879.015326 0.126401 
3879.979775 0.126994 
3880.944225 0.124908 
3881.908674 0.124296 
3882.873123 0.125993 
3883.837573 0.125736 
3884.802022 0.125761 
3885.766471 0.126501 
3886.730921 0.124337 
3887.695370 0.125616 
3888.659820 0.126793 
3889.624269 0.126418 
3890.588718 0.126659 
3891.553168 0.126181 
3892.517617 0.124299 
3893.482066 0.125670 
3894.446516 0.126351 
3895.410965 0.126697 
3896.375414 0.126937 
3897.339864 0.126777 
3898.304313 0.126477 
3899.268762 0.126251 
3900.233212 0.123761 
3901.197661 0.125389 
3902.162111 0.125419 
3903.126560 0.123629 
3904.091009 0.125214 
3905.055459 0.124207 
3906.019908 0.125045 
3906.984357 0.125798 
3907.948807 0.126810 
3908.913256 0.127229 
3909.877705 0.127141 
3910.842155 0.127112 
3911.806604 0.127265 
3912.771054 0.127355 
3913.735503 0.127292 
3914.699952 0.126994 
3915.664402 0.126772 
3916.628851 0.126834 
3917.593300 0.125965 
3918.557750 0.125613 
3919.522199 0.126829 
3920.486648 0.126590 
3921.451098 0.126192 
3922.415547 0.126812 
3923.379996 0.126741 
3924.344446 0.126432 
3925.308895 0.126163 
3926.273345 0.126322 
3927.237794 0.127132 
3928.202243 0.127387 
3929.166693 0.127280 
3930.131142 0.126632 
3931.095591 0.126235 
3932.060041 0.126759 
3933.024490 0.126106 
3933.988939 0.126549 
3934.953389 0.127211 
3935.917838 0.127464 
3936.882288 0.127651 
3937.846737 0.127733 
3938.811186 0.127632 
3939.775636 0.127588 
3940.740085 0.127502 
3941.704534 0.127641 
3942.668984 0.127633 
3943.633433 0.126511 
3944.597882 0.127203 
3945.562332 0.127739 
3946.526781 0.127794 
3947.491230 0.127659 
3948.455680 0.126918 
3949.420129 0.127196 
3950.384579 0.127236 
3951.349028 0.127126 
3952.313477 0.127881 
3953.277927 0.127991 
3954.242376 0.127950 
3955.206825 0.128036 
3956.171275 0.128121 
3957.135724 0.127999 
3958.100173 0.127944 
3959.064623 0.128199 
3960.029072 0.128208 
3960.993522 0.128155 
3961.957971 0.128198 
3962.922420 0.128016 
3963.886870 0.128389 
3964.851319 0.128511 
3965.815768 0.128608 
3966.780218 0.128759 
3967.744667 0.128811 
3968.709116 0.128798 
3969.673566 0.128558 
3970.638015 0.128493 
3971.602464 0.128717 
3972.566914 0.128629 
3973.531363 0.128685 
3974.495813 0.128736 
3975.460262 0.128690 
3976.424711 0.128598 
3977.389161 0.128601 
3978.353610 0.128834 
3979.318059 0.128927 
3980.282509 0.128888 
3981.246958 0.128901 
3982.211407 0.128909 
3983.175857 0.128853 
3984.140306 0.128869 
3985.104756 0.128960 
3986.069205 0.129008 
3987.033654 0.129121 
3987.998104 0.129145 
3988.962553 0.129127 
3989.927002 0.129012 
3990.891452 0.128879 
3991.855901 0.128822 
3992.820350 0.129059 
3993.784800 0.129033 
3994.749249 0.128974 
3995.713698 0.128890 
3996.678148 0.129059 
3997.642597 0.129208 
3998.607047 0.129144 
3999.571496 0.129127 
4000.535945 0.129141 