##YUNITS=Abs
399.282035 0.142034 
400.246484 0.145839 
401.210934 0.148489 
402.175383 0.146939 
403.139832 0.143411 
404.104282 0.141562 
405.068731 0.136113 
406.033181 0.135807 
406.997630 0.135107 
407.962079 0.131432 
408.926529 0.128205 
409.890978 0.123761 
410.855427 0.121772 
411.819877 0.119548 
412.784326 0.117858 
413.748775 0.114245 
414.713225 0.113811 
415.677674 0.113343 
416.642124 0.108699 
417.606573 0.095088 
418.571022 0.077816 
419.535472 0.084962 
420.499921 0.095409 
421.464370 0.100906 
422.428820 0.104332 
423.393269 0.105826 
424.357718 0.105582 
425.322168 0.104020 
426.286617 0.104777 
427.251066 0.107698 
428.215516 0.109510 
429.179965 0.111334 
430.144415 0.111399 
431.108864 0.111155 
432.073313 0.113934 
433.037763 0.117093 
434.002212 0.118706 
434.966661 0.119436 
435.931111 0.122319 
436.895560 0.129568 
437.860009 0.133611 
438.824459 0.135683 
439.788908 0.141582 
440.753358 0.148749 
441.717807 0.153021 
442.682256 0.157773 
443.646706 0.161480 
444.611155 0.164950 
445.575604 0.169587 
446.540054 0.172027 
447.504503 0.171548 
448.468952 0.171725 
449.433402 0.171301 
450.397851 0.169549 
451.362300 0.167479 
452.326750 0.162797 
453.291199 0.156850 
454.255649 0.155247 
455.220098 0.154615 
456.184547 0.148746 
457.148997 0.143091 
458.113446 0.144069 
459.077895 0.145367 
460.042345 0.145359 
461.006794 0.145208 
461.971243 0.143579 
462.935693 0.144135 
463.900142 0.143200 
464.864592 0.142202 
465.829041 0.143768 
466.793490 0.145118 
467.757940 0.149978 
468.722389 0.158597 
469.686838 0.163014 
470.651288 0.165213 
471.615737 0.165554 
472.580186 0.167881 
473.544636 0.173355 
474.509085 0.174509 
475.473534 0.174327 
476.437984 0.171609 
477.402433 0.169992 
478.366883 0.169670 
479.331332 0.167929 
480.295781 0.164732 
481.260231 0.162154 
482.224680 0.157882 
483.189129 0.151596 
484.153579 0.145028 
485.118028 0.138995 
486.082477 0.132592 
487.046927 0.125258 
488.011376 0.117982 
488.975826 0.110378 
489.940275 0.102572 
490.904724 0.095959 
491.869174 0.088688 
492.833623 0.082731 
493.798072 0.079041 
494.762522 0.074563 
495.726971 0.070278 
496.691420 0.066702 
497.655870 0.063183 
498.620319 0.061323 
499.584768 0.059726 
500.549218 0.057078 
501.513667 0.054776 
502.478117 0.052479 
503.442566 0.051859 
504.407015 0.051126 
505.371465 0.050311 
506.335914 0.048396 
507.300363 0.046706 
508.264813 0.045857 
509.229262 0.045086 
510.193711 0.044835 
511.158161 0.044607 
512.122610 0.044109 
513.087060 0.043695 
514.051509 0.043513 
515.015958 0.043503 
515.980408 0.042558 
516.944857 0.042021 
517.909306 0.042670 
518.873756 0.042703 
519.838205 0.043528 
520.802654 0.045786 
521.767104 0.047410 
522.731553 0.048633 
523.696002 0.050740 
524.660452 0.053236 
525.624901 0.054829 
526.589351 0.058575 
527.553800 0.062501 
528.518249 0.065558 
529.482699 0.069483 
530.447148 0.073642 
531.411597 0.075111 
532.376047 0.076460 
533.340496 0.077208 
534.304945 0.075896 
535.269395 0.071827 
536.233844 0.066338 
537.198294 0.061075 
538.162743 0.057453 
539.127192 0.054965 
540.091642 0.052600 
541.056091 0.050415 
542.020540 0.048687 
542.984990 0.047624 
543.949439 0.046145 
544.913888 0.044467 
545.878338 0.044056 
546.842787 0.043225 
547.807236 0.041568 
548.771686 0.040161 
549.736135 0.039961 
550.700585 0.039700 
551.665034 0.039448 
552.629483 0.038759 
553.593933 0.037930 
554.558382 0.037739 
555.522831 0.038610 
556.487281 0.038967 
557.451730 0.038714 
558.416179 0.038726 
559.380629 0.038984 
560.345078 0.039552 
561.309528 0.040157 
562.273977 0.040706 
563.238426 0.041241 
564.202876 0.042018 
565.167325 0.042934 
566.131774 0.043425 
567.096224 0.043308 
568.060673 0.043287 
569.025122 0.043192 
569.989572 0.043525 
570.954021 0.043906 
571.918470 0.043456 
572.882920 0.042517 
573.847369 0.041541 
574.811819 0.040568 
575.776268 0.038796 
576.740717 0.037768 
577.705167 0.037661 
578.669616 0.036785 
579.634065 0.035648 
580.598515 0.034999 
581.562964 0.034080 
582.527413 0.033173 
583.491863 0.032380 
584.456312 0.032057 
585.420762 0.032046 
586.385211 0.031498 
587.349660 0.031090 
588.314110 0.030996 
589.278559 0.031029 
590.243008 0.030603 
591.207458 0.029703 
592.171907 0.029688 
593.136356 0.030482 
594.100806 0.030722 
595.065255 0.030577 
596.029704 0.031096 
596.994154 0.031510 
597.958603 0.032209 
598.923053 0.032875 
599.887502 0.033562 
600.851951 0.034947 
601.816401 0.036130 
602.780850 0.036789 
603.745299 0.037476 
604.709749 0.037984 
605.674198 0.038050 
606.638647 0.038223 
607.603097 0.038675 
608.567546 0.039258 
609.531996 0.040272 
610.496445 0.041759 
611.460894 0.043318 
612.425344 0.044922 
613.389793 0.047035 
614.354242 0.049689 
615.318692 0.052288 
616.283141 0.055228 
617.247590 0.059130 
618.212040 0.064064 
619.176489 0.069904 
620.140938 0.076006 
621.105388 0.082277 
622.069837 0.088286 
623.034287 0.094504 
623.998736 0.100667 
624.963185 0.106016 
625.927635 0.110262 
626.892084 0.114637 
627.856533 0.120031 
628.820983 0.126188 
629.785432 0.130535 
630.749881 0.130665 
631.714331 0.122479 
632.678780 0.105443 
633.643230 0.085336 
634.607679 0.069325 
635.572128 0.058907 
636.536578 0.052457 
637.501027 0.047868 
638.465476 0.044644 
639.429926 0.042452 
640.394375 0.041075 
641.358824 0.040494 
642.323274 0.039869 
643.287723 0.039195 
644.252172 0.039090 
645.216622 0.039491 
646.181071 0.040103 
647.145521 0.040177 
648.109970 0.040338 
649.074419 0.040940 
650.038869 0.041682 
651.003318 0.042246 
651.967767 0.042731 
652.932217 0.043314 
653.896666 0.044140 
654.861115 0.045143 
655.825565 0.045850 
656.790014 0.047115 
657.754464 0.048653 
658.718913 0.049969 
659.683362 0.051186 
660.647812 0.052105 
661.612261 0.053457 
662.576710 0.054673 
663.541160 0.055718 
664.505609 0.057036 
665.470058 0.058415 
666.434508 0.058714 
667.398957 0.057056 
668.363406 0.057641 
669.327856 0.061088 
670.292305 0.062494 
671.256755 0.063315 
672.221204 0.064431 
673.185653 0.065506 
674.150103 0.067171 
675.114552 0.069194 
676.079001 0.070888 
677.043451 0.072215 
678.007900 0.073470 
678.972349 0.075628 
679.936799 0.078112 
680.901248 0.080909 
681.865698 0.084013 
682.830147 0.086928 
683.794596 0.090023 
684.759046 0.093617 
685.723495 0.097148 
686.687944 0.101235 
687.652394 0.105498 
688.616843 0.110445 
689.581292 0.115788 
690.545742 0.121096 
691.510191 0.126382 
692.474640 0.131767 
693.439090 0.136718 
694.403539 0.141858 
695.367989 0.148180 
696.332438 0.155423 
697.296887 0.163213 
698.261337 0.170510 
699.225786 0.177294 
700.190235 0.184867 
701.154685 0.193793 
702.119134 0.203633 
703.083583 0.214102 
704.048033 0.224736 
705.012482 0.235205 
705.976932 0.246689 
706.941381 0.260197 
707.905830 0.275998 
708.870280 0.293390 
709.834729 0.311364 
710.799178 0.330458 
711.763628 0.352246 
712.728077 0.377458 
713.692526 0.405058 
714.656976 0.434060 
715.621425 0.466276 
716.585874 0.503839 
717.550324 0.545492 
718.514773 0.590795 
719.479223 0.639775 
720.443672 0.696315 
721.408121 0.758765 
722.372571 0.824748 
723.337020 0.898542 
724.301469 0.982874 
725.265919 1.080381 
726.230368 1.195673 
727.194817 1.332862 
728.159267 1.492549 
729.123716 1.685025 
730.088166 1.940019 
731.052615 2.329768 
732.017064 2.839989 
732.981514 2.439075 
733.945963 2.273177 
734.910412 2.218932 
735.874862 2.193207 
736.839311 2.163727 
737.803760 2.138397 
738.768210 2.143559 
739.732659 2.148485 
740.697108 2.142573 
741.661558 2.131485 
742.626007 2.123350 
743.590457 2.114544 
744.554906 2.132303 
745.519355 2.135144 
746.483805 2.128163 
747.448254 2.128497 
748.412703 2.130088 
749.377153 2.122663 
750.341602 2.139694 
751.306051 2.160412 
752.270501 2.177625 
753.234950 2.176969 
754.199400 2.167640 
755.163849 2.143011 
756.128298 2.144322 
757.092748 2.154401 
758.057197 2.122498 
759.021646 2.113451 
759.986096 2.127061 
760.950545 2.140804 
761.914994 2.140109 
762.879444 2.130682 
763.843893 2.138752 
764.808342 2.141205 
765.772792 2.137337 
766.737241 2.127659 
767.701691 2.141826 
768.666140 2.142317 
769.630589 2.139161 
770.595039 2.145863 
771.559488 2.155126 
772.523937 2.158958 
773.488387 2.149983 
774.452836 2.140754 
775.417285 2.149627 
776.381735 2.154321 
777.346184 2.149563 
778.310634 2.141747 
779.275083 2.150791 
780.239532 2.151715 
781.203982 2.145575 
782.168431 2.141813 
783.132880 2.136774 
784.097330 2.127860 
785.061779 2.131579 
786.026228 2.146166 
786.990678 2.138820 
787.955127 2.124684 
788.919576 2.139755 
789.884026 2.161177 
790.848475 2.163669 
791.812925 2.147823 
792.777374 2.133252 
793.741823 2.144643 
794.706273 2.154381 
795.670722 2.146825 
796.635171 2.152888 
797.599621 2.159648 
798.564070 2.153572 
799.528519 2.150688 
800.492969 2.142613 
801.457418 2.140503 
802.421868 2.141213 
803.386317 2.140977 
804.350766 2.140594 
805.315216 2.123601 
806.279665 2.122449 
807.244114 2.133921 
808.208564 2.136445 
809.173013 2.133286 
810.137462 2.142788 
811.101912 2.150216 
812.066361 2.172527 
813.030810 2.219002 
813.995260 2.324533 
814.959709 2.522704 
815.924159 2.583147 
816.888608 2.158865 
817.853057 1.867330 
818.817507 1.642554 
819.781956 1.471439 
820.746405 1.326664 
821.710855 1.205951 
822.675304 1.099400 
823.639753 1.006498 
824.604203 0.925225 
825.568652 0.852459 
826.533102 0.786557 
827.497551 0.729333 
828.462000 0.675570 
829.426450 0.626884 
830.390899 0.586283 
831.355348 0.548909 
832.319798 0.510812 
833.284247 0.478983 
834.248696 0.454039 
835.213146 0.428757 
836.177595 0.402533 
837.142044 0.382124 
838.106494 0.367846 
839.070943 0.353265 
840.035393 0.334965 
840.999842 0.318252 
841.964291 0.307318 
842.928741 0.299496 
843.893190 0.287534 
844.857639 0.269154 
845.822089 0.250024 
846.786538 0.236336 
847.750987 0.227559 
848.715437 0.219188 
849.679886 0.208414 
850.644336 0.196391 
851.608785 0.186662 
852.573234 0.181297 
853.537684 0.178140 
854.502133 0.174438 
855.466582 0.168213 
856.431032 0.160106 
857.395481 0.152886 
858.359930 0.148623 
859.324380 0.147139 
860.288829 0.146697 
861.253278 0.144910 
862.217728 0.140852 
863.182177 0.135606 
864.146627 0.131291 
865.111076 0.128850 
866.075525 0.128708 
867.039975 0.129624 
868.004424 0.129862 
868.968873 0.128083 
869.933323 0.124263 
870.897772 0.119254 
871.862221 0.114543 
872.826671 0.111173 
873.791120 0.109030 
874.755570 0.107421 
875.720019 0.105461 
876.684468 0.102493 
877.648918 0.098363 
878.613367 0.093483 
879.577816 0.088778 
880.542266 0.085101 
881.506715 0.083256 
882.471164 0.082931 
883.435614 0.083101 
884.400063 0.083003 
885.364512 0.082279 
886.328962 0.080386 
887.293411 0.077720 
888.257861 0.074794 
889.222310 0.072574 
890.186759 0.071672 
891.151209 0.071830 
892.115658 0.072320 
893.080107 0.072864 
894.044557 0.072917 
895.009006 0.072067 
895.973455 0.070178 
896.937905 0.067660 
897.902354 0.065104 
898.866804 0.063015 
899.831253 0.061778 
900.795702 0.061515 
901.760152 0.061913 
902.724601 0.062561 
903.689050 0.062517 
904.653500 0.061788 
905.617949 0.060305 
906.582398 0.058241 
907.546848 0.055865 
908.511297 0.053663 
909.475746 0.051929 
910.440196 0.050947 
911.404645 0.050918 
912.369095 0.051403 
913.333544 0.051826 
914.297993 0.051948 
915.262443 0.051657 
916.226892 0.051054 
917.191341 0.049924 
918.155791 0.048608 
919.120240 0.047474 
920.084689 0.046786 
921.049139 0.046808 
922.013588 0.047500 
922.978038 0.048870 
923.942487 0.050845 
924.906936 0.052699 
925.871386 0.054440 
926.835835 0.056294 
927.800284 0.058316 
928.764734 0.060517 
929.729183 0.063273 
930.693632 0.066563 
931.658082 0.070145 
932.622531 0.072646 
933.586980 0.072686 
934.551430 0.070006 
935.515879 0.066127 
936.480329 0.062945 
937.444778 0.061395 
938.409227 0.060629 
939.373677 0.059891 
940.338126 0.059113 
941.302575 0.058420 
942.267025 0.057979 
943.231474 0.058126 
944.195923 0.058772 
945.160373 0.059963 
946.124822 0.061670 
947.089272 0.063838 
948.053721 0.065968 
949.018170 0.068004 
949.982620 0.069996 
950.947069 0.072175 
951.911518 0.074233 
952.875968 0.076257 
953.840417 0.078533 
954.804866 0.081653 
955.769316 0.085651 
956.733765 0.090565 
957.698214 0.096165 
958.662664 0.102733 
959.627113 0.110224 
960.591563 0.118099 
961.556012 0.126275 
962.520461 0.134831 
963.484911 0.143572 
964.449360 0.152842 
965.413809 0.162732 
966.378259 0.173412 
967.342708 0.184770 
968.307157 0.196885 
969.271607 0.209349 
970.236056 0.221944 
971.200506 0.234428 
972.164955 0.246821 
973.129404 0.258474 
974.093854 0.269141 
975.058303 0.278047 
976.022752 0.285202 
976.987202 0.290376 
977.951651 0.293552 
978.916100 0.294360 
979.880550 0.293265 
980.844999 0.290342 
981.809448 0.285845 
982.773898 0.279953 
983.738347 0.273477 
984.702797 0.266684 
985.667246 0.259980 
986.631695 0.253679 
987.596145 0.248089 
988.560594 0.243281 
989.525043 0.239794 
990.489493 0.237481 
991.453942 0.236737 
992.418391 0.237668 
993.382841 0.240523 
994.347290 0.244950 
995.311740 0.250891 
996.276189 0.258097 
997.240638 0.266556 
998.205088 0.275762 
999.169537 0.285607 
1000.133986 0.295332 
1001.098436 0.304455 
1002.062885 0.312357 
1003.027334 0.318892 
1003.991784 0.323616 
1004.956233 0.325955 
1005.920682 0.325772 
1006.885132 0.323480 
1007.849581 0.318660 
1008.814031 0.311876 
1009.778480 0.303207 
1010.742929 0.293234 
1011.707379 0.282077 
1012.671828 0.270146 
1013.636277 0.257539 
1014.600727 0.244415 
1015.565176 0.230424 
1016.529625 0.215643 
1017.494075 0.200400 
1018.458524 0.184885 
1019.422974 0.169336 
1020.387423 0.154264 
1021.351872 0.139873 
1022.316322 0.126842 
1023.280771 0.115330 
1024.245220 0.105514 
1025.209670 0.097255 
1026.174119 0.090450 
1027.138568 0.084922 
1028.103018 0.080422 
1029.067467 0.076593 
1030.031916 0.073166 
1030.996366 0.070011 
1031.960815 0.067357 
1032.925265 0.064887 
1033.889714 0.062470 
1034.854163 0.060127 
1035.818613 0.058270 
1036.783062 0.056937 
1037.747511 0.055968 
1038.711961 0.055331 
1039.676410 0.055047 
1040.640859 0.055143 
1041.605309 0.055607 
1042.569758 0.056129 
1043.534208 0.056637 
1044.498657 0.057158 
1045.463106 0.057836 
1046.427556 0.058380 
1047.392005 0.058961 
1048.356454 0.059630 
1049.320904 0.060558 
1050.285353 0.061794 
1051.249802 0.063313 
1052.214252 0.065153 
1053.178701 0.067435 
1054.143150 0.070089 
1055.107600 0.072950 
1056.072049 0.075722 
1057.036499 0.078513 
1058.000948 0.081308 
1058.965397 0.083921 
1059.929847 0.086187 
1060.894296 0.088165 
1061.858745 0.089830 
1062.823195 0.091412 
1063.787644 0.092784 
1064.752093 0.093893 
1065.716543 0.094713 
1066.680992 0.095459 
1067.645442 0.095896 
1068.609891 0.095905 
1069.574340 0.095641 
1070.538790 0.095241 
1071.503239 0.094521 
1072.467688 0.093308 
1073.432138 0.091555 
1074.396587 0.089401 
1075.361036 0.086722 
1076.325486 0.083682 
1077.289935 0.080503 
1078.254384 0.077417 
1079.218834 0.074469 
1080.183283 0.071805 
1081.147733 0.069422 
1082.112182 0.067511 
1083.076631 0.066045 
1084.041081 0.065115 
1085.005530 0.064589 
1085.969979 0.064281 
1086.934429 0.063984 
1087.898878 0.063614 
1088.863327 0.063177 
1089.827777 0.062751 
1090.792226 0.062297 
1091.756676 0.061961 
1092.721125 0.061777 
1093.685574 0.061784 
1094.650024 0.062070 
1095.614473 0.062771 
1096.578922 0.063780 
1097.543372 0.064990 
1098.507821 0.066323 
1099.472270 0.067834 
1100.436720 0.069394 
1101.401169 0.070917 
1102.365618 0.072155 
1103.330068 0.073259 
1104.294517 0.074300 
1105.258967 0.075207 
1106.223416 0.075816 
1107.187865 0.076265 
1108.152315 0.076476 
1109.116764 0.076622 
1110.081213 0.076601 
1111.045663 0.076311 
1112.010112 0.075620 
1112.974561 0.074677 
1113.939011 0.073310 
1114.903460 0.071404 
1115.867910 0.068930 
1116.832359 0.066065 
1117.796808 0.062908 
1118.761258 0.059467 
1119.725707 0.055916 
1120.690156 0.052564 
1121.654606 0.049482 
1122.619055 0.046828 
1123.583504 0.044688 
1124.547954 0.043020 
1125.512403 0.041699 
1126.476852 0.040777 
1127.441302 0.040088 
1128.405751 0.039729 
1129.370201 0.039397 
1130.334650 0.039015 
1131.299099 0.038569 
1132.263549 0.038207 
1133.227998 0.037736 
1134.192447 0.037133 
1135.156897 0.036536 
1136.121346 0.035950 
1137.085795 0.035342 
1138.050245 0.034873 
1139.014694 0.034644 
1139.979144 0.034613 
1140.943593 0.034694 
1141.908042 0.034947 
1142.872492 0.035156 
1143.836941 0.035422 
1144.801390 0.035637 
1145.765840 0.035698 
1146.730289 0.035615 
1147.694738 0.035444 
1148.659188 0.035214 
1149.623637 0.034908 
1150.588086 0.034516 
1151.552536 0.034221 
1152.516985 0.033942 
1153.481435 0.033772 
1154.445884 0.033708 
1155.410333 0.033890 
1156.374783 0.034268 
1157.339232 0.034752 
1158.303681 0.035220 
1159.268131 0.035846 
1160.232580 0.036426 
1161.197029 0.036849 
1162.161479 0.037151 
1163.125928 0.037396 
1164.090378 0.037452 
1165.054827 0.037492 
1166.019276 0.037731 
1166.983726 0.038159 
1167.948175 0.038919 
1168.912624 0.040049 
1169.877074 0.041450 
1170.841523 0.042946 
1171.805972 0.044187 
1172.770422 0.045110 
1173.734871 0.045806 
1174.699320 0.046577 
1175.663770 0.047536 
1176.628219 0.048699 
1177.592669 0.050051 
1178.557118 0.051527 
1179.521567 0.053118 
1180.486017 0.054878 
1181.450466 0.056564 
1182.414915 0.058505 
1183.379365 0.060802 
1184.343814 0.063512 
1185.308263 0.066606 
1186.272713 0.070024 
1187.237162 0.073791 
1188.201612 0.077852 
1189.166061 0.082022 
1190.130510 0.086383 
1191.094960 0.090806 
1192.059409 0.095424 
1193.023858 0.100197 
1193.988308 0.105177 
1194.952757 0.110283 
1195.917206 0.115657 
1196.881656 0.121265 
1197.846105 0.127199 
1198.810554 0.133475 
1199.775004 0.139950 
1200.739453 0.146612 
1201.703903 0.153579 
1202.668352 0.160714 
1203.632801 0.167778 
1204.597251 0.174594 
1205.561700 0.181251 
1206.526149 0.187873 
1207.490599 0.194531 
1208.455048 0.201039 
1209.419497 0.207512 
1210.383947 0.213615 
1211.348396 0.219032 
1212.312846 0.223693 
1213.277295 0.227871 
1214.241744 0.231642 
1215.206194 0.235271 
1216.170643 0.238314 
1217.135092 0.240245 
1218.099542 0.240422 
1219.063991 0.239052 
1220.028440 0.236451 
1220.992890 0.233394 
1221.957339 0.230071 
1222.921788 0.226452 
1223.886238 0.222119 
1224.850687 0.216868 
1225.815137 0.210846 
1226.779586 0.204835 
1227.744035 0.199416 
1228.708485 0.195181 
1229.672934 0.192063 
1230.637383 0.190238 
1231.601833 0.189663 
1232.566282 0.190263 
1233.530731 0.191837 
1234.495181 0.194478 
1235.459630 0.197958 
1236.424080 0.202339 
1237.388529 0.207549 
1238.352978 0.213525 
1239.317428 0.220169 
1240.281877 0.227427 
1241.246326 0.235080 
1242.210776 0.242993 
1243.175225 0.250818 
1244.139674 0.258751 
1245.104124 0.266642 
1246.068573 0.274105 
1247.033022 0.280684 
1247.997472 0.286357 
1248.961921 0.290898 
1249.926371 0.294599 
1250.890820 0.297425 
1251.855269 0.299514 
1252.819719 0.300517 
1253.784168 0.300393 
1254.748617 0.298714 
1255.713067 0.295392 
1256.677516 0.290245 
1257.641965 0.283295 
1258.606415 0.274174 
1259.570864 0.262998 
1260.535314 0.249401 
1261.499763 0.234351 
1262.464212 0.217795 
1263.428662 0.200289 
1264.393111 0.182926 
1265.357560 0.167009 
1266.322010 0.153157 
1267.286459 0.141572 
1268.250908 0.131733 
1269.215358 0.123355 
1270.179807 0.115912 
1271.144256 0.109108 
1272.108706 0.102733 
1273.073155 0.097144 
1274.037605 0.091762 
1275.002054 0.086676 
1275.966503 0.081919 
1276.930953 0.077678 
1277.895402 0.073743 
1278.859851 0.070181 
1279.824301 0.066884 
1280.788750 0.064062 
1281.753199 0.061460 
1282.717649 0.059027 
1283.682098 0.056649 
1284.646548 0.054494 
1285.610997 0.052366 
1286.575446 0.050337 
1287.539896 0.048370 
1288.504345 0.046771 
1289.468794 0.045374 
1290.433244 0.044153 
1291.397693 0.043027 
1292.362142 0.042262 
1293.326592 0.041711 
1294.291041 0.041417 
1295.255490 0.041147 
1296.219940 0.041002 
1297.184389 0.040870 
1298.148839 0.040833 
1299.113288 0.040709 
1300.077737 0.040490 
1301.042187 0.040129 
1302.006636 0.039737 
1302.971085 0.039287 
1303.935535 0.038942 
1304.899984 0.038565 
1305.864433 0.038245 
1306.828883 0.038001 
1307.793332 0.037795 
1308.757782 0.037671 
1309.722231 0.037826 
1310.686680 0.037918 
1311.651130 0.037890 
1312.615579 0.037706 
1313.580028 0.037737 
1314.544478 0.037811 
1315.508927 0.037741 
1316.473376 0.037268 
1317.437826 0.036795 
1318.402275 0.036159 
1319.366724 0.035748 
1320.331174 0.035818 
1321.295623 0.035944 
1322.260073 0.035878 
1323.224522 0.035908 
1324.188971 0.035973 
1325.153421 0.036101 
1326.117870 0.036296 
1327.082319 0.036586 
1328.046769 0.036746 
1329.011218 0.036786 
1329.975667 0.036658 
1330.940117 0.036457 
1331.904566 0.036119 
1332.869016 0.035759 
1333.833465 0.035208 
1334.797914 0.034686 
1335.762364 0.034093 
1336.726813 0.033578 
1337.691262 0.033196 
1338.655712 0.032540 
1339.620161 0.032085 
1340.584610 0.032579 
1341.549060 0.033564 
1342.513509 0.033953 
1343.477958 0.033988 
1344.442408 0.034019 
1345.406857 0.033971 
1346.371307 0.033848 
1347.335756 0.033591 
1348.300205 0.033262 
1349.264655 0.032744 
1350.229104 0.032628 
1351.193553 0.032532 
1352.158003 0.032439 
1353.122452 0.032424 
1354.086901 0.032349 
1355.051351 0.032347 
1356.015800 0.032936 
1356.980250 0.033390 
1357.944699 0.033747 
1358.909148 0.033961 
1359.873598 0.033944 
1360.838047 0.033420 
1361.802496 0.032747 
1362.766946 0.031442 
1363.731395 0.032055 
1364.695844 0.033093 
1365.660294 0.033130 
1366.624743 0.032924 
1367.589192 0.032463 
1368.553642 0.031925 
1369.518091 0.032471 
1370.482541 0.033139 
1371.446990 0.033434 
1372.411439 0.033208 
1373.375889 0.032113 
1374.340338 0.031434 
1375.304787 0.032510 
1376.269237 0.034143 
1377.233686 0.034731 
1378.198135 0.034616 
1379.162585 0.034643 
1380.127034 0.034649 
1381.091484 0.034873 
1382.055933 0.035222 
1383.020382 0.035816 
1383.984832 0.036310 
1384.949281 0.036270 
1385.913730 0.035136 
1386.878180 0.033397 
1387.842629 0.033277 
1388.807078 0.034765 
1389.771528 0.035166 
1390.735977 0.035240 
1391.700426 0.035288 
1392.664876 0.035058 
1393.629325 0.033572 
1394.593775 0.031512 
1395.558224 0.031764 
1396.522673 0.033256 
1397.487123 0.033455 
1398.451572 0.032013 
1399.416021 0.031608 
1400.380471 0.033888 
1401.344920 0.035014 
1402.309369 0.035422 
1403.273819 0.035488 
1404.238268 0.034616 
1405.202718 0.034205 
1406.167167 0.035983 
1407.131616 0.036688 
1408.096066 0.036707 
1409.060515 0.036446 
1410.024964 0.036220 
1410.989414 0.035945 
1411.953863 0.035696 
1412.918312 0.035704 
1413.882762 0.035863 
1414.847211 0.035762 
1415.811660 0.035471 
1416.776110 0.034814 
1417.740559 0.033925 
1418.705009 0.031743 
1419.669458 0.032136 
1420.633907 0.036101 
1421.598357 0.037552 
1422.562806 0.037345 
1423.527255 0.035760 
1424.491705 0.036363 
1425.456154 0.038001 
1426.420603 0.038139 
1427.385053 0.037959 
1428.349502 0.037335 
1429.313952 0.035717 
1430.278401 0.035244 
1431.242850 0.037164 
1432.207300 0.037744 
1433.171749 0.037987 
1434.136198 0.038327 
1435.100648 0.037926 
1436.065097 0.035474 
1437.029546 0.035122 
1437.993996 0.037983 
1438.958445 0.039176 
1439.922894 0.039276 
1440.887344 0.039224 
1441.851793 0.038933 
1442.816243 0.038812 
1443.780692 0.038624 
1444.745141 0.038627 
1445.709591 0.038408 
1446.674040 0.037810 
1447.638489 0.036432 
1448.602939 0.037863 
1449.567388 0.039788 
1450.531837 0.040511 
1451.496287 0.040232 
1452.460736 0.040584 
1453.425186 0.041224 
1454.389635 0.040405 
1455.354084 0.037884 
1456.318534 0.034992 
1457.282983 0.032665 
1458.247432 0.034043 
1459.211882 0.038136 
1460.176331 0.042405 
1461.140780 0.044293 
1462.105230 0.045200 
1463.069679 0.045421 
1464.034128 0.043901 
1464.998578 0.042837 
1465.963027 0.047251 
1466.927477 0.049888 
1467.891926 0.051342 
1468.856375 0.052246 
1469.820825 0.052870 
1470.785274 0.051809 
1471.749723 0.048197 
1472.714173 0.046958 
1473.678622 0.051752 
1474.643071 0.056163 
1475.607521 0.056865 
1476.571970 0.058656 
1477.536420 0.062996 
1478.500869 0.065522 
1479.465318 0.067745 
1480.429768 0.069140 
1481.394217 0.071235 
1482.358666 0.074726 
1483.323116 0.077868 
1484.287565 0.080438 
1485.252014 0.082908 
1486.216464 0.084001 
1487.180913 0.085085 
1488.145362 0.089051 
1489.109812 0.091232 
1490.074261 0.092410 
1491.038711 0.100253 
1492.003160 0.107624 
1492.967609 0.112790 
1493.932059 0.117399 
1494.896508 0.120509 
1495.860957 0.121961 
1496.825407 0.130213 
1497.789856 0.135698 
1498.754305 0.140740 
1499.718755 0.150685 
1500.683204 0.157619 
1501.647654 0.163878 
1502.612103 0.171159 
1503.576552 0.176968 
1504.541002 0.179819 
1505.505451 0.178690 
1506.469900 0.180767 
1507.434350 0.196175 
1508.398799 0.208215 
1509.363248 0.217766 
1510.327698 0.228130 
1511.292147 0.234563 
1512.256596 0.241614 
1513.221046 0.250594 
1514.185495 0.256202 
1515.149945 0.261358 
1516.114394 0.264975 
1517.078843 0.268316 
1518.043293 0.281024 
1519.007742 0.287285 
1519.972191 0.289240 
1520.936641 0.291248 
1521.901090 0.299252 
1522.865539 0.309540 
1523.829989 0.318603 
1524.794438 0.323330 
1525.758888 0.333338 
1526.723337 0.342521 
1527.687786 0.350928 
1528.652236 0.362171 
1529.616685 0.374704 
1530.581134 0.384921 
1531.545584 0.396450 
1532.510033 0.405807 
1533.474482 0.419021 
1534.438932 0.443461 
1535.403381 0.460101 
1536.367830 0.476429 
1537.332280 0.491153 
1538.296729 0.500897 
1539.261179 0.520532 
1540.225628 0.550504 
1541.190077 0.565827 
1542.154527 0.583516 
1543.118976 0.604367 
1544.083425 0.615188 
1545.047875 0.630517 
1546.012324 0.644121 
1546.976773 0.652200 
1547.941223 0.657589 
1548.905672 0.661355 
1549.870122 0.661998 
1550.834571 0.662123 
1551.799020 0.658433 
1552.763470 0.653301 
1553.727919 0.645525 
1554.692368 0.632598 
1555.656818 0.620485 
1556.621267 0.611435 
1557.585716 0.599215 
1558.550166 0.577625 
1559.514615 0.560248 
1560.479064 0.538222 
1561.443514 0.525278 
1562.407963 0.513301 
1563.372413 0.498013 
1564.336862 0.481573 
1565.301311 0.463359 
1566.265761 0.451099 
1567.230210 0.439064 
1568.194659 0.426462 
1569.159109 0.411954 
1570.123558 0.399335 
1571.088007 0.395091 
1572.052457 0.390051 
1573.016906 0.383758 
1573.981356 0.378044 
1574.945805 0.372070 
1575.910254 0.365016 
1576.874704 0.362168 
1577.839153 0.363659 
1578.803602 0.363556 
1579.768052 0.361964 
1580.732501 0.359724 
1581.696950 0.357125 
1582.661400 0.353796 
1583.625849 0.349801 
1584.590298 0.344945 
1585.554748 0.339332 
1586.519197 0.332424 
1587.483647 0.324602 
1588.448096 0.315658 
1589.412545 0.305900 
1590.376995 0.295318 
1591.341444 0.284676 
1592.305893 0.273526 
1593.270343 0.262501 
1594.234792 0.250149 
1595.199241 0.238179 
1596.163691 0.226983 
1597.128140 0.215770 
1598.092590 0.204678 
1599.057039 0.193587 
1600.021488 0.182606 
1600.985938 0.171754 
1601.950387 0.161664 
1602.914836 0.152096 
1603.879286 0.143476 
1604.843735 0.136293 
1605.808184 0.129179 
1606.772634 0.121968 
1607.737083 0.115897 
1608.701532 0.110589 
1609.665982 0.105098 
1610.630431 0.101717 
1611.594881 0.098339 
1612.559330 0.094350 
1613.523779 0.090252 
1614.488229 0.085759 
1615.452678 0.080087 
1616.417127 0.071642 
1617.381577 0.068787 
1618.346026 0.070941 
1619.310475 0.070335 
1620.274925 0.068197 
1621.239374 0.065545 
1622.203824 0.061361 
1623.168273 0.055556 
1624.132722 0.055115 
1625.097172 0.056795 
1626.061621 0.055844 
1627.026070 0.052626 
1627.990520 0.049263 
1628.954969 0.050276 
1629.919418 0.050457 
1630.883868 0.049341 
1631.848317 0.047888 
1632.812766 0.046373 
1633.777216 0.043528 
1634.741665 0.037329 
1635.706115 0.031894 
1636.670564 0.036078 
1637.635013 0.037749 
1638.599463 0.040703 
1639.563912 0.041644 
1640.528361 0.041311 
1641.492811 0.041055 
1642.457260 0.040647 
1643.421709 0.040223 
1644.386159 0.038679 
1645.350608 0.034390 
1646.315058 0.028872 
1647.279507 0.027772 
1648.243956 0.030118 
1649.208406 0.034466 
1650.172855 0.035341 
1651.137304 0.032687 
1652.101754 0.026120 
1653.066203 0.011185 
1654.030652 0.020452 
1654.995102 0.030677 
1655.959551 0.034754 
1656.924000 0.035945 
1657.888450 0.036373 
1658.852899 0.036443 
1659.817349 0.036202 
1660.781798 0.035210 
1661.746247 0.032802 
1662.710697 0.029709 
1663.675146 0.031958 
1664.639595 0.034171 
1665.604045 0.034562 
1666.568494 0.034269 
1667.532943 0.032626 
1668.497393 0.028439 
1669.461842 0.026596 
1670.426292 0.029593 
1671.390741 0.030042 
1672.355190 0.032139 
1673.319640 0.033382 
1674.284089 0.031252 
1675.248538 0.027753 
1676.212988 0.030975 
1677.177437 0.033271 
1678.141886 0.033549 
1679.106336 0.032390 
1680.070785 0.030507 
1681.035234 0.031059 
1681.999684 0.030600 
1682.964133 0.025646 
1683.928583 0.014588 
1684.893032 0.018892 
1685.857481 0.028423 
1686.821931 0.031470 
1687.786380 0.031703 
1688.750829 0.031482 
1689.715279 0.031188 
1690.679728 0.031688 
1691.644177 0.032875 
1692.608627 0.032814 
1693.573076 0.031909 
1694.537526 0.029284 
1695.501975 0.024063 
1696.466424 0.023475 
1697.430874 0.026679 
1698.395323 0.027312 
1699.359772 0.023827 
1700.324222 0.016117 
1701.288671 0.026607 
1702.253120 0.030557 
1703.217570 0.031194 
1704.182019 0.029368 
1705.146468 0.028571 
1706.110918 0.027624 
1707.075367 0.029103 
1708.039817 0.031842 
1709.004266 0.032157 
1709.968715 0.031110 
1710.933165 0.031362 
1711.897614 0.032104 
1712.862063 0.031291 
1713.826513 0.028866 
1714.790962 0.026400 
1715.755411 0.027285 
1716.719861 0.026340 
1717.684310 0.021685 
1718.648760 0.024706 
1719.613209 0.030754 
1720.577658 0.032698 
1721.542108 0.032973 
1722.506557 0.032557 
1723.471006 0.031939 
1724.435456 0.032421 
1725.399905 0.032773 
1726.364354 0.032589 
1727.328804 0.032485 
1728.293253 0.032079 
1729.257702 0.030409 
1730.222152 0.029219 
1731.186601 0.030699 
1732.151051 0.029987 
1733.115500 0.026008 
1734.079949 0.020910 
1735.044399 0.026823 
1736.008848 0.030998 
1736.973297 0.032143 
1737.937747 0.031790 
1738.902196 0.029730 
1739.866645 0.026978 
1740.831095 0.029776 
1741.795544 0.031177 
1742.759994 0.029741 
1743.724443 0.029149 
1744.688892 0.030578 
1745.653342 0.030410 
1746.617791 0.029356 
1747.582240 0.028040 
1748.546690 0.027093 
1749.511139 0.028574 
1750.475588 0.029313 
1751.440038 0.029047 
1752.404487 0.031524 
1753.368936 0.032650 
1754.333386 0.032889 
1755.297835 0.032292 
1756.262285 0.030697 
1757.226734 0.030225 
1758.191183 0.031628 
1759.155633 0.032061 
1760.120082 0.031819 
1761.084531 0.029785 
1762.048981 0.028917 
1763.013430 0.031488 
1763.977879 0.032834 
1764.942329 0.033182 
1765.906778 0.033371 
1766.871228 0.032828 
1767.835677 0.031686 
1768.800126 0.031989 
1769.764576 0.032220 
1770.729025 0.029412 
1771.693474 0.025051 
1772.657924 0.024669 
1773.622373 0.029517 
1774.586822 0.031335 
1775.551272 0.031246 
1776.515721 0.032185 
1777.480170 0.033230 
1778.444620 0.033298 
1779.409069 0.032787 
1780.373519 0.031595 
1781.337968 0.032537 
1782.302417 0.034076 
1783.266867 0.034357 
1784.231316 0.033880 
1785.195765 0.033881 
1786.160215 0.034418 
1787.124664 0.034538 
1788.089113 0.034403 
1789.053563 0.034261 
1790.018012 0.033381 
1790.982462 0.031649 
1791.946911 0.029728 
1792.911360 0.030052 
1793.875810 0.033348 
1794.840259 0.034414 
1795.804708 0.034192 
1796.769158 0.035079 
1797.733607 0.035875 
1798.698056 0.034952 
1799.662506 0.033590 
1800.626955 0.034832 
1801.591404 0.035498 
1802.555854 0.035715 
1803.520303 0.036437 
1804.484753 0.036669 
1805.449202 0.036611 
1806.413651 0.036705 
1807.378101 0.036539 
1808.342550 0.036773 
1809.306999 0.036790 
1810.271449 0.035748 
1811.235898 0.036168 
1812.200347 0.037647 
1813.164797 0.038438 
1814.129246 0.038866 
1815.093696 0.039024 
1816.058145 0.039099 
1817.022594 0.038899 
1817.987044 0.038933 
1818.951493 0.038984 
1819.915942 0.038983 
1820.880392 0.038834 
1821.844841 0.038706 
1822.809290 0.038573 
1823.773740 0.038170 
1824.738189 0.036651 
1825.702638 0.037011 
1826.667088 0.038842 
1827.631537 0.039134 
1828.595987 0.037384 
1829.560436 0.034547 
1830.524885 0.036300 
1831.489335 0.039173 
1832.453784 0.039930 
1833.418233 0.040051 
1834.382683 0.039970 
1835.347132 0.039766 
1836.311581 0.039181 
1837.276031 0.038785 
1838.240480 0.039386 
1839.204930 0.039846 
1840.169379 0.039979 
1841.133828 0.040081 
1842.098278 0.039916 
1843.062727 0.038680 
1844.027176 0.036396 
1844.991626 0.038154 
1845.956075 0.040384 
1846.920524 0.040740 
1847.884974 0.040517 
1848.849423 0.041198 
1849.813872 0.041534 
1850.778322 0.041523 
1851.742771 0.041408 
1852.707221 0.041375 
1853.671670 0.041413 
1854.636119 0.041462 
1855.600569 0.041452 
1856.565018 0.041526 
1857.529467 0.041583 
1858.493917 0.041616 
1859.458366 0.041694 
1860.422815 0.041778 
1861.387265 0.041710 
1862.351714 0.041635 
1863.316164 0.041456 
1864.280613 0.041188 
1865.245062 0.040409 
1866.209512 0.039046 
1867.173961 0.037586 
1868.138410 0.036137 
1869.102860 0.035527 
1870.067309 0.037065 
1871.031758 0.038387 
1871.996208 0.038709 
1872.960657 0.038714 
1873.925106 0.038697 
1874.889556 0.038633 
1875.854005 0.038551 
1876.818455 0.038457 
1877.782904 0.038356 
1878.747353 0.038146 
1879.711803 0.037882 
1880.676252 0.037621 
1881.640701 0.037411 
1882.605151 0.037137 
1883.569600 0.036739 
1884.534049 0.036422 
1885.498499 0.036540 
1886.462948 0.036658 
1887.427398 0.036678 
1888.391847 0.036099 
1889.356296 0.034928 
1890.320746 0.035746 
1891.285195 0.037010 
1892.249644 0.037309 
1893.214094 0.037334 
1894.178543 0.036880 
1895.142992 0.036290 
1896.107442 0.036670 
1897.071891 0.037075 
1898.036340 0.036966 
1899.000790 0.036851 
1899.965239 0.036722 
1900.929689 0.036672 
1901.894138 0.036641 
1902.858587 0.036714 
1903.823037 0.036650 
1904.787486 0.036721 
1905.751935 0.036918 
1906.716385 0.036911 
1907.680834 0.036591 
1908.645283 0.036501 
1909.609733 0.036121 
1910.574182 0.036177 
1911.538632 0.036622 
1912.503081 0.036581 
1913.467530 0.036322 
1914.431980 0.036074 
1915.396429 0.035833 
1916.360878 0.035346 
1917.325328 0.034075 
1918.289777 0.033544 
1919.254226 0.034886 
1920.218676 0.035507 
1921.183125 0.035376 
1922.147574 0.034609 
1923.112024 0.034266 
1924.076473 0.035231 
1925.040923 0.035770 
1926.005372 0.035775 
1926.969821 0.035677 
1927.934271 0.035594 
1928.898720 0.035448 
1929.863169 0.035288 
1930.827619 0.035170 
1931.792068 0.035112 
1932.756517 0.035087 
1933.720967 0.035172 
1934.685416 0.035316 
1935.649866 0.035497 
1936.614315 0.035723 
1937.578764 0.035936 
1938.543214 0.036071 
1939.507663 0.036180 
1940.472112 0.036189 
1941.436562 0.035653 
1942.401011 0.034552 
1943.365460 0.035184 
1944.329910 0.035944 
1945.294359 0.035723 
1946.258808 0.035618 
1947.223258 0.035912 
1948.187707 0.036129 
1949.152157 0.036287 
1950.116606 0.036461 
1951.081055 0.036591 
1952.045505 0.036774 
1953.009954 0.037032 
1953.974403 0.037182 
1954.938853 0.037271 
1955.903302 0.037523 
1956.867751 0.037708 
1957.832201 0.037796 
1958.796650 0.037691 
1959.761100 0.037515 
1960.725549 0.037472 
1961.689998 0.037414 
1962.654448 0.037445 
1963.618897 0.037474 
1964.583346 0.037531 
1965.547796 0.037418 
1966.512245 0.037105 
1967.476694 0.037106 
1968.441144 0.037871 
1969.405593 0.038433 
1970.370042 0.038658 
1971.334492 0.038802 
1972.298941 0.038886 
1973.263391 0.038904 
1974.227840 0.038914 
1975.192289 0.038859 
1976.156739 0.038788 
1977.121188 0.038769 
1978.085637 0.038732 
1979.050087 0.038673 
1980.014536 0.038722 
1980.978985 0.038860 
1981.943435 0.039066 
1982.907884 0.039273 
1983.872334 0.039477 
1984.836783 0.039729 
1985.801232 0.039938 
1986.765682 0.040062 
1987.730131 0.040083 
1988.694580 0.040126 
1989.659030 0.040369 
1990.623479 0.040237 
1991.587928 0.039664 
1992.552378 0.039686 
1993.516827 0.040278 
1994.481276 0.040566 
1995.445726 0.040693 
1996.410175 0.040813 
1997.374625 0.040986 
1998.339074 0.041088 
1999.303523 0.041320 
2000.267973 0.041661 
2001.232422 0.041911 
2002.196871 0.042049 
2003.161321 0.042134 
2004.125770 0.042142 
2005.090219 0.042142 
2006.054669 0.042031 
2007.019118 0.041864 
2007.983568 0.041667 
2008.948017 0.041543 
2009.912466 0.041374 
2010.876916 0.041199 
2011.841365 0.041063 
2012.805814 0.041021 
2013.770264 0.040954 
2014.734713 0.040899 
2015.699162 0.040681 
2016.663612 0.040353 
2017.628061 0.040428 
2018.592510 0.040581 
2019.556960 0.040511 
2020.521409 0.040434 
2021.485859 0.040215 
2022.450308 0.039925 
2023.414757 0.039630 
2024.379207 0.039396 
2025.343656 0.039142 
2026.308105 0.038964 
2027.272555 0.038846 
2028.237004 0.038799 
2029.201453 0.038659 
2030.165903 0.038683 
2031.130352 0.038804 
2032.094802 0.038874 
2033.059251 0.038874 
2034.023700 0.038909 
2034.988150 0.038941 
2035.952599 0.038897 
2036.917048 0.038789 
2037.881498 0.038702 
2038.845947 0.038562 
2039.810396 0.038363 
2040.774846 0.038118 
2041.739295 0.038046 
2042.703744 0.038034 
2043.668194 0.037967 
2044.632643 0.037993 
2045.597093 0.038106 
2046.561542 0.038188 
2047.525991 0.038343 
2048.490441 0.038483 
2049.454890 0.038513 
2050.419339 0.038478 
2051.383789 0.038413 
2052.348238 0.038278 
2053.312687 0.038129 
2054.277137 0.037891 
2055.241586 0.037654 
2056.206036 0.037377 
2057.170485 0.037171 
2058.134934 0.036969 
2059.099384 0.036832 
2060.063833 0.036750 
2061.028282 0.036747 
2061.992732 0.036722 
2062.957181 0.036706 
2063.921630 0.036614 
2064.886080 0.036532 
2065.850529 0.036589 
2066.814978 0.036605 
2067.779428 0.036472 
2068.743877 0.036336 
2069.708327 0.036108 
2070.672776 0.035847 
2071.637225 0.035589 
2072.601675 0.035446 
2073.566124 0.035313 
2074.530573 0.035192 
2075.495023 0.035107 
2076.459472 0.035136 
2077.423921 0.035182 
2078.388371 0.035256 
2079.352820 0.035326 
2080.317270 0.035432 
2081.281719 0.035494 
2082.246168 0.035507 
2083.210618 0.035382 
2084.175067 0.035260 
2085.139516 0.035138 
2086.103966 0.035007 
2087.068415 0.034838 
2088.032864 0.034681 
2088.997314 0.034492 
2089.961763 0.034423 
2090.926212 0.034471 
2091.890662 0.034490 
2092.855111 0.034546 
2093.819561 0.034675 
2094.784010 0.034769 
2095.748459 0.034861 
2096.712909 0.034933 
2097.677358 0.035039 
2098.641807 0.035070 
2099.606257 0.034981 
2100.570706 0.034803 
2101.535155 0.034697 
2102.499605 0.034656 
2103.464054 0.034568 
2104.428504 0.034373 
2105.392953 0.034296 
2106.357402 0.034268 
2107.321852 0.034331 
2108.286301 0.034377 
2109.250750 0.034424 
2110.215200 0.034522 
2111.179649 0.034699 
2112.144098 0.034817 
2113.108548 0.034889 
2114.072997 0.034875 
2115.037446 0.034923 
2116.001896 0.034947 
2116.966345 0.034824 
2117.930795 0.034640 
2118.895244 0.034600 
2119.859693 0.034509 
2120.824143 0.034389 
2121.788592 0.034299 
2122.753041 0.034343 
2123.717491 0.034428 
2124.681940 0.034524 
2125.646389 0.034668 
2126.610839 0.034897 
2127.575288 0.035010 
2128.539738 0.035061 
2129.504187 0.035068 
2130.468636 0.035098 
2131.433086 0.035081 
2132.397535 0.034994 
2133.361984 0.034835 
2134.326434 0.034731 
2135.290883 0.034660 
2136.255332 0.034603 
2137.219782 0.034514 
2138.184231 0.034539 
2139.148680 0.034598 
2140.113130 0.034704 
2141.077579 0.034812 
2142.042029 0.034968 
2143.006478 0.035049 
2143.970927 0.035179 
2144.935377 0.035292 
2145.899826 0.035344 
2146.864275 0.035263 
2147.828725 0.035208 
2148.793174 0.035118 
2149.757623 0.035069 
2150.722073 0.034959 
2151.686522 0.034871 
2152.650972 0.034810 
2153.615421 0.034766 
2154.579870 0.034754 
2155.544320 0.034845 
2156.508769 0.034938 
2157.473218 0.035129 
2158.437668 0.035278 
2159.402117 0.035379 
2160.366566 0.035437 
2161.331016 0.035542 
2162.295465 0.035522 
2163.259914 0.035430 
2164.224364 0.035321 
2165.188813 0.035298 
2166.153263 0.035151 
2167.117712 0.035002 
2168.082161 0.034936 
2169.046611 0.034961 
2170.011060 0.034924 
2170.975509 0.034965 
2171.939959 0.035140 
2172.904408 0.035305 
2173.868857 0.035350 
2174.833307 0.035439 
2175.797756 0.035619 
2176.762206 0.035715 
2177.726655 0.035642 
2178.691104 0.035618 
2179.655554 0.035608 
2180.620003 0.035506 
2181.584452 0.035364 
2182.548902 0.035261 
2183.513351 0.035147 
2184.477800 0.035093 
2185.442250 0.035081 
2186.406699 0.035187 
2187.371148 0.035254 
2188.335598 0.035342 
2189.300047 0.035496 
2190.264497 0.035671 
2191.228946 0.035731 
2192.193395 0.035753 
2193.157845 0.035824 
2194.122294 0.035861 
2195.086743 0.035768 
2196.051193 0.035722 
2197.015642 0.035627 
2197.980091 0.035512 
2198.944541 0.035441 
2199.908990 0.035440 
2200.873440 0.035390 
2201.837889 0.035406 
2202.802338 0.035493 
2203.766788 0.035600 
2204.731237 0.035730 
2205.695686 0.035934 
2206.660136 0.036082 
2207.624585 0.036208 
2208.589034 0.036241 
2209.553484 0.036255 
2210.517933 0.036195 
2211.482382 0.036198 
2212.446832 0.036145 
2213.411281 0.036053 
2214.375731 0.035924 
2215.340180 0.035927 
2216.304629 0.035938 
2217.269079 0.035997 
2218.233528 0.036084 
2219.197977 0.036195 
2220.162427 0.036318 
2221.126876 0.036544 
2222.091325 0.036726 
2223.055775 0.036934 
2224.020224 0.037083 
2224.984674 0.037194 
2225.949123 0.037251 
2226.913572 0.037295 
2227.878022 0.037291 
2228.842471 0.037301 
2229.806920 0.037288 
2230.771370 0.037395 
2231.735819 0.037484 
2232.700268 0.037597 
2233.664718 0.037727 
2234.629167 0.037972 
2235.593616 0.038251 
2236.558066 0.038566 
2237.522515 0.038833 
2238.486965 0.039152 
2239.451414 0.039455 
2240.415863 0.039723 
2241.380313 0.039922 
2242.344762 0.040144 
2243.309211 0.040299 
2244.273661 0.040466 
2245.238110 0.040616 
2246.202559 0.040831 
2247.167009 0.041047 
2248.131458 0.041345 
2249.095908 0.041651 
2250.060357 0.042054 
2251.024806 0.042441 
2251.989256 0.042963 
2252.953705 0.043423 
2253.918154 0.043880 
2254.882604 0.044362 
2255.847053 0.044867 
2256.811502 0.045323 
2257.775952 0.045764 
2258.740401 0.046135 
2259.704850 0.046503 
2260.669300 0.046840 
2261.633749 0.047216 
2262.598199 0.047609 
2263.562648 0.048086 
2264.527097 0.048596 
2265.491547 0.049152 
2266.455996 0.049748 
2267.420445 0.050401 
2268.384895 0.051066 
2269.349344 0.051714 
2270.313793 0.052304 
2271.278243 0.052859 
2272.242692 0.053435 
2273.207142 0.053989 
2274.171591 0.054487 
2275.136040 0.054953 
2276.100490 0.055406 
2277.064939 0.055845 
2278.029388 0.056282 
2278.993838 0.056749 
2279.958287 0.057257 
2280.922736 0.057772 
2281.887186 0.058278 
2282.851635 0.058726 
2283.816084 0.059162 
2284.780534 0.059589 
2285.744983 0.059911 
2286.709433 0.060168 
2287.673882 0.060349 
2288.638331 0.060499 
2289.602781 0.060562 
2290.567230 0.060409 
2291.531679 0.060393 
2292.496129 0.060226 
2293.460578 0.060099 
2294.425027 0.059851 
2295.389477 0.059600 
2296.353926 0.059366 
2297.318376 0.059164 
2298.282825 0.059104 
2299.247274 0.058888 
2300.211724 0.058709 
2301.176173 0.058529 
2302.140622 0.058283 
2303.105072 0.058085 
2304.069521 0.057704 
2305.033970 0.057491 
2305.998420 0.057021 
2306.962869 0.056690 
2307.927318 0.056113 
2308.891768 0.055766 
2309.856217 0.055339 
2310.820667 0.054939 
2311.785116 0.054476 
2312.749565 0.054079 
2313.714015 0.053716 
2314.678464 0.053298 
2315.642913 0.053003 
2316.607363 0.052777 
2317.571812 0.052468 
2318.536261 0.052062 
2319.500711 0.051470 
2320.465160 0.051024 
2321.429610 0.050432 
2322.394059 0.049897 
2323.358508 0.049252 
2324.322958 0.048703 
2325.287407 0.048008 
2326.251856 0.047422 
2327.216306 0.046728 
2328.180755 0.046390 
2329.145204 0.045768 
2330.109654 0.045377 
2331.074103 0.044864 
2332.038552 0.044604 
2333.003002 0.044271 
2333.967451 0.043957 
2334.931901 0.043453 
2335.896350 0.043060 
2336.860799 0.042523 
2337.825249 0.042240 
2338.789698 0.041700 
2339.754147 0.041178 
2340.718597 0.040643 
2341.683046 0.040448 
2342.647495 0.040250 
2343.611945 0.040479 
2344.576394 0.040624 
2345.540844 0.040914 
2346.505293 0.041537 
2347.469742 0.042414 
2348.434192 0.043408 
2349.398641 0.043371 
2350.363090 0.042124 
2351.327540 0.040916 
2352.291989 0.039639 
2353.256438 0.038541 
2354.220888 0.037496 
2355.185337 0.036836 
2356.149786 0.035823 
2357.114236 0.035111 
2358.078685 0.034299 
2359.043135 0.033960 
2360.007584 0.033362 
2360.972033 0.033545 
2361.936483 0.033586 
2362.900932 0.033816 
2363.865381 0.033951 
2364.829831 0.034301 
2365.794280 0.034537 
2366.758729 0.035078 
2367.723179 0.035402 
2368.687628 0.035947 
2369.652078 0.036298 
2370.616527 0.036773 
2371.580976 0.037074 
2372.545426 0.037540 
2373.509875 0.038011 
2374.474324 0.038538 
2375.438774 0.038936 
2376.403223 0.039394 
2377.367672 0.039724 
2378.332122 0.040081 
2379.296571 0.040385 
2380.261020 0.040575 
2381.225470 0.040601 
2382.189919 0.040631 
2383.154369 0.040532 
2384.118818 0.040368 
2385.083267 0.040090 
2386.047717 0.039786 
2387.012166 0.039498 
2387.976615 0.039276 
2388.941065 0.039016 
2389.905514 0.038814 
2390.869963 0.038677 
2391.834413 0.038617 
2392.798862 0.038570 
2393.763312 0.038571 
2394.727761 0.038601 
2395.692210 0.038638 
2396.656660 0.038572 
2397.621109 0.038553 
2398.585558 0.038469 
2399.550008 0.038372 
2400.514457 0.038270 
2401.478906 0.038144 
2402.443356 0.037954 
2403.407805 0.037781 
2404.372254 0.037628 
2405.336704 0.037542 
2406.301153 0.037457 
2407.265603 0.037421 
2408.230052 0.037413 
2409.194501 0.037476 
2410.158951 0.037528 
2411.123400 0.037599 
2412.087849 0.037580 
2413.052299 0.037639 
2414.016748 0.037691 
2414.981197 0.037700 
2415.945647 0.037588 
2416.910096 0.037444 
2417.874546 0.037286 
2418.838995 0.037224 
2419.803444 0.037131 
2420.767894 0.037034 
2421.732343 0.036936 
2422.696792 0.036943 
2423.661242 0.036991 
2424.625691 0.037018 
2425.590140 0.037060 
2426.554590 0.037127 
2427.519039 0.037170 
2428.483488 0.037231 
2429.447938 0.037282 
2430.412387 0.037296 
2431.376837 0.037238 
2432.341286 0.037161 
2433.305735 0.037055 
2434.270185 0.036988 
2435.234634 0.036850 
2436.199083 0.036740 
2437.163533 0.036690 
2438.127982 0.036682 
2439.092431 0.036691 
2440.056881 0.036739 
2441.021330 0.036821 
2441.985780 0.036891 
2442.950229 0.036937 
2443.914678 0.037048 
2444.879128 0.037108 
2445.843577 0.037156 
2446.808026 0.037124 
2447.772476 0.037073 
2448.736925 0.036987 
2449.701374 0.036899 
2450.665824 0.036761 
2451.630273 0.036663 
2452.594722 0.036601 
2453.559172 0.036624 
2454.523621 0.036642 
2455.488071 0.036646 
2456.452520 0.036718 
2457.416969 0.036791 
2458.381419 0.036895 
2459.345868 0.037028 
2460.310317 0.037085 
2461.274767 0.037105 
2462.239216 0.037085 
2463.203665 0.037060 
2464.168115 0.036989 
2465.132564 0.036958 
2466.097014 0.036873 
2467.061463 0.036763 
2468.025912 0.036672 
2468.990362 0.036656 
2469.954811 0.036640 
2470.919260 0.036673 
2471.883710 0.036707 
2472.848159 0.036782 
2473.812608 0.036862 
2474.777058 0.036939 
2475.741507 0.037046 
2476.705956 0.037103 
2477.670406 0.037117 
2478.634855 0.037084 
2479.599305 0.037015 
2480.563754 0.036987 
2481.528203 0.036869 
2482.492653 0.036740 
2483.457102 0.036677 
2484.421551 0.036703 
2485.386001 0.036679 
2486.350450 0.036656 
2487.314899 0.036703 
2488.279349 0.036801 
2489.243798 0.036864 
2490.208248 0.036926 
2491.172697 0.037039 
2492.137146 0.037146 
2493.101596 0.037160 
2494.066045 0.037156 
2495.030494 0.037149 
2495.994944 0.037140 
2496.959393 0.037105 
2497.923842 0.037065 
2498.888292 0.036967 
2499.852741 0.036847 
2500.817190 0.036841 
2501.781640 0.036893 
2502.746089 0.036913 
2503.710539 0.036996 
2504.674988 0.037065 
2505.639437 0.037176 
2506.603887 0.037268 
2507.568336 0.037353 
2508.532785 0.037449 
2509.497235 0.037515 
2510.461684 0.037424 
2511.426133 0.037342 
2512.390583 0.037339 
2513.355032 0.037282 
2514.319482 0.037222 
2515.283931 0.037161 
2516.248380 0.037085 
2517.212830 0.037121 
2518.177279 0.037222 
2519.141728 0.037305 
2520.106178 0.037394 
2521.070627 0.037478 
2522.035076 0.037560 
2522.999526 0.037677 
2523.963975 0.037733 
2524.928424 0.037777 
2525.892874 0.037824 
2526.857323 0.037795 
2527.821773 0.037676 
2528.786222 0.037648 
2529.750671 0.037608 
2530.715121 0.037540 
2531.679570 0.037514 
2532.644019 0.037524 
2533.608469 0.037582 
2534.572918 0.037630 
2535.537367 0.037663 
2536.501817 0.037730 
2537.466266 0.037821 
2538.430716 0.037953 
2539.395165 0.038051 
2540.359614 0.038113 
2541.324064 0.038113 
2542.288513 0.038067 
2543.252962 0.038040 
2544.217412 0.038018 
2545.181861 0.037943 
2546.146310 0.037877 
2547.110760 0.037790 
2548.075209 0.037745 
2549.039658 0.037789 
2550.004108 0.037837 
2550.968557 0.037919 
2551.933007 0.038037 
2552.897456 0.038116 
2553.861905 0.038224 
2554.826355 0.038319 
2555.790804 0.038394 
2556.755253 0.038399 
2557.719703 0.038366 
2558.684152 0.038340 
2559.648601 0.038308 
2560.613051 0.038244 
2561.577500 0.038174 
2562.541950 0.038147 
2563.506399 0.038102 
2564.470848 0.038044 
2565.435298 0.038064 
2566.399747 0.038104 
2567.364196 0.038122 
2568.328646 0.038201 
2569.293095 0.038375 
2570.257544 0.038516 
2571.221994 0.038556 
2572.186443 0.038576 
2573.150892 0.038575 
2574.115342 0.038542 
2575.079791 0.038514 
2576.044241 0.038441 
2577.008690 0.038339 
2577.973139 0.038280 
2578.937589 0.038207 
2579.902038 0.038168 
2580.866487 0.038238 
2581.830937 0.038256 
2582.795386 0.038222 
2583.759835 0.038285 
2584.724285 0.038395 
2585.688734 0.038517 
2586.653184 0.038625 
2587.617633 0.038629 
2588.582082 0.038615 
2589.546532 0.038630 
2590.510981 0.038656 
2591.475430 0.038641 
2592.439880 0.038565 
2593.404329 0.038445 
2594.368778 0.038410 
2595.333228 0.038441 
2596.297677 0.038443 
2597.262126 0.038429 
2598.226576 0.038430 
2599.191025 0.038483 
2600.155475 0.038588 
2601.119924 0.038660 
2602.084373 0.038753 
2603.048823 0.038830 
2604.013272 0.038880 
2604.977721 0.038873 
2605.942171 0.038800 
2606.906620 0.038749 
2607.871069 0.038718 
2608.835519 0.038613 
2609.799968 0.038564 
2610.764418 0.038568 
2611.728867 0.038549 
2612.693316 0.038517 
2613.657766 0.038554 
2614.622215 0.038606 
2615.586664 0.038710 
2616.551114 0.038817 
2617.515563 0.038888 
2618.480012 0.038920 
2619.444462 0.038947 
2620.408911 0.038936 
2621.373360 0.038912 
2622.337810 0.038877 
2623.302259 0.038881 
2624.266709 0.038849 
2625.231158 0.038810 
2626.195607 0.038739 
2627.160057 0.038670 
2628.124506 0.038651 
2629.088955 0.038713 
2630.053405 0.038811 
2631.017854 0.038874 
2631.982303 0.038949 
2632.946753 0.039043 
2633.911202 0.039121 
2634.875652 0.039168 
2635.840101 0.039124 
2636.804550 0.039053 
2637.769000 0.039085 
2638.733449 0.039080 
2639.697898 0.039013 
2640.662348 0.038976 
2641.626797 0.038926 
2642.591246 0.038924 
2643.555696 0.038941 
2644.520145 0.038943 
2645.484594 0.038931 
2646.449044 0.039060 
2647.413493 0.039155 
2648.377943 0.039204 
2649.342392 0.039314 
2650.306841 0.039442 
2651.271291 0.039443 
2652.235740 0.039422 
2653.200189 0.039396 
2654.164639 0.039355 
2655.129088 0.039291 
2656.093537 0.039234 
2657.057987 0.039186 
2658.022436 0.039112 
2658.986886 0.039071 
2659.951335 0.039101 
2660.915784 0.039113 
2661.880234 0.039140 
2662.844683 0.039248 
2663.809132 0.039342 
2664.773582 0.039331 
2665.738031 0.039356 
2666.702480 0.039447 
2667.666930 0.039506 
2668.631379 0.039537 
2669.595828 0.039454 
2670.560278 0.039345 
2671.524727 0.039343 
2672.489177 0.039336 
2673.453626 0.039246 
2674.418075 0.039106 
2675.382525 0.039031 
2676.346974 0.039090 
2677.311423 0.039189 
2678.275873 0.039212 
2679.240322 0.039268 
2680.204771 0.039363 
2681.169221 0.039444 
2682.133670 0.039524 
2683.098120 0.039553 
2684.062569 0.039492 
2685.027018 0.039489 
2685.991468 0.039476 
2686.955917 0.039393 
2687.920366 0.039321 
2688.884816 0.039289 
2689.849265 0.039235 
2690.813714 0.039188 
2691.778164 0.039204 
2692.742613 0.039303 
2693.707062 0.039392 
2694.671512 0.039452 
2695.635961 0.039509 
2696.600411 0.039569 
2697.564860 0.039632 
2698.529309 0.039668 
2699.493759 0.039671 
2700.458208 0.039702 
2701.422657 0.039634 
2702.387107 0.039555 
2703.351556 0.039551 
2704.316005 0.039542 
2705.280455 0.039493 
2706.244904 0.039473 
2707.209354 0.039412 
2708.173803 0.039415 
2709.138252 0.039507 
2710.102702 0.039610 
2711.067151 0.039679 
2712.031600 0.039722 
2712.996050 0.039795 
2713.960499 0.039872 
2714.924948 0.039909 
2715.889398 0.039888 
2716.853847 0.039824 
2717.818296 0.039743 
2718.782746 0.039705 
2719.747195 0.039711 
2720.711645 0.039704 
2721.676094 0.039627 
2722.640543 0.039579 
2723.604993 0.039656 
2724.569442 0.039767 
2725.533891 0.039797 
2726.498341 0.039847 
2727.462790 0.039933 
2728.427239 0.040024 
2729.391689 0.040119 
2730.356138 0.040153 
2731.320588 0.040196 
2732.285037 0.040175 
2733.249486 0.040120 
2734.213936 0.040073 
2735.178385 0.040025 
2736.142834 0.039980 
2737.107284 0.039925 
2738.071733 0.039895 
2739.036182 0.039888 
2740.000632 0.039953 
2740.965081 0.039993 
2741.929530 0.040044 
2742.893980 0.040160 
2743.858429 0.040241 
2744.822879 0.040331 
2745.787328 0.040380 
2746.751777 0.040360 
2747.716227 0.040313 
2748.680676 0.040326 
2749.645125 0.040270 
2750.609575 0.040224 
2751.574024 0.040181 
2752.538473 0.040147 
2753.502923 0.040147 
2754.467372 0.040183 
2755.431822 0.040175 
2756.396271 0.040182 
2757.360720 0.040256 
2758.325170 0.040358 
2759.289619 0.040420 
2760.254068 0.040389 
2761.218518 0.040398 
2762.182967 0.040468 
2763.147416 0.040474 
2764.111866 0.040436 
2765.076315 0.040395 
2766.040764 0.040369 
2767.005214 0.040346 
2767.969663 0.040327 
2768.934113 0.040250 
2769.898562 0.040230 
2770.863011 0.040259 
2771.827461 0.040258 
2772.791910 0.040316 
2773.756359 0.040415 
2774.720809 0.040425 
2775.685258 0.040522 
2776.649707 0.040644 
2777.614157 0.040647 
2778.578606 0.040639 
2779.543056 0.040632 
2780.507505 0.040593 
2781.471954 0.040508 
2782.436404 0.040464 
2783.400853 0.040447 
2784.365302 0.040411 
2785.329752 0.040422 
2786.294201 0.040441 
2787.258650 0.040409 
2788.223100 0.040400 
2789.187549 0.040395 
2790.151998 0.040429 
2791.116448 0.040524 
2792.080897 0.040624 
2793.045347 0.040659 
2794.009796 0.040685 
2794.974245 0.040687 
2795.938695 0.040628 
2796.903144 0.040552 
2797.867593 0.040486 
2798.832043 0.040384 
2799.796492 0.040331 
2800.760941 0.040337 
2801.725391 0.040338 
2802.689840 0.040352 
2803.654290 0.040356 
2804.618739 0.040450 
2805.583188 0.040540 
2806.547638 0.040575 
2807.512087 0.040621 
2808.476536 0.040715 
2809.440986 0.040707 
2810.405435 0.040659 
2811.369884 0.040607 
2812.334334 0.040563 
2813.298783 0.040527 
2814.263232 0.040475 
2815.227682 0.040434 
2816.192131 0.040409 
2817.156581 0.040388 
2818.121030 0.040372 
2819.085479 0.040384 
2820.049929 0.040438 
2821.014378 0.040520 
2821.978827 0.040618 
2822.943277 0.040689 
2823.907726 0.040734 
2824.872175 0.040707 
2825.836625 0.040716 
2826.801074 0.040699 
2827.765524 0.040668 
2828.729973 0.040618 
2829.694422 0.040558 
2830.658872 0.040485 
2831.623321 0.040427 
2832.587770 0.040407 
2833.552220 0.040398 
2834.516669 0.040427 
2835.481118 0.040473 
2836.445568 0.040603 
2837.410017 0.040670 
2838.374466 0.040652 
2839.338916 0.040698 
2840.303365 0.040811 
2841.267815 0.040935 
2842.232264 0.040957 
2843.196713 0.040982 
2844.161163 0.040984 
2845.125612 0.041009 
2846.090061 0.041011 
2847.054511 0.040993 
2848.018960 0.041011 
2848.983409 0.041086 
2849.947859 0.041175 
2850.912308 0.041279 
2851.876758 0.041352 
2852.841207 0.041394 
2853.805656 0.041497 
2854.770106 0.041598 
2855.734555 0.041641 
2856.699004 0.041659 
2857.663454 0.041624 
2858.627903 0.041594 
2859.592352 0.041499 
2860.556802 0.041383 
2861.521251 0.041327 
2862.485700 0.041243 
2863.450150 0.041166 
2864.414599 0.041165 
2865.379049 0.041188 
2866.343498 0.041149 
2867.307947 0.041107 
2868.272397 0.041150 
2869.236846 0.041252 
2870.201295 0.041389 
2871.165745 0.041441 
2872.130194 0.041445 
2873.094643 0.041398 
2874.059093 0.041364 
2875.023542 0.041420 
2875.987992 0.041456 
2876.952441 0.041391 
2877.916890 0.041279 
2878.881340 0.041217 
2879.845789 0.041231 
2880.810238 0.041240 
2881.774688 0.041221 
2882.739137 0.041233 
2883.703586 0.041293 
2884.668036 0.041380 
2885.632485 0.041457 
2886.596934 0.041490 
2887.561384 0.041518 
2888.525833 0.041528 
2889.490283 0.041559 
2890.454732 0.041571 
2891.419181 0.041581 
2892.383631 0.041518 
2893.348080 0.041499 
2894.312529 0.041548 
2895.276979 0.041464 
2896.241428 0.041460 
2897.205877 0.041553 
2898.170327 0.041650 
2899.134776 0.041742 
2900.099226 0.041836 
2901.063675 0.041970 
2902.028124 0.042104 
2902.992574 0.042182 
2903.957023 0.042166 
2904.921472 0.042190 
2905.885922 0.042248 
2906.850371 0.042261 
2907.814820 0.042225 
2908.779270 0.042271 
2909.743719 0.042258 
2910.708168 0.042134 
2911.672618 0.042135 
2912.637067 0.042165 
2913.601517 0.042188 
2914.565966 0.042342 
2915.530415 0.042582 
2916.494865 0.042688 
2917.459314 0.042759 
2918.423763 0.042931 
2919.388213 0.043112 
2920.352662 0.043186 
2921.317111 0.043176 
2922.281561 0.043195 
2923.246010 0.043212 
2924.210460 0.043209 
2925.174909 0.043177 
2926.139358 0.043110 
2927.103808 0.043089 
2928.068257 0.043034 
2929.032706 0.043006 
2929.997156 0.043083 
2930.961605 0.043122 
2931.926054 0.043157 
2932.890504 0.043162 
2933.854953 0.043100 
2934.819402 0.043085 
2935.783852 0.043126 
2936.748301 0.043079 
2937.712751 0.042932 
2938.677200 0.042842 
2939.641649 0.042765 
2940.606099 0.042643 
2941.570548 0.042546 
2942.534997 0.042447 
2943.499447 0.042364 
2944.463896 0.042320 
2945.428345 0.042299 
2946.392795 0.042317 
2947.357244 0.042396 
2948.321694 0.042511 
2949.286143 0.042625 
2950.250592 0.042727 
2951.215042 0.042778 
2952.179491 0.042764 
2953.143940 0.042810 
2954.108390 0.042891 
2955.072839 0.042958 
2956.037288 0.042972 
2957.001738 0.042956 
2957.966187 0.042957 
2958.930636 0.043032 
2959.895086 0.043078 
2960.859535 0.043106 
2961.823985 0.043159 
2962.788434 0.043127 
2963.752883 0.043153 
2964.717333 0.043225 
2965.681782 0.043205 
2966.646231 0.043143 
2967.610681 0.043055 
2968.575130 0.042900 
2969.539579 0.042766 
2970.504029 0.042710 
2971.468478 0.042594 
2972.432928 0.042379 
2973.397377 0.042277 
2974.361826 0.042230 
2975.326276 0.042083 
2976.290725 0.042053 
2977.255174 0.042061 
2978.219624 0.042020 
2979.184073 0.042045 
2980.148522 0.042099 
2981.112972 0.042096 
2982.077421 0.042077 
2983.041870 0.042079 
2984.006320 0.042069 
2984.970769 0.042043 
2985.935219 0.041983 
2986.899668 0.041871 
2987.864117 0.041805 
2988.828567 0.041756 
2989.793016 0.041721 
2990.757465 0.041749 
2991.721915 0.041755 
2992.686364 0.041753 
2993.650813 0.041794 
2994.615263 0.041817 
2995.579712 0.041935 
2996.544162 0.042098 
2997.508611 0.042150 
2998.473060 0.042090 
2999.437510 0.042118 
3000.401959 0.042137 
3001.366408 0.042131 
3002.330858 0.042121 
3003.295307 0.041981 
3004.259756 0.041887 
3005.224206 0.041998 
3006.188655 0.042055 
3007.153104 0.041980 
3008.117554 0.041923 
3009.082003 0.041993 
3010.046453 0.042118 
3011.010902 0.042196 
3011.975351 0.042247 
3012.939801 0.042350 
3013.904250 0.042512 
3014.868699 0.042520 
3015.833149 0.042485 
3016.797598 0.042533 
3017.762047 0.042539 
3018.726497 0.042633 
3019.690946 0.042688 
3020.655396 0.042640 
3021.619845 0.042539 
3022.584294 0.042614 
3023.548744 0.042786 
3024.513193 0.042728 
3025.477642 0.042622 
3026.442092 0.042660 
3027.406541 0.042769 
3028.370990 0.042892 
3029.335440 0.042989 
3030.299889 0.042858 
3031.264338 0.042753 
3032.228788 0.042935 
3033.193237 0.043101 
3034.157687 0.043056 
3035.122136 0.042934 
3036.086585 0.042872 
3037.051035 0.042849 
3038.015484 0.042859 
3038.979933 0.042934 
3039.944383 0.043063 
3040.908832 0.043114 
3041.873281 0.043170 
3042.837731 0.043132 
3043.802180 0.043159 
3044.766630 0.043239 
3045.731079 0.043262 
3046.695528 0.043156 
3047.659978 0.043057 
3048.624427 0.043017 
3049.588876 0.043092 
3050.553326 0.043168 
3051.517775 0.043034 
3052.482224 0.042996 
3053.446674 0.043068 
3054.411123 0.042962 
3055.375572 0.042791 
3056.340022 0.042777 
3057.304471 0.042847 
3058.268921 0.042992 
3059.233370 0.043078 
3060.197819 0.043078 
3061.162269 0.043170 
3062.126718 0.043284 
3063.091167 0.043195 
3064.055617 0.042990 
3065.020066 0.043134 
3065.984515 0.043318 
3066.948965 0.043219 
3067.913414 0.043178 
3068.877864 0.043189 
3069.842313 0.043181 
3070.806762 0.043187 
3071.771212 0.043144 
3072.735661 0.043177 
3073.700110 0.043369 
3074.664560 0.043603 
3075.629009 0.043850 
3076.593458 0.044123 
3077.557908 0.044333 
3078.522357 0.044486 
3079.486806 0.044686 
3080.451256 0.044885 
3081.415705 0.044985 
3082.380155 0.045217 
3083.344604 0.045550 
3084.309053 0.045458 
3085.273503 0.045125 
3086.237952 0.044902 
3087.202401 0.044659 
3088.166851 0.044476 
3089.131300 0.044459 
3090.095749 0.044369 
3091.060199 0.044070 
3092.024648 0.043786 
3092.989098 0.043554 
3093.953547 0.043356 
3094.917996 0.043148 
3095.882446 0.043010 
3096.846895 0.043136 
3097.811344 0.043380 
3098.775794 0.043423 
3099.740243 0.043249 
3100.704692 0.042881 
3101.669142 0.042645 
3102.633591 0.042697 
3103.598040 0.042773 
3104.562490 0.042804 
3105.526939 0.042901 
3106.491389 0.043103 
3107.455838 0.043376 
3108.420287 0.043473 
3109.384737 0.043256 
3110.349186 0.043062 
3111.313635 0.043048 
3112.278085 0.043104 
3113.242534 0.043248 
3114.206983 0.043381 
3115.171433 0.043305 
3116.135882 0.043208 
3117.100332 0.043241 
3118.064781 0.043215 
3119.029230 0.043321 
3119.993680 0.043386 
3120.958129 0.043221 
3121.922578 0.042903 
3122.887028 0.042783 
3123.851477 0.042957 
3124.815926 0.043105 
3125.780376 0.043050 
3126.744825 0.043055 
3127.709274 0.043191 
3128.673724 0.043382 
3129.638173 0.043342 
3130.602623 0.043228 
3131.567072 0.043032 
3132.531521 0.042712 
3133.495971 0.042684 
3134.460420 0.042966 
3135.424869 0.043075 
3136.389319 0.043216 
3137.353768 0.043438 
3138.318217 0.043608 
3139.282667 0.043662 
3140.247116 0.043510 
3141.211566 0.043377 
3142.176015 0.043362 
3143.140464 0.043333 
3144.104914 0.043283 
3145.069363 0.043252 
3146.033812 0.043280 
3146.998262 0.043285 
3147.962711 0.043220 
3148.927160 0.043230 
3149.891610 0.043354 
3150.856059 0.043546 
3151.820508 0.043718 
3152.784958 0.043727 
3153.749407 0.043574 
3154.713857 0.043531 
3155.678306 0.043593 
3156.642755 0.043582 
3157.607205 0.043571 
3158.571654 0.043641 
3159.536103 0.043645 
3160.500553 0.043594 
3161.465002 0.043549 
3162.429451 0.043503 
3163.393901 0.043478 
3164.358350 0.043451 
3165.322800 0.043440 
3166.287249 0.043402 
3167.251698 0.043420 
3168.216148 0.043488 
3169.180597 0.043515 
3170.145046 0.043507 
3171.109496 0.043532 
3172.073945 0.043579 
3173.038394 0.043681 
3174.002844 0.043755 
3174.967293 0.043691 
3175.931742 0.043596 
3176.896192 0.043514 
3177.860641 0.043300 
3178.825091 0.043297 
3179.789540 0.043506 
3180.753989 0.043573 
3181.718439 0.043542 
3182.682888 0.043585 
3183.647337 0.043656 
3184.611787 0.043599 
3185.576236 0.043620 
3186.540685 0.043863 
3187.505135 0.044064 
3188.469584 0.044069 
3189.434034 0.044023 
3190.398483 0.044045 
3191.362932 0.044117 
3192.327382 0.044082 
3193.291831 0.044019 
3194.256280 0.043991 
3195.220730 0.043876 
3196.185179 0.043699 
3197.149628 0.043657 
3198.114078 0.043783 
3199.078527 0.043953 
3200.042976 0.044082 
3201.007426 0.044210 
3201.971875 0.044290 
3202.936325 0.044307 
3203.900774 0.044413 
3204.865223 0.044512 
3205.829673 0.044513 
3206.794122 0.044453 
3207.758571 0.044367 
3208.723021 0.044279 
3209.687470 0.044156 
3210.651919 0.044151 
3211.616369 0.044287 
3212.580818 0.044319 
3213.545268 0.044180 
3214.509717 0.044102 
3215.474166 0.044255 
3216.438616 0.044381 
3217.403065 0.044455 
3218.367514 0.044472 
3219.331964 0.044386 
3220.296413 0.044446 
3221.260862 0.044589 
3222.225312 0.044621 
3223.189761 0.044625 
3224.154210 0.044620 
3225.118660 0.044553 
3226.083109 0.044506 
3227.047559 0.044485 
3228.012008 0.044441 
3228.976457 0.044407 
3229.940907 0.044449 
3230.905356 0.044551 
3231.869805 0.044574 
3232.834255 0.044571 
3233.798704 0.044574 
3234.763153 0.044661 
3235.727603 0.044679 
3236.692052 0.044707 
3237.656502 0.044824 
3238.620951 0.044860 
3239.585400 0.044782 
3240.549850 0.044739 
3241.514299 0.044742 
3242.478748 0.044701 
3243.443198 0.044654 
3244.407647 0.044500 
3245.372096 0.044413 
3246.336546 0.044654 
3247.300995 0.044792 
3248.265444 0.044824 
3249.229894 0.044907 
3250.194343 0.045039 
3251.158793 0.045117 
3252.123242 0.045152 
3253.087691 0.045058 
3254.052141 0.044935 
3255.016590 0.044939 
3255.981039 0.044977 
3256.945489 0.044935 
3257.909938 0.044947 
3258.874387 0.044913 
3259.838837 0.044866 
3260.803286 0.044892 
3261.767736 0.045045 
3262.732185 0.045128 
3263.696634 0.045205 
3264.661084 0.045277 
3265.625533 0.045355 
3266.589982 0.045375 
3267.554432 0.045300 
3268.518881 0.045303 
3269.483330 0.045343 
3270.447780 0.045297 
3271.412229 0.045220 
3272.376678 0.045187 
3273.341128 0.045135 
3274.305577 0.045141 
3275.270027 0.045189 
3276.234476 0.045150 
3277.198925 0.045253 
3278.163375 0.045400 
3279.127824 0.045443 
3280.092273 0.045448 
3281.056723 0.045448 
3282.021172 0.045496 
3282.985621 0.045508 
3283.950071 0.045584 
3284.914520 0.045662 
3285.878970 0.045662 
3286.843419 0.045662 
3287.807868 0.045688 
3288.772318 0.045648 
3289.736767 0.045636 
3290.701216 0.045542 
3291.665666 0.045336 
3292.630115 0.045376 
3293.594564 0.045575 
3294.559014 0.045724 
3295.523463 0.045829 
3296.487912 0.045847 
3297.452362 0.045787 
3298.416811 0.045903 
3299.381261 0.046051 
3300.345710 0.046103 
3301.310159 0.046138 
3302.274609 0.046073 
3303.239058 0.045999 
3304.203507 0.046002 
3305.167957 0.045993 
3306.132406 0.045915 
3307.096855 0.045801 
3308.061305 0.045671 
3309.025754 0.045660 
3309.990204 0.045883 
3310.954653 0.046091 
3311.919102 0.046176 
3312.883552 0.046205 
3313.848001 0.046284 
3314.812450 0.046385 
3315.776900 0.046396 
3316.741349 0.046434 
3317.705798 0.046498 
3318.670248 0.046505 
3319.634697 0.046438 
3320.599146 0.046379 
3321.563596 0.046400 
3322.528045 0.046392 
3323.492495 0.046398 
3324.456944 0.046361 
3325.421393 0.046299 
3326.385843 0.046369 
3327.350292 0.046466 
3328.314741 0.046577 
3329.279191 0.046698 
3330.243640 0.046773 
3331.208089 0.046783 
3332.172539 0.046793 
3333.136988 0.046814 
3334.101438 0.046865 
3335.065887 0.046873 
3336.030336 0.046683 
3336.994786 0.046569 
3337.959235 0.046584 
3338.923684 0.046594 
3339.888134 0.046659 
3340.852583 0.046775 
3341.817032 0.046836 
3342.781482 0.046840 
3343.745931 0.046885 
3344.710380 0.046987 
3345.674830 0.047101 
3346.639279 0.047247 
3347.603729 0.047325 
3348.568178 0.047308 
3349.532627 0.047287 
3350.497077 0.047270 
3351.461526 0.047217 
3352.425975 0.047156 
3353.390425 0.047203 
3354.354874 0.047283 
3355.319323 0.047175 
3356.283773 0.047131 
3357.248222 0.047206 
3358.212672 0.047290 
3359.177121 0.047398 
3360.141570 0.047445 
3361.106020 0.047471 
3362.070469 0.047555 
3363.034918 0.047657 
3363.999368 0.047560 
3364.963817 0.047436 
3365.928266 0.047441 
3366.892716 0.047509 
3367.857165 0.047570 
3368.821614 0.047590 
3369.786064 0.047652 
3370.750513 0.047754 
3371.714963 0.047773 
3372.679412 0.047821 
3373.643861 0.047985 
3374.608311 0.048142 
3375.572760 0.048238 
3376.537209 0.048280 
3377.501659 0.048325 
3378.466108 0.048340 
3379.430557 0.048339 
3380.395007 0.048346 
3381.359456 0.048432 
3382.323906 0.048445 
3383.288355 0.048353 
3384.252804 0.048297 
3385.217254 0.048352 
3386.181703 0.048448 
3387.146152 0.048532 
3388.110602 0.048636 
3389.075051 0.048719 
3390.039500 0.048710 
3391.003950 0.048719 
3391.968399 0.048706 
3392.932848 0.048759 
3393.897298 0.049014 
3394.861747 0.049206 
3395.826197 0.049235 
3396.790646 0.049182 
3397.755095 0.049105 
3398.719545 0.049176 
3399.683994 0.049236 
3400.648443 0.049263 
3401.612893 0.049277 
3402.577342 0.049339 
3403.541791 0.049453 
3404.506241 0.049590 
3405.470690 0.049661 
3406.435140 0.049724 
3407.399589 0.049837 
3408.364038 0.049895 
3409.328488 0.049965 
3410.292937 0.050152 
3411.257386 0.050258 
3412.221836 0.050165 
3413.186285 0.050205 
3414.150734 0.050415 
3415.115184 0.050541 
3416.079633 0.050503 
3417.044082 0.050506 
3418.008532 0.050546 
3418.972981 0.050405 
3419.937431 0.050271 
3420.901880 0.050326 
3421.866329 0.050468 
3422.830779 0.050763 
3423.795228 0.051183 
3424.759677 0.051269 
3425.724127 0.051276 
3426.688576 0.051424 
3427.653025 0.051527 
3428.617475 0.051572 
3429.581924 0.051676 
3430.546374 0.051675 
3431.510823 0.051779 
3432.475272 0.051967 
3433.439722 0.051978 
3434.404171 0.051970 
3435.368620 0.052069 
3436.333070 0.052176 
3437.297519 0.052274 
3438.261968 0.052448 
3439.226418 0.052564 
3440.190867 0.052616 
3441.155316 0.052608 
3442.119766 0.052458 
3443.084215 0.052490 
3444.048665 0.052775 
3445.013114 0.052843 
3445.977563 0.052490 
3446.942013 0.051987 
3447.906462 0.052144 
3448.870911 0.052780 
3449.835361 0.053046 
3450.799810 0.053119 
3451.764259 0.053158 
3452.728709 0.053254 
3453.693158 0.053352 
3454.657608 0.053373 
3455.622057 0.053368 
3456.586506 0.053494 
3457.550956 0.053619 
3458.515405 0.053666 
3459.479854 0.053519 
3460.444304 0.053329 
3461.408753 0.053284 
3462.373202 0.053285 
3463.337652 0.053371 
3464.302101 0.053471 
3465.266550 0.053470 
3466.231000 0.053328 
3467.195449 0.053352 
3468.159899 0.053599 
3469.124348 0.053710 
3470.088797 0.053732 
3471.053247 0.053841 
3472.017696 0.053907 
3472.982145 0.053955 
3473.946595 0.053912 
3474.911044 0.053715 
3475.875493 0.053807 
3476.839943 0.054011 
3477.804392 0.053948 
3478.768842 0.053758 
3479.733291 0.053583 
3480.697740 0.053376 
3481.662190 0.053067 
3482.626639 0.053064 
3483.591088 0.053436 
3484.555538 0.053632 
3485.519987 0.053685 
3486.484436 0.053599 
3487.448886 0.053295 
3488.413335 0.053228 
3489.377784 0.053530 
3490.342234 0.053725 
3491.306683 0.053655 
3492.271133 0.053495 
3493.235582 0.053392 
3494.200031 0.053255 
3495.164481 0.053014 
3496.128930 0.052687 
3497.093379 0.052585 
3498.057829 0.052815 
3499.022278 0.052953 
3499.986727 0.052943 
3500.951177 0.052785 
3501.915626 0.052244 
3502.880076 0.051438 
3503.844525 0.051378 
3504.808974 0.052029 
3505.773424 0.052504 
3506.737873 0.052654 
3507.702322 0.052554 
3508.666772 0.052056 
3509.631221 0.051699 
3510.595670 0.051976 
3511.560120 0.052194 
3512.524569 0.052188 
3513.489018 0.052149 
3514.453468 0.052189 
3515.417917 0.052171 
3516.382367 0.052103 
3517.346816 0.051942 
3518.311265 0.051786 
3519.275715 0.051809 
3520.240164 0.051974 
3521.204613 0.051787 
3522.169063 0.051151 
3523.133512 0.050768 
3524.097961 0.051024 
3525.062411 0.051296 
3526.026860 0.051176 
3526.991310 0.050592 
3527.955759 0.050211 
3528.920208 0.050315 
3529.884658 0.050725 
3530.849107 0.051105 
3531.813556 0.051367 
3532.778006 0.051639 
3533.742455 0.051764 
3534.706904 0.051595 
3535.671354 0.051205 
3536.635803 0.051011 
3537.600252 0.051340 
3538.564702 0.051586 
3539.529151 0.051522 
3540.493601 0.051400 
3541.458050 0.051125 
3542.422499 0.050633 
3543.386949 0.050086 
3544.351398 0.049699 
3545.315847 0.049585 
3546.280297 0.049806 
3547.244746 0.050120 
3548.209195 0.050404 
3549.173645 0.050772 
3550.138094 0.050798 
3551.102544 0.050264 
3552.066993 0.049636 
3553.031442 0.049967 
3553.995892 0.050783 
3554.960341 0.051156 
3555.924790 0.051094 
3556.889240 0.050814 
3557.853689 0.050768 
3558.818138 0.050715 
3559.782588 0.050459 
3560.747037 0.050197 
3561.711486 0.050074 
3562.675936 0.049732 
3563.640385 0.049187 
3564.604835 0.048829 
3565.569284 0.047845 
3566.533733 0.046407 
3567.498183 0.046819 
3568.462632 0.048217 
3569.427081 0.049567 
3570.391531 0.050245 
3571.355980 0.050464 
3572.320429 0.050612 
3573.284879 0.050350 
3574.249328 0.049899 
3575.213778 0.049760 
3576.178227 0.049708 
3577.142676 0.049586 
3578.107126 0.049780 
3579.071575 0.049783 
3580.036024 0.049695 
3581.000474 0.049909 
3581.964923 0.049883 
3582.929372 0.049462 
3583.893822 0.049135 
3584.858271 0.048883 
3585.822720 0.047838 
3586.787170 0.046162 
3587.751619 0.045962 
3588.716069 0.047369 
3589.680518 0.048597 
3590.644967 0.049205 
3591.609417 0.049011 
3592.573866 0.048239 
3593.538315 0.047597 
3594.502765 0.047439 
3595.467214 0.047262 
3596.431663 0.047616 
3597.396113 0.047808 
3598.360562 0.047286 
3599.325012 0.046947 
3600.289461 0.046710 
3601.253910 0.046773 
3602.218360 0.047505 
3603.182809 0.047941 
3604.147258 0.048164 
3605.111708 0.048038 
3606.076157 0.047037 
3607.040606 0.045752 
3608.005056 0.045512 
3608.969505 0.045848 
3609.933954 0.046566 
3610.898404 0.046942 
3611.862853 0.046010 
3612.827303 0.044724 
3613.791752 0.044834 
3614.756201 0.045158 
3615.720651 0.045873 
3616.685100 0.046185 
3617.649549 0.044780 
3618.613999 0.043385 
3619.578448 0.043559 
3620.542897 0.044544 
3621.507347 0.045967 
3622.471796 0.046937 
3623.436246 0.047145 
3624.400695 0.046942 
3625.365144 0.046384 
3626.329594 0.045460 
3627.294043 0.043992 
3628.258492 0.041213 
3629.222942 0.039577 
3630.187391 0.043063 
3631.151840 0.045475 
3632.116290 0.046334 
3633.080739 0.045847 
3634.045188 0.045417 
3635.009638 0.046389 
3635.974087 0.047266 
3636.938537 0.047009 
3637.902986 0.046349 
3638.867435 0.046549 
3639.831885 0.047172 
3640.796334 0.047111 
3641.760783 0.046596 
3642.725233 0.046362 
3643.689682 0.046658 
3644.654131 0.046448 
3645.618581 0.044927 
3646.583030 0.041810 
3647.547480 0.038943 
3648.511929 0.038783 
3649.476378 0.038007 
3650.440828 0.037391 
3651.405277 0.040794 
3652.369726 0.044856 
3653.334176 0.046452 
3654.298625 0.046336 
3655.263074 0.044998 
3656.227524 0.043509 
3657.191973 0.044725 
3658.156422 0.046343 
3659.120872 0.046840 
3660.085321 0.046864 
3661.049771 0.047085 
3662.014220 0.047352 
3662.978669 0.047466 
3663.943119 0.047448 
3664.907568 0.047305 
3665.872017 0.047059 
3666.836467 0.046562 
3667.800916 0.044980 
3668.765365 0.042157 
3669.729815 0.039868 
3670.694264 0.040261 
3671.658714 0.043161 
3672.623163 0.044848 
3673.587612 0.043632 
3674.552062 0.038768 
3675.516511 0.033697 
3676.480960 0.039321 
3677.445410 0.043274 
3678.409859 0.044506 
3679.374308 0.044357 
3680.338758 0.045125 
3681.303207 0.046631 
3682.267656 0.047287 
3683.232106 0.047051 
3684.196555 0.046644 
3685.161005 0.046473 
3686.125454 0.046060 
3687.089903 0.044207 
3688.054353 0.040948 
3689.018802 0.039780 
3689.983251 0.040655 
3690.947701 0.040742 
3691.912150 0.043264 
3692.876599 0.045892 
3693.841049 0.046849 
3694.805498 0.047128 
3695.769948 0.047068 
3696.734397 0.047137 
3697.698846 0.047520 
3698.663296 0.047717 
3699.627745 0.047365 
3700.592194 0.046044 
3701.556644 0.044247 
3702.521093 0.044731 
3703.485542 0.046702 
3704.449992 0.047448 
3705.414441 0.047267 
3706.378890 0.047235 
3707.343340 0.047065 
3708.307789 0.045590 
3709.272239 0.043222 
3710.236688 0.042249 
3711.201137 0.041416 
3712.165587 0.040723 
3713.130036 0.043898 
3714.094485 0.046370 
3715.058935 0.047432 
3716.023384 0.047722 
3716.987833 0.047523 
3717.952283 0.046780 
3718.916732 0.045959 
3719.881182 0.046158 
3720.845631 0.046011 
3721.810080 0.044231 
3722.774530 0.043765 
3723.738979 0.045169 
3724.703428 0.045367 
3725.667878 0.044687 
3726.632327 0.044609 
3727.596776 0.045507 
3728.561226 0.046456 
3729.525675 0.046470 
3730.490124 0.045204 
3731.454574 0.042791 
3732.419023 0.041195 
3733.383473 0.041545 
3734.347922 0.040609 
3735.312371 0.038309 
3736.276821 0.039846 
3737.241270 0.041889 
3738.205719 0.042978 
3739.170169 0.044269 
3740.134618 0.044787 
3741.099067 0.044076 
3742.063517 0.044074 
3743.027966 0.043429 
3743.992416 0.040816 
3744.956865 0.039956 
3745.921314 0.042271 
3746.885764 0.042948 
3747.850213 0.042108 
3748.814662 0.040026 
3749.779112 0.038529 
3750.743561 0.038315 
3751.708010 0.038039 
3752.672460 0.040339 
3753.636909 0.043835 
3754.601358 0.045577 
3755.565808 0.045647 
3756.530257 0.044786 
3757.494707 0.044986 
3758.459156 0.044680 
3759.423605 0.043049 
3760.388055 0.043902 
3761.352504 0.046398 
3762.316953 0.047316 
3763.281403 0.047294 
3764.245852 0.046622 
3765.210301 0.045446 
3766.174751 0.045253 
3767.139200 0.046502 
3768.103650 0.046645 
3769.068099 0.045042 
3770.032548 0.043727 
3770.996998 0.045539 
3771.961447 0.047380 
3772.925896 0.048053 
3773.890346 0.048324 
3774.854795 0.048350 
3775.819244 0.048231 
3776.783694 0.047863 
3777.748143 0.046892 
3778.712592 0.045152 
3779.677042 0.044223 
3780.641491 0.046046 
3781.605941 0.047681 
3782.570390 0.047937 
3783.534839 0.047335 
3784.499289 0.046095 
3785.463738 0.046109 
3786.428187 0.047537 
3787.392637 0.048391 
3788.357086 0.048473 
3789.321535 0.048404 
3790.285985 0.048358 
3791.250434 0.048420 
3792.214884 0.048463 
3793.179333 0.048412 
3794.143782 0.047905 
3795.108232 0.046589 
3796.072681 0.044645 
3797.037130 0.044209 
3798.001580 0.045735 
3798.966029 0.046134 
3799.930478 0.044178 
3800.894928 0.040526 
3801.859377 0.039242 
3802.823826 0.042616 
3803.788276 0.045584 
3804.752725 0.046664 
3805.717175 0.045414 
3806.681624 0.042978 
3807.646073 0.043767 
3808.610523 0.046520 
3809.574972 0.047825 
3810.539421 0.047996 
3811.503871 0.047998 
3812.468320 0.047993 
3813.432769 0.047623 
3814.397219 0.046094 
3815.361668 0.043221 
3816.326118 0.041548 
3817.290567 0.044172 
3818.255016 0.045638 
3819.219466 0.044617 
3820.183915 0.041139 
3821.148364 0.037947 
3822.112814 0.041594 
3823.077263 0.045059 
3824.041712 0.046540 
3825.006162 0.046747 
3825.970611 0.045876 
3826.935060 0.044987 
3827.899510 0.045933 
3828.863959 0.047142 
3829.828409 0.047007 
3830.792858 0.045590 
3831.757307 0.044458 
3832.721757 0.045618 
3833.686206 0.046058 
3834.650655 0.044817 
3835.615105 0.043971 
3836.579554 0.043539 
3837.544003 0.042029 
3838.508453 0.041551 
3839.472902 0.042460 
3840.437352 0.042800 
3841.401801 0.044492 
3842.366250 0.045788 
3843.330700 0.045408 
3844.295149 0.045542 
3845.259598 0.047129 
3846.224048 0.047932 
3847.188497 0.048058 
3848.152946 0.047850 
3849.117396 0.046888 
3850.081845 0.045741 
3851.046294 0.044203 
3852.010744 0.040891 
3852.975193 0.036967 
3853.939643 0.038729 
3854.904092 0.043621 
3855.868541 0.045107 
3856.832991 0.045770 
3857.797440 0.046561 
3858.761889 0.047721 
3859.726339 0.048038 
3860.690788 0.047422 
3861.655237 0.046282 
3862.619687 0.045636 
3863.584136 0.044944 
3864.548586 0.043520 
3865.513035 0.044345 
3866.477484 0.046696 
3867.441934 0.047413 
3868.406383 0.045966 
3869.370832 0.042979 
3870.335282 0.042642 
3871.299731 0.045650 
3872.264180 0.047029 
3873.228630 0.046181 
3874.193079 0.044767 
3875.157528 0.046464 
3876.121978 0.048251 
3877.086427 0.048681 
3878.050877 0.048437 
3879.015326 0.047249 
3879.979775 0.045159 
3880.944225 0.045003 
3881.908674 0.047032 
3882.873123 0.047739 
3883.837573 0.047316 
3884.802022 0.046320 
3885.766471 0.045651 
3886.730921 0.047118 
3887.695370 0.048517 
3888.659820 0.048723 
3889.624269 0.048015 
3890.588718 0.046641 
3891.553168 0.045588 
3892.517617 0.046637 
3893.482066 0.048073 
3894.446516 0.048708 
3895.410965 0.049115 
3896.375414 0.049083 
3897.339864 0.048328 
3898.304313 0.046856 
3899.268762 0.046082 
3900.233212 0.046414 
3901.197661 0.046449 
3902.162111 0.045978 
3903.126560 0.045867 
3904.091009 0.046066 
3905.055459 0.046186 
3906.019908 0.047135 
3906.984357 0.048553 
3907.948807 0.049429 
3908.913256 0.049607 
3909.877705 0.049584 
3910.842155 0.049554 
3911.806604 0.049707 
3912.771054 0.049776 
3913.735503 0.049681 
3914.699952 0.049424 
3915.664402 0.048843 
3916.628851 0.048264 
3917.593300 0.048470 
3918.557750 0.048853 
3919.522199 0.048782 
3920.486648 0.048775 
3921.451098 0.049269 
3922.415547 0.049377 
3923.379996 0.048740 
3924.344446 0.048096 
3925.308895 0.048252 
3926.273345 0.049108 
3927.237794 0.049616 
3928.202243 0.049293 
3929.166693 0.048625 
3930.131142 0.048479 
3931.095591 0.048636 
3932.060041 0.048513 
3933.024490 0.048733 
3933.988939 0.049355 
3934.953389 0.049658 
3935.917838 0.049815 
3936.882288 0.049878 
3937.846737 0.049822 
3938.811186 0.049760 
3939.775636 0.049761 
3940.740085 0.049593 
3941.704534 0.048956 
3942.668984 0.048495 
3943.633433 0.048939 
3944.597882 0.049648 
3945.562332 0.049954 
3946.526781 0.049907 
3947.491230 0.049601 
3948.455680 0.049480 
3949.420129 0.049354 
3950.384579 0.049222 
3951.349028 0.049463 
3952.313477 0.049573 
3953.277927 0.049406 
3954.242376 0.049569 
3955.206825 0.049754 
3956.171275 0.049751 
3957.135724 0.049718 
3958.100173 0.049749 
3959.064623 0.049804 
3960.029072 0.049842 
3960.993522 0.049783 
3961.957971 0.049810 
3962.922420 0.049914 
3963.886870 0.050057 
3964.851319 0.050056 
3965.815768 0.050057 
3966.780218 0.050022 
3967.744667 0.050006 
3968.709116 0.049922 
3969.673566 0.049889 
3970.638015 0.049976 
3971.602464 0.049920 
3972.566914 0.049778 
3973.531363 0.049722 
3974.495813 0.049701 
3975.460262 0.049835 
3976.424711 0.049903 
3977.389161 0.050037 
3978.353610 0.050089 
3979.318059 0.050116 
3980.282509 0.050101 
3981.246958 0.050038 
3982.211407 0.050026 
3983.175857 0.050040 
3984.140306 0.050108 
3985.104756 0.050093 
3986.069205 0.050069 
3987.033654 0.050009 
3987.998104 0.050038 
3988.962553 0.050105 
3989.927002 0.050075 
3990.891452 0.050072 
3991.855901 0.050160 
3992.820350 0.050211 
3993.784800 0.050187 
3994.749249 0.050222 
3995.713698 0.050196 
3996.678148 0.050205 
3997.642597 0.050286 
3998.607047 0.050298 
3999.571496 0.050239 
4000.535945 0.050268 
